split,date,symbol,venue,side,offset_seconds,rows,mean_return_bps,std_return_bps
train,2025-12-01,btcusdt,binance,buy,-300,963,-22.024112948906424,26.12326176182061
train,2025-12-01,btcusdt,binance,sell,-300,1909,28.057268015357774,25.54477775519035
train,2025-12-01,btcusdt,binance,buy,-120,963,-18.988075813290337,16.390761452201367
train,2025-12-01,btcusdt,binance,sell,-120,1948,17.96597511333141,14.818049152099178
train,2025-12-01,btcusdt,binance,buy,-60,963,-15.422622195718274,12.44384252736339
train,2025-12-01,btcusdt,binance,sell,-60,1952,12.740831745106547,11.019440040557509
train,2025-12-01,btcusdt,binance,buy,-30,963,-11.347142612275125,9.236859448892078
train,2025-12-01,btcusdt,binance,sell,-30,1952,9.470875972982972,8.991388342794785
train,2025-12-01,btcusdt,binance,buy,-10,963,-6.17698270034122,5.932595500258372
train,2025-12-01,btcusdt,binance,sell,-10,1956,5.116088230480411,6.081107230651129
train,2025-12-01,btcusdt,binance,buy,-5,963,-3.8610009053575323,4.100131528968939
train,2025-12-01,btcusdt,binance,sell,-5,1958,3.1520470893215817,4.67854368055991
train,2025-12-01,btcusdt,binance,buy,-1,963,-0.44372170521308174,1.777578904497149
train,2025-12-01,btcusdt,binance,sell,-1,1959,0.23536197130158287,1.977221988850992
train,2025-12-01,btcusdt,binance,buy,0,963,0.0,0.0
train,2025-12-01,btcusdt,binance,sell,0,1959,0.0,0.0
train,2025-12-01,btcusdt,binance,buy,1,963,0.0643064301802833,1.5120554892360596
train,2025-12-01,btcusdt,binance,sell,1,1959,0.06384644381771572,1.8286171294050417
train,2025-12-01,btcusdt,binance,buy,5,963,0.06953622251912184,4.068105575036891
train,2025-12-01,btcusdt,binance,sell,5,1959,0.13336648633626624,4.844158434463349
train,2025-12-01,btcusdt,binance,buy,10,963,-0.005458076176148732,5.580777917955412
train,2025-12-01,btcusdt,binance,sell,10,1959,0.1421958964915642,5.839583190158251
train,2025-12-01,btcusdt,binance,buy,30,963,-0.1295848503367728,8.612413716549465
train,2025-12-01,btcusdt,binance,sell,30,1959,0.19565358376659833,8.834460194609147
train,2025-12-01,btcusdt,binance,buy,60,963,-0.41148601079310865,11.26139764680782
train,2025-12-01,btcusdt,binance,sell,60,1959,-0.7068717405951916,12.252758294046181
train,2025-12-01,btcusdt,binance,buy,120,963,-0.6427221945989553,16.363999918840506
train,2025-12-01,btcusdt,binance,sell,120,1959,-1.5035602090938134,16.921411368190988
train,2025-12-01,btcusdt,binance,buy,300,963,-1.1255090546747561,23.324977822567238
train,2025-12-01,btcusdt,binance,sell,300,1959,-5.877577225575228,27.37918344450354
train,2025-12-01,btcusdt,bybit,buy,-300,1015,-34.88627435469712,26.464449158496848
train,2025-12-01,btcusdt,bybit,sell,-300,5508,48.077822401625106,29.046260905833332
train,2025-12-01,btcusdt,bybit,buy,-120,1016,-25.257178697477688,18.27057154192644
train,2025-12-01,btcusdt,bybit,sell,-120,6014,30.998257237685458,19.215457372954187
train,2025-12-01,btcusdt,bybit,buy,-60,1016,-19.22437613793453,14.583882229668296
train,2025-12-01,btcusdt,bybit,sell,-60,6014,24.315868830943355,16.668701943552705
train,2025-12-01,btcusdt,bybit,buy,-30,1016,-13.7603274403753,11.027449288277207
train,2025-12-01,btcusdt,bybit,sell,-30,6014,19.24632347265319,15.092281980861856
train,2025-12-01,btcusdt,bybit,buy,-10,1016,-8.678199396735131,7.773104294260382
train,2025-12-01,btcusdt,bybit,sell,-10,6017,13.583564907659175,14.03416250659457
train,2025-12-01,btcusdt,bybit,buy,-5,1016,-6.234631919616708,6.109132407663466
train,2025-12-01,btcusdt,bybit,sell,-5,6024,10.723811033240803,12.79841250899962
train,2025-12-01,btcusdt,bybit,buy,-1,1016,-0.9692342180787228,2.3341703322652227
train,2025-12-01,btcusdt,bybit,sell,-1,6026,1.746131585384238,5.0024051120134025
train,2025-12-01,btcusdt,bybit,buy,0,1016,0.0,0.0
train,2025-12-01,btcusdt,bybit,sell,0,6026,0.0,0.0
train,2025-12-01,btcusdt,bybit,buy,1,1016,0.38600525857757073,2.15069840531064
train,2025-12-01,btcusdt,bybit,sell,1,6026,-0.36209932645309,4.316620232080865
train,2025-12-01,btcusdt,bybit,buy,5,1016,0.419863212156146,5.175333113446287
train,2025-12-01,btcusdt,bybit,sell,5,6026,1.2589910105506017,9.401383464746466
train,2025-12-01,btcusdt,bybit,buy,10,1016,-0.016549809100631113,6.36654208778289
train,2025-12-01,btcusdt,bybit,sell,10,6026,1.4868376977203266,8.304218913637571
train,2025-12-01,btcusdt,bybit,buy,30,1016,0.08457335861224423,9.575397432960097
train,2025-12-01,btcusdt,bybit,sell,30,6026,2.188793884406379,12.548771516007475
train,2025-12-01,btcusdt,bybit,buy,60,1016,-0.4326449087928875,11.168255791721831
train,2025-12-01,btcusdt,bybit,sell,60,6026,0.11357279585142677,16.046965033969798
train,2025-12-01,btcusdt,bybit,buy,120,1016,2.0867742716944337,17.42608020082479
train,2025-12-01,btcusdt,bybit,sell,120,6026,-0.19928219302270278,22.698677728729788
train,2025-12-01,btcusdt,bybit,buy,300,1016,-0.4556057351493274,21.794505430614475
train,2025-12-01,btcusdt,bybit,sell,300,6026,-7.1308631032309115,36.15649903458506
train,2025-12-02,btcusdt,binance,buy,-300,1094,-31.81295360077116,23.672024231285086
train,2025-12-02,btcusdt,binance,sell,-300,551,16.63723717389749,18.2062513622338
train,2025-12-02,btcusdt,binance,buy,-120,1094,-21.85082020994299,17.019438629227956
train,2025-12-02,btcusdt,binance,sell,-120,551,15.061628589505304,12.488263039361991
train,2025-12-02,btcusdt,binance,buy,-60,1094,-16.859386565211935,12.43640982882744
train,2025-12-02,btcusdt,binance,sell,-60,551,11.57813802473825,9.469186939181178
train,2025-12-02,btcusdt,binance,buy,-30,1094,-12.055451764817786,10.033609335584735
train,2025-12-02,btcusdt,binance,sell,-30,551,8.02376837240859,6.556954749887525
train,2025-12-02,btcusdt,binance,buy,-10,1094,-6.862588407364752,6.429002332989856
train,2025-12-02,btcusdt,binance,sell,-10,551,4.182003851656981,3.9719677416753156
train,2025-12-02,btcusdt,binance,buy,-5,1094,-4.209241119113619,4.532278445502034
train,2025-12-02,btcusdt,binance,sell,-5,551,2.669168128075154,3.265748921336724
train,2025-12-02,btcusdt,binance,buy,-1,1094,-0.5856612738870095,2.155872345054025
train,2025-12-02,btcusdt,binance,sell,-1,551,0.11682828012069209,1.507587831572806
train,2025-12-02,btcusdt,binance,buy,0,1094,0.0,0.0
train,2025-12-02,btcusdt,binance,sell,0,551,0.0,0.0
train,2025-12-02,btcusdt,binance,buy,1,1094,0.22652433606998806,2.039557003727599
train,2025-12-02,btcusdt,binance,sell,1,551,0.07404494179145454,1.287159836118414
train,2025-12-02,btcusdt,binance,buy,5,1094,0.5987053822700849,4.799991608846749
train,2025-12-02,btcusdt,binance,sell,5,551,0.39137759554565754,2.7306944027331985
train,2025-12-02,btcusdt,binance,buy,10,1094,0.5816954494275619,6.731727523391498
train,2025-12-02,btcusdt,binance,sell,10,551,0.3536703618893083,3.7523330163082833
train,2025-12-02,btcusdt,binance,buy,30,1094,0.6405362714824159,9.843144906629183
train,2025-12-02,btcusdt,binance,sell,30,551,0.6979992831223794,5.660871030252551
train,2025-12-02,btcusdt,binance,buy,60,1094,0.2691503844308708,13.438437104943127
train,2025-12-02,btcusdt,binance,sell,60,551,1.2496993629366195,8.008251693027042
train,2025-12-02,btcusdt,binance,buy,120,1094,0.017268070431208333,15.730364407601776
train,2025-12-02,btcusdt,binance,sell,120,551,2.5543167132500493,9.95254888413239
train,2025-12-02,btcusdt,binance,buy,300,1094,3.67867680006372,23.403376580471132
train,2025-12-02,btcusdt,binance,sell,300,551,3.3615179367801398,16.05223091307759
train,2025-12-02,btcusdt,bybit,buy,-300,2629,-48.13139370450907,21.204487288668616
train,2025-12-02,btcusdt,bybit,sell,-300,396,22.106211239976396,18.477171617436877
train,2025-12-02,btcusdt,bybit,buy,-120,2629,-33.98500714957822,18.309966396661157
train,2025-12-02,btcusdt,bybit,sell,-120,396,17.879007647634353,14.39545543216358
train,2025-12-02,btcusdt,bybit,buy,-60,2629,-27.53772354740101,15.030487515455643
train,2025-12-02,btcusdt,bybit,sell,-60,396,13.957778516377294,11.689891051527718
train,2025-12-02,btcusdt,bybit,buy,-30,2629,-20.975439321397474,12.374298308205347
train,2025-12-02,btcusdt,bybit,sell,-30,396,9.35899349671133,8.899344440256586
train,2025-12-02,btcusdt,bybit,buy,-10,2629,-13.854267724828754,8.677514061574017
train,2025-12-02,btcusdt,bybit,sell,-10,396,5.923504924547913,6.747977322844137
train,2025-12-02,btcusdt,bybit,buy,-5,2629,-9.40559132328592,5.928915438443834
train,2025-12-02,btcusdt,bybit,sell,-5,396,4.612025916691328,6.3231972756537385
train,2025-12-02,btcusdt,bybit,buy,-1,2629,-1.6551337033703226,3.6859025336206175
train,2025-12-02,btcusdt,bybit,sell,-1,396,0.5525482210787321,3.7102573212548946
train,2025-12-02,btcusdt,bybit,buy,0,2629,0.0,0.0
train,2025-12-02,btcusdt,bybit,sell,0,396,0.0,0.0
train,2025-12-02,btcusdt,bybit,buy,1,2629,0.3068602676388438,3.154527675968416
train,2025-12-02,btcusdt,bybit,sell,1,396,0.29229761439696034,1.8853584838533421
train,2025-12-02,btcusdt,bybit,buy,5,2629,1.739860334477547,6.964713424860717
train,2025-12-02,btcusdt,bybit,sell,5,396,0.8818396107351892,3.750977735586808
train,2025-12-02,btcusdt,bybit,buy,10,2629,1.963165423037455,9.65338854464459
train,2025-12-02,btcusdt,bybit,sell,10,396,0.7347917707351317,5.25570487906332
train,2025-12-02,btcusdt,bybit,buy,30,2629,0.7212718135761,12.961513435870941
train,2025-12-02,btcusdt,bybit,sell,30,396,1.4276178050793145,6.4523254250498665
train,2025-12-02,btcusdt,bybit,buy,60,2629,1.2789944149127663,18.34874948880901
train,2025-12-02,btcusdt,bybit,sell,60,396,2.048900940358111,9.078149503355354
train,2025-12-02,btcusdt,bybit,buy,120,2629,-2.0136382054969366,16.07869326970038
train,2025-12-02,btcusdt,bybit,sell,120,396,3.3857274604046985,10.099901593093922
train,2025-12-02,btcusdt,bybit,buy,300,2629,1.4692914983790075,23.734541345044423
train,2025-12-02,btcusdt,bybit,sell,300,396,1.3615614880927132,15.93748074444568
train,2025-12-03,btcusdt,binance,buy,-300,1126,-22.864466538991852,26.568364643063322
train,2025-12-03,btcusdt,binance,sell,-300,641,27.41572313156528,31.334734723831726
train,2025-12-03,btcusdt,binance,buy,-120,1126,-17.509701186148227,15.667140232713919
train,2025-12-03,btcusdt,binance,sell,-120,641,22.77143496116205,21.316915336787552
train,2025-12-03,btcusdt,binance,buy,-60,1126,-12.60580910181374,10.319889814147407
train,2025-12-03,btcusdt,binance,sell,-60,641,16.459731619361687,14.802690945305116
train,2025-12-03,btcusdt,binance,buy,-30,1126,-9.580710297862334,8.595116139156076
train,2025-12-03,btcusdt,binance,sell,-30,641,11.469562532774138,9.99168734862781
train,2025-12-03,btcusdt,binance,buy,-10,1126,-5.310786654905523,5.106080666685951
train,2025-12-03,btcusdt,binance,sell,-10,641,5.978248941209228,6.467997159851652
train,2025-12-03,btcusdt,binance,buy,-5,1126,-3.3856343256933776,3.624891898668775
train,2025-12-03,btcusdt,binance,sell,-5,641,3.6208469930300167,4.458048393649081
train,2025-12-03,btcusdt,binance,buy,-1,1126,-0.40422373208825246,1.8076362642717023
train,2025-12-03,btcusdt,binance,sell,-1,641,0.3490050793557946,2.05883099067512
train,2025-12-03,btcusdt,binance,buy,0,1126,0.0,0.0
train,2025-12-03,btcusdt,binance,sell,0,641,0.0,0.0
train,2025-12-03,btcusdt,binance,buy,1,1126,0.14099897927721994,1.7021469827283457
train,2025-12-03,btcusdt,binance,sell,1,641,-0.06967437684087896,2.099161303685613
train,2025-12-03,btcusdt,binance,buy,5,1126,0.09924647649764914,3.9665424155607045
train,2025-12-03,btcusdt,binance,sell,5,641,-0.3386946432904293,4.769349880678832
train,2025-12-03,btcusdt,binance,buy,10,1126,-0.10988584768287481,5.637113721634501
train,2025-12-03,btcusdt,binance,sell,10,641,-0.42120426226668795,6.347541545322941
train,2025-12-03,btcusdt,binance,buy,30,1126,-1.0475649013796464,8.483092944812837
train,2025-12-03,btcusdt,binance,sell,30,641,-0.5086218703057054,10.658237374587848
train,2025-12-03,btcusdt,binance,buy,60,1126,-0.9669252236893788,10.354344601230359
train,2025-12-03,btcusdt,binance,sell,60,641,-2.00653221773982,14.131728961622589
train,2025-12-03,btcusdt,binance,buy,120,1126,-2.3673125435410434,16.078965951803426
train,2025-12-03,btcusdt,binance,sell,120,641,-1.1055357945051654,20.301688588931878
train,2025-12-03,btcusdt,binance,buy,300,1126,-5.316030420266913,23.807100596682034
train,2025-12-03,btcusdt,binance,sell,300,641,1.4923325309987365,23.754268049550927
train,2025-12-03,btcusdt,bybit,buy,-300,1888,-39.187477285178566,26.866887616286725
train,2025-12-03,btcusdt,bybit,sell,-300,814,65.28355183848018,42.85837002245978
train,2025-12-03,btcusdt,bybit,buy,-120,1888,-27.501258715997118,16.978666114129247
train,2025-12-03,btcusdt,bybit,sell,-120,814,50.90277618709823,32.677795238351564
train,2025-12-03,btcusdt,bybit,buy,-60,1888,-18.736532119509505,9.788717555769177
train,2025-12-03,btcusdt,bybit,sell,-60,814,37.37737214367403,28.226354015128504
train,2025-12-03,btcusdt,bybit,buy,-30,1888,-15.437536476732701,10.625449313723902
train,2025-12-03,btcusdt,bybit,sell,-30,814,25.474151351044775,17.146978409958503
train,2025-12-03,btcusdt,bybit,buy,-10,1888,-10.555811385817861,6.934634193320506
train,2025-12-03,btcusdt,bybit,sell,-10,814,17.458589027759622,11.7924553787927
train,2025-12-03,btcusdt,bybit,buy,-5,1888,-7.416745397839738,5.432529943083339
train,2025-12-03,btcusdt,bybit,sell,-5,814,11.36954029137851,9.484324808683525
train,2025-12-03,btcusdt,bybit,buy,-1,1888,-1.4226312429040673,3.529110231387601
train,2025-12-03,btcusdt,bybit,sell,-1,814,2.484261159571698,5.635834450597696
train,2025-12-03,btcusdt,bybit,buy,0,1888,0.0,0.0
train,2025-12-03,btcusdt,bybit,sell,0,814,0.0,0.0
train,2025-12-03,btcusdt,bybit,buy,1,1888,-0.10222077106851395,2.4490701891739874
train,2025-12-03,btcusdt,bybit,sell,1,814,-0.10423028813517855,3.666686254729114
train,2025-12-03,btcusdt,bybit,buy,5,1888,-1.0250695324236014,6.558345279880629
train,2025-12-03,btcusdt,bybit,sell,5,814,-0.04299395727420724,9.245151100395335
train,2025-12-03,btcusdt,bybit,buy,10,1888,-2.376771829582937,8.500802972058658
train,2025-12-03,btcusdt,bybit,sell,10,814,1.5668057211363673,13.095457703864595
train,2025-12-03,btcusdt,bybit,buy,30,1888,-4.410640134078635,12.696793239959447
train,2025-12-03,btcusdt,bybit,sell,30,814,-2.056576411511001,14.860320365055108
train,2025-12-03,btcusdt,bybit,buy,60,1888,-6.347122138693758,14.096132435823952
train,2025-12-03,btcusdt,bybit,sell,60,814,-5.6792196207115575,14.973612793644508
train,2025-12-03,btcusdt,bybit,buy,120,1888,-9.647399054836631,20.124932448028826
train,2025-12-03,btcusdt,bybit,sell,120,814,-8.219661204505359,28.889918721353908
train,2025-12-03,btcusdt,bybit,buy,300,1888,-16.787703408237732,27.026945573828524
train,2025-12-03,btcusdt,bybit,sell,300,814,-3.192872838547838,26.90459899405549
train,2025-12-04,btcusdt,binance,buy,-300,541,-22.092371454977588,17.35415423162677
train,2025-12-04,btcusdt,binance,sell,-300,748,24.035782518353088,17.039657252162016
train,2025-12-04,btcusdt,binance,buy,-120,541,-16.48844262669067,11.832764098272483
train,2025-12-04,btcusdt,binance,sell,-120,748,17.429633635249903,11.522915178167676
train,2025-12-04,btcusdt,binance,buy,-60,541,-12.532957536627672,8.856830863024923
train,2025-12-04,btcusdt,binance,sell,-60,748,12.428069990173462,8.618778126073858
train,2025-12-04,btcusdt,binance,buy,-30,541,-9.411548999354888,7.4377996773961454
train,2025-12-04,btcusdt,binance,sell,-30,748,8.853479229981701,6.843884740637645
train,2025-12-04,btcusdt,binance,buy,-10,541,-4.965401947325783,4.36152571365622
train,2025-12-04,btcusdt,binance,sell,-10,748,4.491683235879706,4.124474404679857
train,2025-12-04,btcusdt,binance,buy,-5,541,-3.1821490025221095,3.0750790103342758
train,2025-12-04,btcusdt,binance,sell,-5,748,2.6958651658703,3.193297756754183
train,2025-12-04,btcusdt,binance,buy,-1,541,-0.3933714760548896,1.3198789686269494
train,2025-12-04,btcusdt,binance,sell,-1,748,0.16138372615316965,1.4842701684276667
train,2025-12-04,btcusdt,binance,buy,0,541,0.0,0.0
train,2025-12-04,btcusdt,binance,sell,0,748,0.0,0.0
train,2025-12-04,btcusdt,binance,buy,1,541,0.06784435227889786,1.3410150431151517
train,2025-12-04,btcusdt,binance,sell,1,748,-0.029383893911417366,1.3940475025076784
train,2025-12-04,btcusdt,binance,buy,5,541,0.18472738952843473,2.9435879023201177
train,2025-12-04,btcusdt,binance,sell,5,748,0.11286688310304116,2.8793525839313836
train,2025-12-04,btcusdt,binance,buy,10,541,0.08852827272232626,4.051053560734261
train,2025-12-04,btcusdt,binance,sell,10,748,0.15963034708509927,3.989263199027797
train,2025-12-04,btcusdt,binance,buy,30,541,-0.645508564634727,7.243688665813433
train,2025-12-04,btcusdt,binance,sell,30,748,-0.4292471638515282,7.008441800611669
train,2025-12-04,btcusdt,binance,buy,60,541,-1.3312684564984818,8.975092927019924
train,2025-12-04,btcusdt,binance,sell,60,748,-1.053677607033619,8.826608699051908
train,2025-12-04,btcusdt,binance,buy,120,541,-1.7510947853916805,14.227160155651557
train,2025-12-04,btcusdt,binance,sell,120,748,-0.7370224762435116,13.273611363261745
train,2025-12-04,btcusdt,binance,buy,300,541,-2.4798373153776656,18.88276310826066
train,2025-12-04,btcusdt,binance,sell,300,748,-0.11559601189469025,18.581179213498928
train,2025-12-04,btcusdt,bybit,buy,-300,344,-35.33971541388241,22.54505974633273
train,2025-12-04,btcusdt,bybit,sell,-300,1211,38.36810639545988,19.069986412166152
train,2025-12-04,btcusdt,bybit,buy,-120,344,-25.07952520517426,16.36337952378323
train,2025-12-04,btcusdt,bybit,sell,-120,1211,27.43882235431848,13.0984162519149
train,2025-12-04,btcusdt,bybit,buy,-60,344,-17.621468870531878,11.120373516640985
train,2025-12-04,btcusdt,bybit,sell,-60,1211,20.33246735716268,11.970743335629559
train,2025-12-04,btcusdt,bybit,buy,-30,344,-14.393448164073199,10.377051561343587
train,2025-12-04,btcusdt,bybit,sell,-30,1211,15.548630932205569,9.983452234882504
train,2025-12-04,btcusdt,bybit,buy,-10,344,-8.373832506593512,6.435404301272625
train,2025-12-04,btcusdt,bybit,sell,-10,1211,9.193303595405881,5.717726397059861
train,2025-12-04,btcusdt,bybit,buy,-5,344,-5.0027914554408905,3.688330045409836
train,2025-12-04,btcusdt,bybit,sell,-5,1211,7.288013180304214,5.632339966955214
train,2025-12-04,btcusdt,bybit,buy,-1,344,-0.504398873499963,1.7298740536596497
train,2025-12-04,btcusdt,bybit,sell,-1,1211,1.1936551851965658,2.858303594632176
train,2025-12-04,btcusdt,bybit,buy,0,344,0.0,0.0
train,2025-12-04,btcusdt,bybit,sell,0,1211,0.0,0.0
train,2025-12-04,btcusdt,bybit,buy,1,344,0.20389718973080248,1.3601830174135723
train,2025-12-04,btcusdt,bybit,sell,1,1211,-0.13370524754044846,2.2798448628525545
train,2025-12-04,btcusdt,bybit,buy,5,344,1.0103486096039367,3.788980259303673
train,2025-12-04,btcusdt,bybit,sell,5,1211,0.810962887899866,3.5901048039891115
train,2025-12-04,btcusdt,bybit,buy,10,344,1.5383512123635406,5.500647417921704
train,2025-12-04,btcusdt,bybit,sell,10,1211,1.0301915618986504,4.946412732387528
train,2025-12-04,btcusdt,bybit,buy,30,344,-0.23698324489630046,10.130977846340839
train,2025-12-04,btcusdt,bybit,sell,30,1211,0.7089912918520802,9.961828600814203
train,2025-12-04,btcusdt,bybit,buy,60,344,-3.6824963251112597,10.668879343506582
train,2025-12-04,btcusdt,bybit,sell,60,1211,-1.4934541119354372,10.725728317371134
train,2025-12-04,btcusdt,bybit,buy,120,344,-8.064102563686202,14.9313042082079
train,2025-12-04,btcusdt,bybit,sell,120,1211,-2.36585026799688,16.129836602738962
train,2025-12-04,btcusdt,bybit,buy,300,344,-4.698999705128078,17.892698471778317
train,2025-12-04,btcusdt,bybit,sell,300,1211,-0.4396439476935547,19.433390155308544
train,2025-12-05,btcusdt,binance,buy,-300,535,-23.40901465209912,27.825101407790534
train,2025-12-05,btcusdt,binance,sell,-300,981,28.216185837824685,20.5688854766694
train,2025-12-05,btcusdt,binance,buy,-120,535,-17.572227795993587,15.684871890363423
train,2025-12-05,btcusdt,binance,sell,-120,981,17.806731192595283,13.207950100353521
train,2025-12-05,btcusdt,binance,buy,-60,535,-12.658801754034034,11.378391379583531
train,2025-12-05,btcusdt,binance,sell,-60,981,13.417908359981482,10.30637342573998
train,2025-12-05,btcusdt,binance,buy,-30,535,-9.654608530111961,8.371783291439169
train,2025-12-05,btcusdt,binance,sell,-30,981,10.185715344288708,8.320146023524034
train,2025-12-05,btcusdt,binance,buy,-10,535,-5.044101997679072,5.170151736305433
train,2025-12-05,btcusdt,binance,sell,-10,981,5.425581397867037,5.352231158975115
train,2025-12-05,btcusdt,binance,buy,-5,535,-3.3286134048214793,3.9033422391112493
train,2025-12-05,btcusdt,binance,sell,-5,981,3.1693514003499583,3.786185769231841
train,2025-12-05,btcusdt,binance,buy,-1,535,-0.24036350040864818,1.5746167088740297
train,2025-12-05,btcusdt,binance,sell,-1,981,0.20504677865589335,1.6531145560436706
train,2025-12-05,btcusdt,binance,buy,0,535,0.0,0.0
train,2025-12-05,btcusdt,binance,sell,0,981,0.0,0.0
train,2025-12-05,btcusdt,binance,buy,1,535,-0.020992629072412457,1.3942855583155391
train,2025-12-05,btcusdt,binance,sell,1,981,-0.013297749784232713,1.768348741053403
train,2025-12-05,btcusdt,binance,buy,5,535,-0.17277194231111617,2.9503293961329096
train,2025-12-05,btcusdt,binance,sell,5,981,0.0013857710835890162,3.8977749962819894
train,2025-12-05,btcusdt,binance,buy,10,535,-0.3048525134643157,4.408762726807257
train,2025-12-05,btcusdt,binance,sell,10,981,0.35470015627815193,5.583868397533108
train,2025-12-05,btcusdt,binance,buy,30,535,-0.7723780531183111,7.1014901456368555
train,2025-12-05,btcusdt,binance,sell,30,981,0.8642703026322063,8.920939831751793
train,2025-12-05,btcusdt,binance,buy,60,535,-0.31326007336761125,10.223452318644199
train,2025-12-05,btcusdt,binance,sell,60,981,0.5660993013916221,10.971872468631954
train,2025-12-05,btcusdt,binance,buy,120,535,-1.26478630528061,15.343467086488367
train,2025-12-05,btcusdt,binance,sell,120,981,-0.6646526481037903,13.78150616102453
train,2025-12-05,btcusdt,binance,buy,300,535,-3.564425814745722,22.8844446068769
train,2025-12-05,btcusdt,binance,sell,300,981,-3.3061912903638593,22.587857146752004
train,2025-12-05,btcusdt,bybit,buy,-300,400,-41.825164015461084,33.535962318948314
train,2025-12-05,btcusdt,bybit,sell,-300,2240,44.91224323104308,19.87287288465805
train,2025-12-05,btcusdt,bybit,buy,-120,400,-27.227481810020144,17.34599689956885
train,2025-12-05,btcusdt,bybit,sell,-120,2240,25.850418285279815,12.559464708915758
train,2025-12-05,btcusdt,bybit,buy,-60,400,-19.701988771777447,12.76138275906966
train,2025-12-05,btcusdt,bybit,sell,-60,2240,22.055959321610334,13.057241172486739
train,2025-12-05,btcusdt,bybit,buy,-30,400,-13.471174598227039,8.588916287713404
train,2025-12-05,btcusdt,bybit,sell,-30,2240,17.790275509700237,10.167549188610016
train,2025-12-05,btcusdt,bybit,buy,-10,400,-8.250823055962535,6.707855883937046
train,2025-12-05,btcusdt,bybit,sell,-10,2240,11.6220750176261,7.182976241706882
train,2025-12-05,btcusdt,bybit,buy,-5,400,-6.156557360993532,5.355703050352421
train,2025-12-05,btcusdt,bybit,sell,-5,2240,7.871034529541812,5.425623159990857
train,2025-12-05,btcusdt,bybit,buy,-1,400,-1.0546874466470308,3.438766905559566
train,2025-12-05,btcusdt,bybit,sell,-1,2240,0.7181435034056545,3.8106685903497532
train,2025-12-05,btcusdt,bybit,buy,0,400,0.0,0.0
train,2025-12-05,btcusdt,bybit,sell,0,2240,0.0,0.0
train,2025-12-05,btcusdt,bybit,buy,1,400,0.35660196217302387,2.0966188640905328
train,2025-12-05,btcusdt,bybit,sell,1,2240,0.10451275803412272,2.4427110574676227
train,2025-12-05,btcusdt,bybit,buy,5,400,0.645565201978105,3.624441963769463
train,2025-12-05,btcusdt,bybit,sell,5,2240,0.16208893189283846,5.567431271691274
train,2025-12-05,btcusdt,bybit,buy,10,400,0.5632728681549694,5.236206150331162
train,2025-12-05,btcusdt,bybit,sell,10,2240,1.1703867166717021,8.826012672305106
train,2025-12-05,btcusdt,bybit,buy,30,400,0.04749217913841683,8.577771178676677
train,2025-12-05,btcusdt,bybit,sell,30,2240,3.0724679747154484,12.926724054119758
train,2025-12-05,btcusdt,bybit,buy,60,400,3.297640453535871,12.546054506661983
train,2025-12-05,btcusdt,bybit,sell,60,2240,2.329602345555447,15.607016088032974
train,2025-12-05,btcusdt,bybit,buy,120,400,2.7526848129381465,19.733212653364784
train,2025-12-05,btcusdt,bybit,sell,120,2240,1.501396046978603,17.25168897920599
train,2025-12-05,btcusdt,bybit,buy,300,400,-0.8303854784947612,29.59243827757442
train,2025-12-05,btcusdt,bybit,sell,300,2240,-0.8141329250345635,27.544439933540684
train,2025-12-06,btcusdt,binance,buy,-300,205,-15.975398084859554,16.851083909436962
train,2025-12-06,btcusdt,binance,sell,-300,360,7.764799070696421,12.593745262975679
train,2025-12-06,btcusdt,binance,buy,-120,205,-9.717295860208885,11.333386593867388
train,2025-12-06,btcusdt,binance,sell,-120,360,6.943519019282791,10.07528797155525
train,2025-12-06,btcusdt,binance,buy,-60,205,-7.431537738271742,9.6177056598805
train,2025-12-06,btcusdt,binance,sell,-60,360,6.076448203657971,9.370507274261248
train,2025-12-06,btcusdt,binance,buy,-30,205,-5.412050052488458,7.469586953847346
train,2025-12-06,btcusdt,binance,sell,-30,360,5.117442885261013,8.503602413291542
train,2025-12-06,btcusdt,binance,buy,-10,205,-3.3398739888327955,5.0362374678285855
train,2025-12-06,btcusdt,binance,sell,-10,360,2.611362940981038,4.8614180227352435
train,2025-12-06,btcusdt,binance,buy,-5,205,-2.2862798681853542,3.4749529943503275
train,2025-12-06,btcusdt,binance,sell,-5,360,1.4332865052900594,3.345011301544756
train,2025-12-06,btcusdt,binance,buy,-1,205,-0.28760271161614265,1.3533607734015878
train,2025-12-06,btcusdt,binance,sell,-1,360,0.13853622424591733,1.0713320530605708
train,2025-12-06,btcusdt,binance,buy,0,205,0.0,0.0
train,2025-12-06,btcusdt,binance,sell,0,360,0.0,0.0
train,2025-12-06,btcusdt,binance,buy,1,205,0.1125892400251363,1.0307388327125253
train,2025-12-06,btcusdt,binance,sell,1,360,-0.12901425263892316,1.546285694170173
train,2025-12-06,btcusdt,binance,buy,5,205,0.18983354465971236,2.113205475093956
train,2025-12-06,btcusdt,binance,sell,5,360,-0.26297353067501356,2.656872767427013
train,2025-12-06,btcusdt,binance,buy,10,205,0.13294561618512798,2.6644213312783953
train,2025-12-06,btcusdt,binance,sell,10,360,-0.2570161663455179,3.491007754302987
train,2025-12-06,btcusdt,binance,buy,30,205,-0.3200714939429092,5.043677003662929
train,2025-12-06,btcusdt,binance,sell,30,360,0.18897756138217658,4.301068987061851
train,2025-12-06,btcusdt,binance,buy,60,205,-0.5874266324834466,6.533866087117561
train,2025-12-06,btcusdt,binance,sell,60,360,1.064689700932031,5.540832589339542
train,2025-12-06,btcusdt,binance,buy,120,205,0.12488356449307156,8.55018571302644
train,2025-12-06,btcusdt,binance,sell,120,360,1.4482953858202348,6.75744474121188
train,2025-12-06,btcusdt,binance,buy,300,205,-1.0625861202004685,10.946051962635442
train,2025-12-06,btcusdt,binance,sell,300,360,1.485427836660662,9.271294168053188
train,2025-12-06,btcusdt,bybit,buy,-300,213,-33.119334570971056,18.6845011597621
train,2025-12-06,btcusdt,bybit,sell,-300,338,16.151671693206097,14.069972520836494
train,2025-12-06,btcusdt,bybit,buy,-120,213,-20.411510227859768,13.439632825467285
train,2025-12-06,btcusdt,bybit,sell,-120,338,16.48440885954521,12.171289692696979
train,2025-12-06,btcusdt,bybit,buy,-60,213,-15.504444447781701,10.507603635575162
train,2025-12-06,btcusdt,bybit,sell,-60,338,15.849475495892499,12.415613296580526
train,2025-12-06,btcusdt,bybit,buy,-30,213,-10.750711072135976,9.003895809598049
train,2025-12-06,btcusdt,bybit,sell,-30,338,14.11244148088136,12.302887913079513
train,2025-12-06,btcusdt,bybit,buy,-10,213,-7.662325895321271,7.367480496526535
train,2025-12-06,btcusdt,bybit,sell,-10,338,9.461776144251509,9.593643177059379
train,2025-12-06,btcusdt,bybit,buy,-5,213,-6.054057556423351,5.891806156664619
train,2025-12-06,btcusdt,bybit,sell,-5,338,7.571411742733715,9.066523357801147
train,2025-12-06,btcusdt,bybit,buy,-1,213,-1.0778092345207786,2.6177313277261574
train,2025-12-06,btcusdt,bybit,sell,-1,338,1.1132591530411209,5.880872695562508
train,2025-12-06,btcusdt,bybit,buy,0,213,0.0,0.0
train,2025-12-06,btcusdt,bybit,sell,0,338,0.0,0.0
train,2025-12-06,btcusdt,bybit,buy,1,213,0.1523563390383069,1.9835617161644241
train,2025-12-06,btcusdt,bybit,sell,1,338,-0.22268214181691826,3.1633449440913504
train,2025-12-06,btcusdt,bybit,buy,5,213,0.5887524983952597,2.566050535860811
train,2025-12-06,btcusdt,bybit,sell,5,338,0.7668327025655991,4.12407418490155
train,2025-12-06,btcusdt,bybit,buy,10,213,0.44405232141198514,3.4461245291751066
train,2025-12-06,btcusdt,bybit,sell,10,338,2.282178973014901,6.196313606658467
train,2025-12-06,btcusdt,bybit,buy,30,213,0.5136618962631291,8.705255860479618
train,2025-12-06,btcusdt,bybit,sell,30,338,2.8408260672944756,5.728467252575617
train,2025-12-06,btcusdt,bybit,buy,60,213,-0.9237391431517097,10.58436631976776
train,2025-12-06,btcusdt,bybit,sell,60,338,4.510551347343157,5.620056711975542
train,2025-12-06,btcusdt,bybit,buy,120,213,-1.2974973441203221,13.004045209624966
train,2025-12-06,btcusdt,bybit,sell,120,338,3.9091000356225485,6.1327094188632
train,2025-12-06,btcusdt,bybit,buy,300,213,-4.257374508437254,12.323338176802654
train,2025-12-06,btcusdt,bybit,sell,300,338,6.207097940197543,9.187409906084278
train,2025-12-07,btcusdt,binance,buy,-300,523,-24.943945893221454,23.304022821326196
train,2025-12-07,btcusdt,binance,sell,-300,652,28.675197493699248,26.32543470067531
train,2025-12-07,btcusdt,binance,buy,-120,523,-19.101029430255867,15.91492725351032
train,2025-12-07,btcusdt,binance,sell,-120,652,19.77393396274914,19.652901808521825
train,2025-12-07,btcusdt,binance,buy,-60,523,-15.040725752750271,11.89287979034349
train,2025-12-07,btcusdt,binance,sell,-60,652,14.882469094658298,13.40798147598809
train,2025-12-07,btcusdt,binance,buy,-30,523,-11.256978024331413,9.744656384917121
train,2025-12-07,btcusdt,binance,sell,-30,652,9.633692147065993,8.394436487534426
train,2025-12-07,btcusdt,binance,buy,-10,523,-6.716250678744373,5.933386084390937
train,2025-12-07,btcusdt,binance,sell,-10,652,5.140083116163107,5.492657067039776
train,2025-12-07,btcusdt,binance,buy,-5,523,-4.540964528408523,4.627612732447899
train,2025-12-07,btcusdt,binance,sell,-5,652,3.3919719017270107,4.487268821079808
train,2025-12-07,btcusdt,binance,buy,-1,523,-0.5167835614559949,2.030133750434376
train,2025-12-07,btcusdt,binance,sell,-1,652,0.29422170924683916,1.9373598999359278
train,2025-12-07,btcusdt,binance,buy,0,523,0.0,0.0
train,2025-12-07,btcusdt,binance,sell,0,652,0.0,0.0
train,2025-12-07,btcusdt,binance,buy,1,523,0.219569311957751,1.8571134977638393
train,2025-12-07,btcusdt,binance,sell,1,652,-0.07269593523272487,1.921915729540989
train,2025-12-07,btcusdt,binance,buy,5,523,0.3632355515352854,4.323542065166917
train,2025-12-07,btcusdt,binance,sell,5,652,-0.1940209414690728,3.9684823131094698
train,2025-12-07,btcusdt,binance,buy,10,523,0.54652042257161,6.565900598659053
train,2025-12-07,btcusdt,binance,sell,10,652,-0.4925591359497951,4.804041977924847
train,2025-12-07,btcusdt,binance,buy,30,523,-0.5977785670075497,9.018228507887882
train,2025-12-07,btcusdt,binance,sell,30,652,-2.1540285986513448,10.20951894888332
train,2025-12-07,btcusdt,binance,buy,60,523,-0.7937060595501776,10.9992902657537
train,2025-12-07,btcusdt,binance,sell,60,652,-3.979334429182644,15.331618937839934
train,2025-12-07,btcusdt,binance,buy,120,523,-0.08516748792626533,15.154758986666684
train,2025-12-07,btcusdt,binance,sell,120,652,-4.25372093842043,20.97921599312244
train,2025-12-07,btcusdt,binance,buy,300,523,1.9457436498952156,20.37924830556866
train,2025-12-07,btcusdt,binance,sell,300,652,-2.5996850244567886,25.414955953560757
train,2025-12-07,btcusdt,bybit,buy,-300,908,-38.92629228449188,20.687437427426165
train,2025-12-07,btcusdt,bybit,sell,-300,1403,57.46951857741252,26.918301564763066
train,2025-12-07,btcusdt,bybit,buy,-120,908,-27.66179213760912,13.993124252177553
train,2025-12-07,btcusdt,bybit,sell,-120,1403,41.50706234193811,23.79337748409986
train,2025-12-07,btcusdt,bybit,buy,-60,908,-22.283447220714695,12.052462841860144
train,2025-12-07,btcusdt,bybit,sell,-60,1403,31.392029496223014,15.518795747444432
train,2025-12-07,btcusdt,bybit,buy,-30,908,-17.857770705563258,10.478108010888697
train,2025-12-07,btcusdt,bybit,sell,-30,1403,18.907251103659245,9.516036387804208
train,2025-12-07,btcusdt,bybit,buy,-10,908,-11.884069785803174,6.563814065205083
train,2025-12-07,btcusdt,bybit,sell,-10,1403,13.650636045944724,9.542460586316846
train,2025-12-07,btcusdt,bybit,buy,-5,908,-9.501173626358115,5.86641456113271
train,2025-12-07,btcusdt,bybit,sell,-5,1403,10.66774615061415,8.586395801139556
train,2025-12-07,btcusdt,bybit,buy,-1,908,-1.8052537842628824,2.742751920732467
train,2025-12-07,btcusdt,bybit,sell,-1,1403,1.5521595256813714,3.0922280416364356
train,2025-12-07,btcusdt,bybit,buy,0,908,0.0,0.0
train,2025-12-07,btcusdt,bybit,sell,0,1403,0.0,0.0
train,2025-12-07,btcusdt,bybit,buy,1,908,0.0920338596793092,3.106199373956259
train,2025-12-07,btcusdt,bybit,sell,1,1403,-0.3393148600522502,3.651830405025668
train,2025-12-07,btcusdt,bybit,buy,5,908,-0.34363079566209376,5.80895289622997
train,2025-12-07,btcusdt,bybit,sell,5,1403,0.9591831128479021,5.701261163917846
train,2025-12-07,btcusdt,bybit,buy,10,908,-0.8494086910440984,8.004738732111216
train,2025-12-07,btcusdt,bybit,sell,10,1403,1.5874061566229256,7.29109888534655
train,2025-12-07,btcusdt,bybit,buy,30,908,-2.560348856386722,10.318374112555814
train,2025-12-07,btcusdt,bybit,sell,30,1403,0.592788103916463,16.670116118579905
train,2025-12-07,btcusdt,bybit,buy,60,908,-2.596404199206081,10.870514148144224
train,2025-12-07,btcusdt,bybit,sell,60,1403,-3.1522903761629766,21.03877332785366
train,2025-12-07,btcusdt,bybit,buy,120,908,-3.0335039683190197,16.936835169063265
train,2025-12-07,btcusdt,bybit,sell,120,1403,-3.413694351586173,26.217259644464445
train,2025-12-07,btcusdt,bybit,buy,300,908,2.1173740872054,22.373308045438087
train,2025-12-07,btcusdt,bybit,sell,300,1403,-4.14981151558686,30.048591596169096
train,2025-12-08,btcusdt,binance,buy,-300,570,-22.505700167458293,17.012887904033878
train,2025-12-08,btcusdt,binance,sell,-300,544,28.170825062625163,21.2849259679255
train,2025-12-08,btcusdt,binance,buy,-120,570,-16.84924193398872,11.818176406347527
train,2025-12-08,btcusdt,binance,sell,-120,544,20.122419505980847,14.012347667807967
train,2025-12-08,btcusdt,binance,buy,-60,570,-12.744272759007018,8.65008310765408
train,2025-12-08,btcusdt,binance,sell,-60,544,12.936042949117544,9.165095846115399
train,2025-12-08,btcusdt,binance,buy,-30,570,-8.868979028165628,5.991207312341886
train,2025-12-08,btcusdt,binance,sell,-30,544,9.323982355737346,6.571398304393496
train,2025-12-08,btcusdt,binance,buy,-10,570,-5.074181152375344,4.075589878908887
train,2025-12-08,btcusdt,binance,sell,-10,544,5.320915598563782,4.829913493949932
train,2025-12-08,btcusdt,binance,buy,-5,570,-3.486852791054504,3.015592539237205
train,2025-12-08,btcusdt,binance,sell,-5,544,3.17102418633607,3.4231668710768828
train,2025-12-08,btcusdt,binance,buy,-1,570,-0.34246268926830387,1.3679686545996086
train,2025-12-08,btcusdt,binance,sell,-1,544,0.1690233534384623,1.4502666227196805
train,2025-12-08,btcusdt,binance,buy,0,570,0.0,0.0
train,2025-12-08,btcusdt,binance,sell,0,544,0.0,0.0
train,2025-12-08,btcusdt,binance,buy,1,570,0.012971644004490274,1.1301489194134837
train,2025-12-08,btcusdt,binance,sell,1,544,0.04774195384534635,1.399704736680494
train,2025-12-08,btcusdt,binance,buy,5,570,-0.2724299099777155,3.077559006990759
train,2025-12-08,btcusdt,binance,sell,5,544,0.3301126277647779,3.347446861986448
train,2025-12-08,btcusdt,binance,buy,10,570,-0.40510752589378884,3.9315561219116697
train,2025-12-08,btcusdt,binance,sell,10,544,0.4943167816021366,4.2108924073234135
train,2025-12-08,btcusdt,binance,buy,30,570,-0.865960716128445,6.585083694204731
train,2025-12-08,btcusdt,binance,sell,30,544,1.0595548074131953,6.996932670317196
train,2025-12-08,btcusdt,binance,buy,60,570,-1.791008268573903,8.908609711411557
train,2025-12-08,btcusdt,binance,sell,60,544,0.3754721998271471,9.690102829354743
train,2025-12-08,btcusdt,binance,buy,120,570,-2.2364062996070087,11.005105382966818
train,2025-12-08,btcusdt,binance,sell,120,544,0.5563308190100423,13.456877625572178
train,2025-12-08,btcusdt,binance,buy,300,570,-6.040323203882788,22.471361314635782
train,2025-12-08,btcusdt,binance,sell,300,544,2.6664809546956043,20.23476961154422
train,2025-12-08,btcusdt,bybit,buy,-300,509,-27.326113618497782,14.145352136363618
train,2025-12-08,btcusdt,bybit,sell,-300,690,40.42338471509399,19.847067730385103
train,2025-12-08,btcusdt,bybit,buy,-120,509,-19.784426611157617,11.773490133842907
train,2025-12-08,btcusdt,bybit,sell,-120,690,30.002354340647297,14.514374559941256
train,2025-12-08,btcusdt,bybit,buy,-60,509,-14.762720189160262,7.608427142649177
train,2025-12-08,btcusdt,bybit,sell,-60,690,18.98149816854714,10.251235946240618
train,2025-12-08,btcusdt,bybit,buy,-30,509,-10.505875796654744,5.175624604175373
train,2025-12-08,btcusdt,bybit,sell,-30,690,13.597807398670815,6.16253976361585
train,2025-12-08,btcusdt,bybit,buy,-10,509,-7.121519317427965,4.412124673990441
train,2025-12-08,btcusdt,bybit,sell,-10,690,8.778327354813374,5.218476294603148
train,2025-12-08,btcusdt,bybit,buy,-5,509,-5.640405940298604,3.829612941734212
train,2025-12-08,btcusdt,bybit,sell,-5,690,6.084168737293701,3.9325701491726925
train,2025-12-08,btcusdt,bybit,buy,-1,509,-0.9246660604024197,2.288327912510186
train,2025-12-08,btcusdt,bybit,sell,-1,690,0.802369723428453,2.310953936817903
train,2025-12-08,btcusdt,bybit,buy,0,509,0.0,0.0
train,2025-12-08,btcusdt,bybit,sell,0,690,0.0,0.0
train,2025-12-08,btcusdt,bybit,buy,1,509,-0.000547690724591865,1.430853762378166
train,2025-12-08,btcusdt,bybit,sell,1,690,-0.06934106577488194,1.777976672591181
train,2025-12-08,btcusdt,bybit,buy,5,509,-1.1044330127537065,3.874178565866884
train,2025-12-08,btcusdt,bybit,sell,5,690,0.9801332485626525,3.9441835080382424
train,2025-12-08,btcusdt,bybit,buy,10,509,-1.504669932992701,3.9943954023626884
train,2025-12-08,btcusdt,bybit,sell,10,690,1.4147828112729186,4.993920920818605
train,2025-12-08,btcusdt,bybit,buy,30,509,-1.657149176390944,6.894291674550147
train,2025-12-08,btcusdt,bybit,sell,30,690,2.1229404322958603,7.218304184312387
train,2025-12-08,btcusdt,bybit,buy,60,509,-2.8803008779941304,8.838310044237964
train,2025-12-08,btcusdt,bybit,sell,60,690,0.41642792498139114,9.828006862431897
train,2025-12-08,btcusdt,bybit,buy,120,509,-3.630744623049666,10.576461457253352
train,2025-12-08,btcusdt,bybit,sell,120,690,0.7324922503776478,14.498956641550024
train,2025-12-08,btcusdt,bybit,buy,300,509,-5.593564994667655,21.234813465968752
train,2025-12-08,btcusdt,bybit,sell,300,690,4.998431767897072,20.71107460023625
train,2025-12-09,btcusdt,binance,buy,-300,784,-29.99432933603079,25.25827834655426
train,2025-12-09,btcusdt,binance,sell,-300,614,21.17178975906274,18.460323977713326
train,2025-12-09,btcusdt,binance,buy,-120,784,-22.413221260103466,20.205567479943696
train,2025-12-09,btcusdt,binance,sell,-120,614,15.858816613182558,12.814367690539104
train,2025-12-09,btcusdt,binance,buy,-60,784,-16.54647434251707,14.96667285879723
train,2025-12-09,btcusdt,binance,sell,-60,614,11.509432912781364,9.336014210258837
train,2025-12-09,btcusdt,binance,buy,-30,784,-12.131798749111892,11.086332392634988
train,2025-12-09,btcusdt,binance,sell,-30,614,7.73571800658908,6.333966451417546
train,2025-12-09,btcusdt,binance,buy,-10,784,-6.3387788697416605,5.650865868609654
train,2025-12-09,btcusdt,binance,sell,-10,614,4.175679452781001,3.944833357701594
train,2025-12-09,btcusdt,binance,buy,-5,784,-3.9708060345614493,3.9211469752675763
train,2025-12-09,btcusdt,binance,sell,-5,614,2.5422700539129854,2.9545638384243156
train,2025-12-09,btcusdt,binance,buy,-1,784,-0.5242930621944317,1.7606535013525935
train,2025-12-09,btcusdt,binance,sell,-1,614,0.15781355644857403,1.3711149615795877
train,2025-12-09,btcusdt,binance,buy,0,784,0.0,0.0
train,2025-12-09,btcusdt,binance,sell,0,614,0.0,0.0
train,2025-12-09,btcusdt,binance,buy,1,784,0.0780979427949842,1.552487066862317
train,2025-12-09,btcusdt,binance,sell,1,614,0.028776296782614025,1.1401901083479844
train,2025-12-09,btcusdt,binance,buy,5,784,0.3445997250900376,3.813136409217142
train,2025-12-09,btcusdt,binance,sell,5,614,0.16143225347116427,2.6238454130944038
train,2025-12-09,btcusdt,binance,buy,10,784,0.5692980438546457,5.83918246668665
train,2025-12-09,btcusdt,binance,sell,10,614,0.2572832282529479,3.71425210145011
train,2025-12-09,btcusdt,binance,buy,30,784,1.0533696705827293,10.486946240641053
train,2025-12-09,btcusdt,binance,sell,30,614,0.3418807600895388,5.937482796959027
train,2025-12-09,btcusdt,binance,buy,60,784,0.7079610171107508,14.478905475722893
train,2025-12-09,btcusdt,binance,sell,60,614,1.4397392461366658,8.84456872842619
train,2025-12-09,btcusdt,binance,buy,120,784,0.7059335142851375,17.400060333750837
train,2025-12-09,btcusdt,binance,sell,120,614,2.2416386836643287,12.814971234212626
train,2025-12-09,btcusdt,binance,buy,300,784,2.809996690500423,19.62511113930047
train,2025-12-09,btcusdt,binance,sell,300,614,2.6785789794684125,19.790897873730803
train,2025-12-09,btcusdt,bybit,buy,-300,1496,-45.13869849339926,23.972350266860776
train,2025-12-09,btcusdt,bybit,sell,-300,574,29.326146087066483,17.074959670754826
train,2025-12-09,btcusdt,bybit,buy,-120,1496,-34.76807109431162,22.00370347397899
train,2025-12-09,btcusdt,bybit,sell,-120,574,20.626110535696508,13.865173360535172
train,2025-12-09,btcusdt,bybit,buy,-60,1496,-26.099390101618276,16.570321620356836
train,2025-12-09,btcusdt,bybit,sell,-60,574,14.839994058824503,9.738413548084825
train,2025-12-09,btcusdt,bybit,buy,-30,1496,-19.638852515502855,13.089402362251787
train,2025-12-09,btcusdt,bybit,sell,-30,574,10.72696706864588,7.558614858390964
train,2025-12-09,btcusdt,bybit,buy,-10,1496,-10.776084425058748,6.664873496815534
train,2025-12-09,btcusdt,bybit,sell,-10,574,6.118201857466886,4.8732142400610226
train,2025-12-09,btcusdt,bybit,buy,-5,1496,-7.403694140858696,4.766551113659328
train,2025-12-09,btcusdt,bybit,sell,-5,574,4.713711913365637,4.340480535055625
train,2025-12-09,btcusdt,bybit,buy,-1,1496,-1.155388949967524,2.6665761369561025
train,2025-12-09,btcusdt,bybit,sell,-1,574,0.250046383072429,2.062369907320435
train,2025-12-09,btcusdt,bybit,buy,0,1496,0.0,0.0
train,2025-12-09,btcusdt,bybit,sell,0,574,0.0,0.0
train,2025-12-09,btcusdt,bybit,buy,1,1496,0.14261982277755375,2.2226652671318883
train,2025-12-09,btcusdt,bybit,sell,1,574,-0.20792361472748622,2.109617110793776
train,2025-12-09,btcusdt,bybit,buy,5,1496,0.713850510616848,4.4195509249204825
train,2025-12-09,btcusdt,bybit,sell,5,574,0.33299790726733575,2.891211971706757
train,2025-12-09,btcusdt,bybit,buy,10,1496,1.2799072455895517,6.987139819373133
train,2025-12-09,btcusdt,bybit,sell,10,574,1.0392886085700215,4.035303004346258
train,2025-12-09,btcusdt,bybit,buy,30,1496,2.675510683618554,11.95997193395435
train,2025-12-09,btcusdt,bybit,sell,30,574,0.37126781709987,6.258058229058842
train,2025-12-09,btcusdt,bybit,buy,60,1496,3.169274563257285,16.49415963565622
train,2025-12-09,btcusdt,bybit,sell,60,574,2.070805470816395,10.986202677975697
train,2025-12-09,btcusdt,bybit,buy,120,1496,2.7724818175211925,17.71722430598353
train,2025-12-09,btcusdt,bybit,sell,120,574,4.532377885167826,16.078872780458696
train,2025-12-09,btcusdt,bybit,buy,300,1496,8.280446814028565,21.971316676808698
train,2025-12-09,btcusdt,bybit,sell,300,574,3.482757605237319,23.398847538119757
train,2025-12-10,btcusdt,binance,buy,-300,572,-33.10210251205104,31.953250039076604
train,2025-12-10,btcusdt,binance,sell,-300,591,30.62626941624403,30.955963897148337
train,2025-12-10,btcusdt,binance,buy,-120,572,-20.782714787721382,18.569178083152018
train,2025-12-10,btcusdt,binance,sell,-120,591,24.72189544172495,22.95615612392796
train,2025-12-10,btcusdt,binance,buy,-60,572,-15.510914613990325,13.748060029832718
train,2025-12-10,btcusdt,binance,sell,-60,591,19.835111505880676,18.409808836592717
train,2025-12-10,btcusdt,binance,buy,-30,572,-11.321182559120032,9.946049179869954
train,2025-12-10,btcusdt,binance,sell,-30,591,14.057229321809546,13.36309958490247
train,2025-12-10,btcusdt,binance,buy,-10,572,-6.216294985091234,5.816142330336043
train,2025-12-10,btcusdt,binance,sell,-10,591,7.482566615292712,8.251540709786706
train,2025-12-10,btcusdt,binance,buy,-5,572,-3.7156699254541374,4.091770860412269
train,2025-12-10,btcusdt,binance,sell,-5,591,4.339533988259608,5.860234921702083
train,2025-12-10,btcusdt,binance,buy,-1,572,-0.29582084862314345,1.8971579522099604
train,2025-12-10,btcusdt,binance,sell,-1,591,0.2732941599304306,2.260982852764122
train,2025-12-10,btcusdt,binance,buy,0,572,0.0,0.0
train,2025-12-10,btcusdt,binance,sell,0,591,0.0,0.0
train,2025-12-10,btcusdt,binance,buy,1,572,0.07350353597650475,1.9717691683798575
train,2025-12-10,btcusdt,binance,sell,1,591,-0.025765418744961754,2.2006059061080223
train,2025-12-10,btcusdt,binance,buy,5,572,0.3225214495239816,4.235166064776184
train,2025-12-10,btcusdt,binance,sell,5,591,0.20798677825178657,5.008444360030468
train,2025-12-10,btcusdt,binance,buy,10,572,0.6310443216924709,5.931675584325732
train,2025-12-10,btcusdt,binance,sell,10,591,0.05371501547296369,7.9640910668915135
train,2025-12-10,btcusdt,binance,buy,30,572,0.6153457446767,11.115798487492675
train,2025-12-10,btcusdt,binance,sell,30,591,-0.7345644386034037,12.499885002094345
train,2025-12-10,btcusdt,binance,buy,60,572,0.589546881307641,13.448788225361488
train,2025-12-10,btcusdt,binance,sell,60,591,0.3111111627918731,14.440556670490839
train,2025-12-10,btcusdt,binance,buy,120,572,0.3576622212872709,20.520028536664856
train,2025-12-10,btcusdt,binance,sell,120,591,0.04046347718880468,18.517939246623662
train,2025-12-10,btcusdt,binance,buy,300,572,-2.922071071366631,37.13158060368731
train,2025-12-10,btcusdt,binance,sell,300,591,3.1001265394121207,27.12849838180479
train,2025-12-10,btcusdt,bybit,buy,-300,676,-51.02222316356918,31.795117262842602
train,2025-12-10,btcusdt,bybit,sell,-300,879,47.270009922466166,35.32703418750416
train,2025-12-10,btcusdt,bybit,buy,-120,676,-31.45858527136898,20.63423406874935
train,2025-12-10,btcusdt,bybit,sell,-120,879,37.95400982148057,29.31019433301925
train,2025-12-10,btcusdt,bybit,buy,-60,676,-23.169253906189684,16.54943287895956
train,2025-12-10,btcusdt,bybit,sell,-60,879,32.020514661482814,26.11977539233858
train,2025-12-10,btcusdt,bybit,buy,-30,676,-17.100987249447257,12.976182099209227
train,2025-12-10,btcusdt,bybit,sell,-30,879,24.170305333417886,19.713964165813366
train,2025-12-10,btcusdt,bybit,buy,-10,676,-10.002999038442239,6.854263754284434
train,2025-12-10,btcusdt,bybit,sell,-10,879,14.79306868880835,12.40184254084752
train,2025-12-10,btcusdt,bybit,buy,-5,676,-6.455879807825555,4.827287085638673
train,2025-12-10,btcusdt,bybit,sell,-5,879,11.68998260053426,10.792998178692702
train,2025-12-10,btcusdt,bybit,buy,-1,676,-1.0375224882173835,2.86213732581437
train,2025-12-10,btcusdt,bybit,sell,-1,879,1.9813340153712315,4.746954081845803
train,2025-12-10,btcusdt,bybit,buy,0,676,0.0,0.0
train,2025-12-10,btcusdt,bybit,sell,0,879,0.0,0.0
train,2025-12-10,btcusdt,bybit,buy,1,676,0.24970443641471873,2.5074849039648033
train,2025-12-10,btcusdt,bybit,sell,1,879,-0.30862538201463935,3.7630580119069887
train,2025-12-10,btcusdt,bybit,buy,5,676,0.7142904471336713,5.2889184821196675
train,2025-12-10,btcusdt,bybit,sell,5,879,0.5084207031700719,7.820993559317057
train,2025-12-10,btcusdt,bybit,buy,10,676,1.390441410004012,7.316373466289177
train,2025-12-10,btcusdt,bybit,sell,10,879,2.571540378374263,11.319525027124989
train,2025-12-10,btcusdt,bybit,buy,30,676,-0.0012329671702215857,15.164690551100906
train,2025-12-10,btcusdt,bybit,sell,30,879,5.036731075582427,19.155283487738497
train,2025-12-10,btcusdt,bybit,buy,60,676,0.6152908037161651,17.146352283315252
train,2025-12-10,btcusdt,bybit,sell,60,879,6.778881328542009,17.927033708417174
train,2025-12-10,btcusdt,bybit,buy,120,676,0.8697131141371042,26.257877372479626
train,2025-12-10,btcusdt,bybit,sell,120,879,4.26759476220867,22.082099114722244
train,2025-12-10,btcusdt,bybit,buy,300,676,-3.4174513465431815,49.10622320187133
train,2025-12-10,btcusdt,bybit,sell,300,879,11.001770335961782,32.71587495753932
train,2025-12-11,btcusdt,binance,buy,-300,647,-30.567069768913314,20.69784263307456
train,2025-12-11,btcusdt,binance,sell,-300,984,23.375886722898006,15.25758432787631
train,2025-12-11,btcusdt,binance,buy,-120,647,-22.163184851288335,16.49661709102891
train,2025-12-11,btcusdt,binance,sell,-120,984,15.339638402583613,10.448243824451476
train,2025-12-11,btcusdt,binance,buy,-60,647,-15.59491343681703,11.80530418784412
train,2025-12-11,btcusdt,binance,sell,-60,984,11.579380684272014,8.324562168395072
train,2025-12-11,btcusdt,binance,buy,-30,647,-11.433691483528637,10.333868543392771
train,2025-12-11,btcusdt,binance,sell,-30,984,7.996677046672112,6.174368924855521
train,2025-12-11,btcusdt,binance,buy,-10,647,-5.872960296566243,5.758411473524637
train,2025-12-11,btcusdt,binance,sell,-10,984,4.323746735152887,3.9713588836564964
train,2025-12-11,btcusdt,binance,buy,-5,647,-3.7499338588156825,3.8189555274830926
train,2025-12-11,btcusdt,binance,sell,-5,984,2.5866307900049974,2.9683755623006656
train,2025-12-11,btcusdt,binance,buy,-1,647,-0.28342243440071985,1.6060275792955052
train,2025-12-11,btcusdt,binance,sell,-1,984,0.16605908614231657,1.296796410958419
train,2025-12-11,btcusdt,binance,buy,0,647,0.0,0.0
train,2025-12-11,btcusdt,binance,sell,0,984,0.0,0.0
train,2025-12-11,btcusdt,binance,buy,1,647,0.04006719964592328,1.6342661340356304
train,2025-12-11,btcusdt,binance,sell,1,984,0.007676558677945212,1.2071635417119218
train,2025-12-11,btcusdt,binance,buy,5,647,0.332187829381979,3.7906584511299632
train,2025-12-11,btcusdt,binance,sell,5,984,0.19112196214194552,3.1665913543350666
train,2025-12-11,btcusdt,binance,buy,10,647,0.41873793585975094,5.202008543198792
train,2025-12-11,btcusdt,binance,sell,10,984,0.12325482452449527,4.019776503309911
train,2025-12-11,btcusdt,binance,buy,30,647,1.339545381001103,8.197417964362192
train,2025-12-11,btcusdt,binance,sell,30,984,0.37472931787291996,6.961284802613055
train,2025-12-11,btcusdt,binance,buy,60,647,0.8408122145769005,10.712989752349557
train,2025-12-11,btcusdt,binance,sell,60,984,0.9823538424739041,10.836586580159208
train,2025-12-11,btcusdt,binance,buy,120,647,0.8480857871783005,14.571257814603698
train,2025-12-11,btcusdt,binance,sell,120,984,2.068732013353008,12.607759730503242
train,2025-12-11,btcusdt,binance,buy,300,647,-0.29559299545701395,20.68933227808281
train,2025-12-11,btcusdt,binance,sell,300,984,-1.019915553273945,17.661013585969975
train,2025-12-11,btcusdt,bybit,buy,-300,995,-41.87156066726723,19.281888824953057
train,2025-12-11,btcusdt,bybit,sell,-300,1694,31.74795037658985,17.428241709214447
train,2025-12-11,btcusdt,bybit,buy,-120,995,-30.999238321212147,17.78561610044198
train,2025-12-11,btcusdt,bybit,sell,-120,1694,20.472448772645762,11.90367216990289
train,2025-12-11,btcusdt,bybit,buy,-60,995,-22.599399280774062,13.668582058792575
train,2025-12-11,btcusdt,bybit,sell,-60,1694,16.050838063934822,8.737871690343216
train,2025-12-11,btcusdt,bybit,buy,-30,995,-16.971467235709486,13.28431633257384
train,2025-12-11,btcusdt,bybit,sell,-30,1694,11.765765441288726,7.348222401088792
train,2025-12-11,btcusdt,bybit,buy,-10,995,-10.973576078581914,9.163445280139166
train,2025-12-11,btcusdt,bybit,sell,-10,1694,7.4146388652787545,5.482166731934951
train,2025-12-11,btcusdt,bybit,buy,-5,995,-7.456142510321788,5.79194492475606
train,2025-12-11,btcusdt,bybit,sell,-5,1694,5.275124982456395,4.584817120389365
train,2025-12-11,btcusdt,bybit,buy,-1,995,-1.214165532059507,2.6428000505865525
train,2025-12-11,btcusdt,bybit,sell,-1,1694,0.609125667448223,2.214889738115514
train,2025-12-11,btcusdt,bybit,buy,0,995,0.0,0.0
train,2025-12-11,btcusdt,bybit,sell,0,1694,0.0,0.0
train,2025-12-11,btcusdt,bybit,buy,1,995,0.5071668226617769,2.3249161835379137
train,2025-12-11,btcusdt,bybit,sell,1,1694,0.11300458785099023,1.8824314440872867
train,2025-12-11,btcusdt,bybit,buy,5,995,1.7338941097741627,5.143344131767557
train,2025-12-11,btcusdt,bybit,sell,5,1694,0.46036263474196465,3.813482139660342
train,2025-12-11,btcusdt,bybit,buy,10,995,2.364185311480002,7.385524737119435
train,2025-12-11,btcusdt,bybit,sell,10,1694,0.4298440221444086,4.729022453948137
train,2025-12-11,btcusdt,bybit,buy,30,995,2.9935414374101663,9.946345270456442
train,2025-12-11,btcusdt,bybit,sell,30,1694,1.2854080279147861,7.3000112747167165
train,2025-12-11,btcusdt,bybit,buy,60,995,2.950313906165204,12.877324010849414
train,2025-12-11,btcusdt,bybit,sell,60,1694,3.084924139928385,11.904948191307891
train,2025-12-11,btcusdt,bybit,buy,120,995,4.863240145520446,18.072962691429
train,2025-12-11,btcusdt,bybit,sell,120,1694,6.115322889003313,12.88181120760285
train,2025-12-11,btcusdt,bybit,buy,300,995,3.9621630590660617,24.165353646024407
train,2025-12-11,btcusdt,bybit,sell,300,1694,1.5125410478055352,18.343936524919787
train,2025-12-12,btcusdt,binance,buy,-300,331,-16.214230161946624,16.97934831174563
train,2025-12-12,btcusdt,binance,sell,-300,668,28.624085160507494,22.937994925060753
train,2025-12-12,btcusdt,binance,buy,-120,331,-13.997549088717687,12.112538206200313
train,2025-12-12,btcusdt,binance,sell,-120,668,21.36816898565819,14.833357421370666
train,2025-12-12,btcusdt,binance,buy,-60,331,-10.962397259650949,9.419950210940264
train,2025-12-12,btcusdt,binance,sell,-60,668,15.155160452265882,11.027128939318969
train,2025-12-12,btcusdt,binance,buy,-30,331,-7.642669251762098,7.666971739561568
train,2025-12-12,btcusdt,binance,sell,-30,668,10.557614733594075,8.333832945046884
train,2025-12-12,btcusdt,binance,buy,-10,331,-4.527945419518502,4.955815650674007
train,2025-12-12,btcusdt,binance,sell,-10,668,5.1000468015284035,4.854014764024398
train,2025-12-12,btcusdt,binance,buy,-5,331,-3.0073785471398358,3.3921175119045017
train,2025-12-12,btcusdt,binance,sell,-5,668,3.0355528103675034,3.5696303166088934
train,2025-12-12,btcusdt,binance,buy,-1,331,-0.2813608814438824,1.450634838483601
train,2025-12-12,btcusdt,binance,sell,-1,668,0.16226355369788187,1.9072640718591856
train,2025-12-12,btcusdt,binance,buy,0,331,0.0,0.0
train,2025-12-12,btcusdt,binance,sell,0,668,0.0,0.0
train,2025-12-12,btcusdt,binance,buy,1,331,-0.1151634411628667,1.332201315653889
train,2025-12-12,btcusdt,binance,sell,1,668,-0.037370773632156046,1.6490134522085513
train,2025-12-12,btcusdt,binance,buy,5,331,-0.29980407583811414,2.983738201285873
train,2025-12-12,btcusdt,binance,sell,5,668,-0.10382676854852871,3.7740893362087737
train,2025-12-12,btcusdt,binance,buy,10,331,-0.5381100293254589,4.438049697074977
train,2025-12-12,btcusdt,binance,sell,10,668,0.05455030732346204,5.168726450435747
train,2025-12-12,btcusdt,binance,buy,30,331,-1.2264236573928509,6.533432071924454
train,2025-12-12,btcusdt,binance,sell,30,668,-0.3002798371218834,8.189883505118493
train,2025-12-12,btcusdt,binance,buy,60,331,-1.7337937917370063,7.929408036986341
train,2025-12-12,btcusdt,binance,sell,60,668,-0.22617751630500524,10.671152660810261
train,2025-12-12,btcusdt,binance,buy,120,331,-2.9606163658687223,10.664948447765257
train,2025-12-12,btcusdt,binance,sell,120,668,-0.9606941821000546,16.622050477148704
train,2025-12-12,btcusdt,binance,buy,300,331,-5.784559575377764,17.038912730398405
train,2025-12-12,btcusdt,binance,sell,300,668,-8.291155898598772,25.46762931163904
train,2025-12-12,btcusdt,bybit,buy,-300,162,-22.49591684705704,19.174741945488083
train,2025-12-12,btcusdt,bybit,sell,-300,1139,44.56250148488119,24.6463848911049
train,2025-12-12,btcusdt,bybit,buy,-120,162,-17.590816098534297,16.23057453677388
train,2025-12-12,btcusdt,bybit,sell,-120,1139,30.705311956292523,13.867394555932536
train,2025-12-12,btcusdt,bybit,buy,-60,162,-11.733066748020887,10.709866098496294
train,2025-12-12,btcusdt,bybit,sell,-60,1139,22.146942484714465,11.236229889728547
train,2025-12-12,btcusdt,bybit,buy,-30,162,-9.635135759457485,9.09639813437093
train,2025-12-12,btcusdt,bybit,sell,-30,1139,15.878462364202594,7.9573071691186446
train,2025-12-12,btcusdt,bybit,buy,-10,162,-5.3752490475800165,5.057586444055824
train,2025-12-12,btcusdt,bybit,sell,-10,1139,8.816152624189685,5.324817860426572
train,2025-12-12,btcusdt,bybit,buy,-5,162,-3.520894642279318,3.1802524207793845
train,2025-12-12,btcusdt,bybit,sell,-5,1139,5.924854313361482,4.292339872669348
train,2025-12-12,btcusdt,bybit,buy,-1,162,-0.39414943582464923,1.4051375195552798
train,2025-12-12,btcusdt,bybit,sell,-1,1139,0.8145692962119226,2.6989790100907203
train,2025-12-12,btcusdt,bybit,buy,0,162,0.0,0.0
train,2025-12-12,btcusdt,bybit,sell,0,1139,0.0,0.0
train,2025-12-12,btcusdt,bybit,buy,1,162,-0.10387415112850043,1.2702889106014537
train,2025-12-12,btcusdt,bybit,sell,1,1139,-0.040101609138280626,2.1324625452849886
train,2025-12-12,btcusdt,bybit,buy,5,162,-0.34213590507650266,2.9299898582055595
train,2025-12-12,btcusdt,bybit,sell,5,1139,-0.30385793328289407,4.132711911801655
train,2025-12-12,btcusdt,bybit,buy,10,162,-1.1170749834171478,4.204868202689609
train,2025-12-12,btcusdt,bybit,sell,10,1139,0.24915353041688282,6.116105385646249
train,2025-12-12,btcusdt,bybit,buy,30,162,-2.684183845920522,6.602000703034959
train,2025-12-12,btcusdt,bybit,sell,30,1139,-0.1918068683750783,9.298744212818532
train,2025-12-12,btcusdt,bybit,buy,60,162,-2.7386063806196206,7.907815432934927
train,2025-12-12,btcusdt,bybit,sell,60,1139,-0.017329734081272065,12.74201594826384
train,2025-12-12,btcusdt,bybit,buy,120,162,-3.670728198304524,10.831671264792789
train,2025-12-12,btcusdt,bybit,sell,120,1139,-1.531551120608997,19.65763603896206
train,2025-12-12,btcusdt,bybit,buy,300,162,-10.899689422695012,17.987133995157354
train,2025-12-12,btcusdt,bybit,sell,300,1139,-13.39044058898298,27.067897947202763
train,2025-12-13,btcusdt,binance,buy,-300,95,-5.020710920616166,7.888733700319031
train,2025-12-13,btcusdt,binance,sell,-300,253,6.143193162425751,7.949842522395436
train,2025-12-13,btcusdt,binance,buy,-120,95,-4.006828755083999,5.3160162010260095
train,2025-12-13,btcusdt,binance,sell,-120,253,4.161539332216778,5.6024429760724095
train,2025-12-13,btcusdt,binance,buy,-60,95,-3.7570630978809922,4.928900336444221
train,2025-12-13,btcusdt,binance,sell,-60,253,2.9992614054622893,4.214747243590983
train,2025-12-13,btcusdt,binance,buy,-30,95,-2.361541142485285,3.3392613108081446
train,2025-12-13,btcusdt,binance,sell,-30,253,2.5692624544469664,3.7596018050777946
train,2025-12-13,btcusdt,binance,buy,-10,95,-1.5580127845615095,2.1927356189903793
train,2025-12-13,btcusdt,binance,sell,-10,253,1.4993949259831232,2.196546490541834
train,2025-12-13,btcusdt,binance,buy,-5,95,-1.2328050788554012,1.877798161606171
train,2025-12-13,btcusdt,binance,sell,-5,253,0.9637834862829411,1.6764478214382206
train,2025-12-13,btcusdt,binance,buy,-1,95,-0.2421235788882352,0.7983412005057043
train,2025-12-13,btcusdt,binance,sell,-1,253,0.051574818082574664,0.6910404126059707
train,2025-12-13,btcusdt,binance,buy,0,95,0.0,0.0
train,2025-12-13,btcusdt,binance,sell,0,253,0.0,0.0
train,2025-12-13,btcusdt,binance,buy,1,95,0.01437180304764905,0.5341064441175539
train,2025-12-13,btcusdt,binance,sell,1,253,-0.027305824499464445,0.5839997228380872
train,2025-12-13,btcusdt,binance,buy,5,95,0.028737066177089533,1.3666535064654417
train,2025-12-13,btcusdt,binance,sell,5,253,0.01464995272076067,1.333992583588412
train,2025-12-13,btcusdt,binance,buy,10,95,-0.020877879077158316,2.035699742203284
train,2025-12-13,btcusdt,binance,sell,10,253,0.10835731356981976,1.734125974855315
train,2025-12-13,btcusdt,binance,buy,30,95,-0.8230608295738724,2.9000067194916985
train,2025-12-13,btcusdt,binance,sell,30,253,0.28603297695876073,2.835641827817022
train,2025-12-13,btcusdt,binance,buy,60,95,-1.08264230028166,3.243911810865408
train,2025-12-13,btcusdt,binance,sell,60,253,0.9212104848325768,4.396232666564018
train,2025-12-13,btcusdt,binance,buy,120,95,-0.5428785537092196,4.111038033438407
train,2025-12-13,btcusdt,binance,sell,120,253,1.9835735724735795,7.680080530999874
train,2025-12-13,btcusdt,binance,buy,300,95,-0.8949105186572435,5.885191811080911
train,2025-12-13,btcusdt,binance,sell,300,253,2.404480920712587,9.072654599962949
train,2025-12-13,btcusdt,bybit,buy,-300,24,-7.3582910266659525,7.362759014324604
train,2025-12-13,btcusdt,bybit,sell,-300,181,11.994804557781857,7.603142424553025
train,2025-12-13,btcusdt,bybit,buy,-120,24,-3.475196107082946,5.2580433853713435
train,2025-12-13,btcusdt,bybit,sell,-120,181,9.922423883798889,6.3777817632514475
train,2025-12-13,btcusdt,bybit,buy,-60,24,-2.6231016061818364,2.7956041161264458
train,2025-12-13,btcusdt,bybit,sell,-60,181,7.606954066221481,4.698478880995733
train,2025-12-13,btcusdt,bybit,buy,-30,24,-1.8051865369341316,2.0660489504025086
train,2025-12-13,btcusdt,bybit,sell,-30,181,7.3008704377873705,4.96757559268742
train,2025-12-13,btcusdt,bybit,buy,-10,24,-1.002263790583938,1.738996542935708
train,2025-12-13,btcusdt,bybit,sell,-10,181,3.950897745057562,2.4994884617418687
train,2025-12-13,btcusdt,bybit,buy,-5,24,-0.8723091405237456,1.2152472803063832
train,2025-12-13,btcusdt,bybit,sell,-5,181,3.2950838223011614,2.2175535259855588
train,2025-12-13,btcusdt,bybit,buy,-1,24,-0.022062316295252533,0.6556438135632638
train,2025-12-13,btcusdt,bybit,sell,-1,181,0.71665922564598,1.5346410146335208
train,2025-12-13,btcusdt,bybit,buy,0,24,0.0,0.0
train,2025-12-13,btcusdt,bybit,sell,0,181,0.0,0.0
train,2025-12-13,btcusdt,bybit,buy,1,24,0.08454477471026423,0.22016955144620887
train,2025-12-13,btcusdt,bybit,sell,1,181,-0.07812006543495463,1.2085096166141305
train,2025-12-13,btcusdt,bybit,buy,5,24,0.10680103564565581,0.8828600338797692
train,2025-12-13,btcusdt,bybit,sell,5,181,0.28975091944040643,2.4542213187096955
train,2025-12-13,btcusdt,bybit,buy,10,24,0.14742252070991674,0.9390853342717602
train,2025-12-13,btcusdt,bybit,sell,10,181,0.2721295978385329,3.0442740678928115
train,2025-12-13,btcusdt,bybit,buy,30,24,-0.48464156329244396,2.141865170965356
train,2025-12-13,btcusdt,bybit,sell,30,181,1.4669396265593915,4.833618241483316
train,2025-12-13,btcusdt,bybit,buy,60,24,-0.5950346740865187,2.729771650060771
train,2025-12-13,btcusdt,bybit,sell,60,181,3.803960380416894,6.754617129423712
train,2025-12-13,btcusdt,bybit,buy,120,24,-0.13536073492548928,3.972217322229232
train,2025-12-13,btcusdt,bybit,sell,120,181,9.80388081372467,12.594838369195715
train,2025-12-13,btcusdt,bybit,buy,300,24,-1.5518618976102416,4.03118794586453
train,2025-12-13,btcusdt,bybit,sell,300,181,12.640502879655543,12.654536500330892
train,2025-12-14,btcusdt,binance,buy,-300,197,-11.56406465339774,15.281756543309964
train,2025-12-14,btcusdt,binance,sell,-300,712,16.64829365794167,15.397765654226713
train,2025-12-14,btcusdt,binance,buy,-120,197,-9.834692886458646,10.657906248549935
train,2025-12-14,btcusdt,binance,sell,-120,712,12.631310401971048,12.563766509688419
train,2025-12-14,btcusdt,binance,buy,-60,197,-8.610510878719984,7.735600749505436
train,2025-12-14,btcusdt,binance,sell,-60,712,10.4602748345877,10.334566826852399
train,2025-12-14,btcusdt,binance,buy,-30,197,-6.345481030664543,5.592572913757823
train,2025-12-14,btcusdt,binance,sell,-30,712,7.589710357900907,7.863172355761769
train,2025-12-14,btcusdt,binance,buy,-10,197,-3.5710670661116537,3.2813400493188363
train,2025-12-14,btcusdt,binance,sell,-10,712,4.001203843699675,5.39293554612874
train,2025-12-14,btcusdt,binance,buy,-5,197,-2.401715622663933,2.472503383678845
train,2025-12-14,btcusdt,binance,sell,-5,712,2.4233526202406477,4.547001301055319
train,2025-12-14,btcusdt,binance,buy,-1,197,-0.276409620967737,1.1700833476364936
train,2025-12-14,btcusdt,binance,sell,-1,712,0.22312897242996252,1.945964333612004
train,2025-12-14,btcusdt,binance,buy,0,197,0.0,0.0
train,2025-12-14,btcusdt,binance,sell,0,712,0.0,0.0
train,2025-12-14,btcusdt,binance,buy,1,197,0.056667442580680454,1.042582094677418
train,2025-12-14,btcusdt,binance,sell,1,712,-0.1347877205765458,2.022469090422818
train,2025-12-14,btcusdt,binance,buy,5,197,-0.05888728092747054,2.358465202703479
train,2025-12-14,btcusdt,binance,sell,5,712,0.12207263895406165,4.049039287407542
train,2025-12-14,btcusdt,binance,buy,10,197,-0.025009256780617935,3.2746581662797722
train,2025-12-14,btcusdt,binance,sell,10,712,0.4555965223148684,5.662383241135044
train,2025-12-14,btcusdt,binance,buy,30,197,0.0087104988220102,4.761480534346632
train,2025-12-14,btcusdt,binance,sell,30,712,0.819170296864312,9.26495612018254
train,2025-12-14,btcusdt,binance,buy,60,197,-0.41320282356456595,7.3549498595641865
train,2025-12-14,btcusdt,binance,sell,60,712,2.0701794057802343,9.79512190761568
train,2025-12-14,btcusdt,binance,buy,120,197,-1.6434149712000266,9.503569353596825
train,2025-12-14,btcusdt,binance,sell,120,712,3.799397932603899,12.390490263358815
train,2025-12-14,btcusdt,binance,buy,300,197,-3.6782614482144345,11.349670211852763
train,2025-12-14,btcusdt,binance,sell,300,712,4.2920643657785025,12.6386234603528
train,2025-12-14,btcusdt,bybit,buy,-300,39,-16.625584661159234,14.80760231398079
train,2025-12-14,btcusdt,bybit,sell,-300,2229,35.75065411793858,22.242957261408552
train,2025-12-14,btcusdt,bybit,buy,-120,39,-13.983750301484084,12.344775432438665
train,2025-12-14,btcusdt,bybit,sell,-120,2229,30.558806743087903,19.4807585396448
train,2025-12-14,btcusdt,bybit,buy,-60,39,-10.148657850479362,7.597023937798698
train,2025-12-14,btcusdt,bybit,sell,-60,2229,25.379133469064644,15.994006091087432
train,2025-12-14,btcusdt,bybit,buy,-30,39,-7.712408568075219,6.50911928789034
train,2025-12-14,btcusdt,bybit,sell,-30,2229,20.919254408217757,15.036194664259382
train,2025-12-14,btcusdt,bybit,buy,-10,39,-4.90773683873154,4.1174379507386405
train,2025-12-14,btcusdt,bybit,sell,-10,2229,15.04854251771703,13.342114148003063
train,2025-12-14,btcusdt,bybit,buy,-5,39,-3.3494290350756786,3.2413112553603574
train,2025-12-14,btcusdt,bybit,sell,-5,2229,13.431335084838762,14.575394391872285
train,2025-12-14,btcusdt,bybit,buy,-1,39,-0.20794983254651328,1.1539501839622992
train,2025-12-14,btcusdt,bybit,sell,-1,2229,1.5448134217696143,6.7546363403072425
train,2025-12-14,btcusdt,bybit,buy,0,39,0.0,0.0
train,2025-12-14,btcusdt,bybit,sell,0,2229,0.0,0.0
train,2025-12-14,btcusdt,bybit,buy,1,39,-0.13281469018762687,1.2601810700169225
train,2025-12-14,btcusdt,bybit,sell,1,2229,-0.03287155341464878,3.1681426710784732
train,2025-12-14,btcusdt,bybit,buy,5,39,-1.4549264726516316,4.041210214536185
train,2025-12-14,btcusdt,bybit,sell,5,2229,3.710012950174622,8.196410375778813
train,2025-12-14,btcusdt,bybit,buy,10,39,-2.4294936771327493,4.7160415396131885
train,2025-12-14,btcusdt,bybit,sell,10,2229,5.071417451420549,13.54441356048428
train,2025-12-14,btcusdt,bybit,buy,30,39,-3.0501545336296223,4.953218447241139
train,2025-12-14,btcusdt,bybit,sell,30,2229,5.847789055268037,15.380002207249502
train,2025-12-14,btcusdt,bybit,buy,60,39,-4.895420249523732,8.69261764274025
train,2025-12-14,btcusdt,bybit,sell,60,2229,11.622310623984685,15.779490358648584
train,2025-12-14,btcusdt,bybit,buy,120,39,-7.831391575284158,7.81361662707799
train,2025-12-14,btcusdt,bybit,sell,120,2229,18.396746578556428,17.99515315728425
train,2025-12-14,btcusdt,bybit,buy,300,39,-10.83156647042546,12.543040328224876
train,2025-12-14,btcusdt,bybit,sell,300,2229,18.17935251791156,18.496924532086368
train,2025-12-15,btcusdt,binance,buy,-300,585,-19.470728012072765,18.614524551096327
train,2025-12-15,btcusdt,binance,sell,-300,1257,28.437733257800296,22.228122967531483
train,2025-12-15,btcusdt,binance,buy,-120,585,-17.93699210125093,15.992818511052842
train,2025-12-15,btcusdt,binance,sell,-120,1257,17.999057974604487,13.714709955791562
train,2025-12-15,btcusdt,binance,buy,-60,585,-14.513693124011589,12.647975849700195
train,2025-12-15,btcusdt,binance,sell,-60,1257,12.7500914191481,9.75507857309875
train,2025-12-15,btcusdt,binance,buy,-30,585,-10.842286837684984,9.50059741880277
train,2025-12-15,btcusdt,binance,sell,-30,1257,9.045182984818426,7.311671136808657
train,2025-12-15,btcusdt,binance,buy,-10,585,-5.917785034491015,5.73590487985926
train,2025-12-15,btcusdt,binance,sell,-10,1257,4.825065288884451,4.518690577876935
train,2025-12-15,btcusdt,binance,buy,-5,585,-3.7277038072271274,3.700209044103231
train,2025-12-15,btcusdt,binance,sell,-5,1257,2.792195306802659,3.1427149502148586
train,2025-12-15,btcusdt,binance,buy,-1,585,-0.4048533332248759,1.569229572124624
train,2025-12-15,btcusdt,binance,sell,-1,1257,0.1819342581333127,1.5784659079502914
train,2025-12-15,btcusdt,binance,buy,0,585,0.0,0.0
train,2025-12-15,btcusdt,binance,sell,0,1257,0.0,0.0
train,2025-12-15,btcusdt,binance,buy,1,585,0.10549384866895474,1.3229334242154993
train,2025-12-15,btcusdt,binance,sell,1,1257,-0.08146957790254496,1.5334486437909525
train,2025-12-15,btcusdt,binance,buy,5,585,0.05854339037607986,3.6780161270524117
train,2025-12-15,btcusdt,binance,sell,5,1257,-0.09541304769908206,3.8204134611704403
train,2025-12-15,btcusdt,binance,buy,10,585,-0.004909954859121792,4.994957335603092
train,2025-12-15,btcusdt,binance,sell,10,1257,0.11644415082216567,5.543613929980951
train,2025-12-15,btcusdt,binance,buy,30,585,0.13631531542606592,8.42836130908232
train,2025-12-15,btcusdt,binance,sell,30,1257,0.4588100851525605,7.992517826644154
train,2025-12-15,btcusdt,binance,buy,60,585,0.25922191565398517,11.343386481097388
train,2025-12-15,btcusdt,binance,sell,60,1257,0.6763713422237035,12.06124134232698
train,2025-12-15,btcusdt,binance,buy,120,585,-1.6469952915614952,14.352560914704457
train,2025-12-15,btcusdt,binance,sell,120,1257,0.7749351076731044,16.632014398863276
train,2025-12-15,btcusdt,binance,buy,300,585,-3.6240872612501978,20.566798606390446
train,2025-12-15,btcusdt,binance,sell,300,1257,-3.62212967461827,26.557865217726672
train,2025-12-15,btcusdt,bybit,buy,-300,496,-28.359788428769903,20.349205405231285
train,2025-12-15,btcusdt,bybit,sell,-300,3781,42.091312965896826,17.71836567893409
train,2025-12-15,btcusdt,bybit,buy,-120,496,-24.05430552925322,17.99537355694847
train,2025-12-15,btcusdt,bybit,sell,-120,3781,26.38263902898341,12.975377200014306
train,2025-12-15,btcusdt,bybit,buy,-60,496,-18.049812620743392,14.5047856112117
train,2025-12-15,btcusdt,bybit,sell,-60,3781,18.58590706126525,9.411551156792234
train,2025-12-15,btcusdt,bybit,buy,-30,496,-12.879319009524872,10.374816177306021
train,2025-12-15,btcusdt,bybit,sell,-30,3781,13.223819708423644,6.675207508376
train,2025-12-15,btcusdt,bybit,buy,-10,496,-7.884825726552451,6.458353225035955
train,2025-12-15,btcusdt,bybit,sell,-10,3781,8.793674831601681,5.136721213032534
train,2025-12-15,btcusdt,bybit,buy,-5,496,-5.171087619901825,4.200998818855472
train,2025-12-15,btcusdt,bybit,sell,-5,3781,5.8179287200706575,3.7495516139141145
train,2025-12-15,btcusdt,bybit,buy,-1,496,-0.9009997414624261,2.060088902598265
train,2025-12-15,btcusdt,bybit,sell,-1,3781,0.7157139918689792,1.9865095608171117
train,2025-12-15,btcusdt,bybit,buy,0,496,0.0,0.0
train,2025-12-15,btcusdt,bybit,sell,0,3781,0.0,0.0
train,2025-12-15,btcusdt,bybit,buy,1,496,0.1948989570792272,1.6246302121392109
train,2025-12-15,btcusdt,bybit,sell,1,3781,-0.07418224088768131,1.8730204007621059
train,2025-12-15,btcusdt,bybit,buy,5,496,0.6619560433358361,4.416395155106237
train,2025-12-15,btcusdt,bybit,sell,5,3781,0.25311410294828657,4.669467015814483
train,2025-12-15,btcusdt,bybit,buy,10,496,0.6840472153892033,5.317586066243854
train,2025-12-15,btcusdt,bybit,sell,10,3781,1.2076804712020264,6.330430742052654
train,2025-12-15,btcusdt,bybit,buy,30,496,0.06906086198733473,7.705848129847356
train,2025-12-15,btcusdt,bybit,sell,30,3781,2.2441135402140455,8.267101606138887
train,2025-12-15,btcusdt,bybit,buy,60,496,-0.2866951046373874,10.814333288065045
train,2025-12-15,btcusdt,bybit,sell,60,3781,2.600542426845855,14.43890703232938
train,2025-12-15,btcusdt,bybit,buy,120,496,-3.944955775209037,13.944928697167455
train,2025-12-15,btcusdt,bybit,sell,120,3781,4.676249971068617,21.068499841038836
train,2025-12-15,btcusdt,bybit,buy,300,496,-6.310817324374653,22.479916922457868
train,2025-12-15,btcusdt,bybit,sell,300,3781,-3.0278742541336783,29.03434231411548
train,2025-12-16,btcusdt,binance,buy,-300,538,-25.72978950687404,24.892210462841298
train,2025-12-16,btcusdt,binance,sell,-300,661,19.735783150268176,19.88189503774002
train,2025-12-16,btcusdt,binance,buy,-120,538,-19.46949457412348,15.046844564998205
train,2025-12-16,btcusdt,binance,sell,-120,661,14.032888778890035,13.80130042807827
train,2025-12-16,btcusdt,binance,buy,-60,538,-15.301140803570487,12.745336323078764
train,2025-12-16,btcusdt,binance,sell,-60,661,11.139946994251638,10.017592552691696
train,2025-12-16,btcusdt,binance,buy,-30,538,-11.68820171284063,9.809222798915398
train,2025-12-16,btcusdt,binance,sell,-30,661,8.189046353674252,7.453249643817296
train,2025-12-16,btcusdt,binance,buy,-10,538,-6.61337362785475,6.925880049940583
train,2025-12-16,btcusdt,binance,sell,-10,661,4.5537740835861635,4.817635202338555
train,2025-12-16,btcusdt,binance,buy,-5,538,-4.0532907235822195,4.491489157764145
train,2025-12-16,btcusdt,binance,sell,-5,661,2.818309322730313,3.548782105761995
train,2025-12-16,btcusdt,binance,buy,-1,538,-0.4727037739297377,1.86175977965289
train,2025-12-16,btcusdt,binance,sell,-1,661,0.2000288209744679,1.4877678671731858
train,2025-12-16,btcusdt,binance,buy,0,538,0.0,0.0
train,2025-12-16,btcusdt,binance,sell,0,661,0.0,0.0
train,2025-12-16,btcusdt,binance,buy,1,538,0.1817528846184745,1.8257961411432397
train,2025-12-16,btcusdt,binance,sell,1,661,-0.09921330566098817,1.6079192658960137
train,2025-12-16,btcusdt,binance,buy,5,538,0.13126998766712028,4.14632798017135
train,2025-12-16,btcusdt,binance,sell,5,661,0.21378090643885866,3.5273395415585242
train,2025-12-16,btcusdt,binance,buy,10,538,-0.3054450050933734,6.075646775082204
train,2025-12-16,btcusdt,binance,sell,10,661,0.520262384659871,4.902060181358764
train,2025-12-16,btcusdt,binance,buy,30,538,-0.44512935657845193,9.495871481699739
train,2025-12-16,btcusdt,binance,sell,30,661,1.7751401366089221,8.049289522120274
train,2025-12-16,btcusdt,binance,buy,60,538,-0.9545436206781605,12.331690279336671
train,2025-12-16,btcusdt,binance,sell,60,661,2.677359747520926,10.512815368766818
train,2025-12-16,btcusdt,binance,buy,120,538,-1.5756115011561833,15.479779518932348
train,2025-12-16,btcusdt,binance,sell,120,661,3.461408633784592,13.907653234201618
train,2025-12-16,btcusdt,binance,buy,300,538,-2.1600790561261864,25.209893730602367
train,2025-12-16,btcusdt,binance,sell,300,661,6.961496256744524,22.52320508103099
train,2025-12-16,btcusdt,bybit,buy,-300,715,-40.84521599358023,23.164739771361102
train,2025-12-16,btcusdt,bybit,sell,-300,845,32.44147507092876,25.015648096382275
train,2025-12-16,btcusdt,bybit,buy,-120,715,-28.563963792915064,14.358003114963802
train,2025-12-16,btcusdt,bybit,sell,-120,845,24.720821145078627,17.155958325487493
train,2025-12-16,btcusdt,bybit,buy,-60,715,-24.271043233541334,14.666934522784231
train,2025-12-16,btcusdt,bybit,sell,-60,845,19.3520544211653,13.726772472555181
train,2025-12-16,btcusdt,bybit,buy,-30,715,-18.702232020234277,11.40101836461375
train,2025-12-16,btcusdt,bybit,sell,-30,845,13.21182606517297,8.268601413507874
train,2025-12-16,btcusdt,bybit,buy,-10,715,-12.682384129907648,10.053038657247855
train,2025-12-16,btcusdt,bybit,sell,-10,845,9.095318630147315,6.6435681242252
train,2025-12-16,btcusdt,bybit,buy,-5,715,-7.92621788426505,7.619014371617085
train,2025-12-16,btcusdt,bybit,sell,-5,845,6.861090697658207,5.251602172340597
train,2025-12-16,btcusdt,bybit,buy,-1,715,-1.2034191044215528,2.8870825574939447
train,2025-12-16,btcusdt,bybit,sell,-1,845,0.9987470316920123,2.515712618739881
train,2025-12-16,btcusdt,bybit,buy,0,715,0.0,0.0
train,2025-12-16,btcusdt,bybit,sell,0,845,0.0,0.0
train,2025-12-16,btcusdt,bybit,buy,1,715,-0.0668167129104365,2.6425344356506812
train,2025-12-16,btcusdt,bybit,sell,1,845,-0.0036707700894069127,2.2041434263390602
train,2025-12-16,btcusdt,bybit,buy,5,715,0.40092988507570637,5.678391291204787
train,2025-12-16,btcusdt,bybit,sell,5,845,0.7356054070429414,5.239898328216934
train,2025-12-16,btcusdt,bybit,buy,10,715,-1.2211364266226703,7.977507150850777
train,2025-12-16,btcusdt,bybit,sell,10,845,1.434212588982385,7.813679021480668
train,2025-12-16,btcusdt,bybit,buy,30,715,-2.860828375287097,12.477654188747557
train,2025-12-16,btcusdt,bybit,sell,30,845,5.200271857045115,11.87509341486728
train,2025-12-16,btcusdt,bybit,buy,60,715,-4.125854213896201,15.728428297956217
train,2025-12-16,btcusdt,bybit,sell,60,845,7.834820617350144,13.865013247542139
train,2025-12-16,btcusdt,bybit,buy,120,715,-3.110289138470669,17.306237425412718
train,2025-12-16,btcusdt,bybit,sell,120,845,10.37335738444961,19.062933186537325
train,2025-12-16,btcusdt,bybit,buy,300,715,-8.143067605279608,37.22402867743611
train,2025-12-16,btcusdt,bybit,sell,300,845,16.8251688539878,30.336988343162442
train,2025-12-17,btcusdt,binance,buy,-300,628,-42.06585203642978,57.550199048167755
train,2025-12-17,btcusdt,binance,sell,-300,1014,29.314207765421077,30.98240303108126
train,2025-12-17,btcusdt,binance,buy,-120,628,-27.68795744200582,31.386559193856446
train,2025-12-17,btcusdt,binance,sell,-120,1014,21.37778548023345,19.537603504833395
train,2025-12-17,btcusdt,binance,buy,-60,628,-20.771394848879158,22.02338205741722
train,2025-12-17,btcusdt,binance,sell,-60,1014,16.437156949218604,14.396210095187914
train,2025-12-17,btcusdt,binance,buy,-30,628,-15.817486394406824,16.677960369922715
train,2025-12-17,btcusdt,binance,sell,-30,1014,11.890606761484092,10.082586718838186
train,2025-12-17,btcusdt,binance,buy,-10,628,-8.534728047454859,8.632721449615183
train,2025-12-17,btcusdt,binance,sell,-10,1014,6.561474690573423,6.439420237427885
train,2025-12-17,btcusdt,binance,buy,-5,628,-5.284371930464984,5.971265552611719
train,2025-12-17,btcusdt,binance,sell,-5,1014,3.862454611922124,4.371342854831757
train,2025-12-17,btcusdt,binance,buy,-1,628,-0.608382172694992,2.643704332755627
train,2025-12-17,btcusdt,binance,sell,-1,1014,0.32670145794152317,1.881417311184634
train,2025-12-17,btcusdt,binance,buy,0,628,0.0,0.0
train,2025-12-17,btcusdt,binance,sell,0,1014,0.0,0.0
train,2025-12-17,btcusdt,binance,buy,1,628,0.16418969025373634,2.6061169240803204
train,2025-12-17,btcusdt,binance,sell,1,1014,-0.14351400418840304,1.8067330459260937
train,2025-12-17,btcusdt,binance,buy,5,628,0.48651954645688905,6.914723842029784
train,2025-12-17,btcusdt,binance,sell,5,1014,-0.18645202792827045,4.3107292510587465
train,2025-12-17,btcusdt,binance,buy,10,628,0.792541653963638,10.399791026567678
train,2025-12-17,btcusdt,binance,sell,10,1014,-0.23357575284547966,6.096865182934399
train,2025-12-17,btcusdt,binance,buy,30,628,0.7416480100251911,17.09431222224591
train,2025-12-17,btcusdt,binance,sell,30,1014,0.10394611208602765,11.015469116496535
train,2025-12-17,btcusdt,binance,buy,60,628,2.6742411596504017,21.547361544357578
train,2025-12-17,btcusdt,binance,sell,60,1014,0.7842331408133733,14.375990511174685
train,2025-12-17,btcusdt,binance,buy,120,628,2.1720346952633998,30.945147853498735
train,2025-12-17,btcusdt,binance,sell,120,1014,-0.031212597882420975,17.787469057334537
train,2025-12-17,btcusdt,binance,buy,300,628,6.568349529611981,45.84656746400535
train,2025-12-17,btcusdt,binance,sell,300,1014,-3.073620567680251,26.51562343041412
train,2025-12-17,btcusdt,bybit,buy,-300,1479,-109.44010138079182,66.50894214499948
train,2025-12-17,btcusdt,bybit,sell,-300,1768,43.19705569911364,29.98406977815255
train,2025-12-17,btcusdt,bybit,buy,-120,1479,-66.86718233115367,40.18172067927691
train,2025-12-17,btcusdt,bybit,sell,-120,1768,31.20045073095733,19.25804323854628
train,2025-12-17,btcusdt,bybit,buy,-60,1479,-48.84525623232368,37.066283235423484
train,2025-12-17,btcusdt,bybit,sell,-60,1768,22.820413086706722,14.337710924941886
train,2025-12-17,btcusdt,bybit,buy,-30,1479,-38.35000172245434,29.625547586137554
train,2025-12-17,btcusdt,bybit,sell,-30,1768,17.47277336499316,11.025221570621943
train,2025-12-17,btcusdt,bybit,buy,-10,1479,-20.13893564656555,13.90839234914926
train,2025-12-17,btcusdt,bybit,sell,-10,1768,10.766365223834324,8.136475093267357
train,2025-12-17,btcusdt,bybit,buy,-5,1479,-14.66907939773399,11.238258165891938
train,2025-12-17,btcusdt,bybit,sell,-5,1768,7.391824014057582,5.663182740650444
train,2025-12-17,btcusdt,bybit,buy,-1,1479,-2.447685649091553,4.643224808546271
train,2025-12-17,btcusdt,bybit,sell,-1,1768,1.1235415454483986,2.424634632127148
train,2025-12-17,btcusdt,bybit,buy,0,1479,0.0,0.0
train,2025-12-17,btcusdt,bybit,sell,0,1768,0.0,0.0
train,2025-12-17,btcusdt,bybit,buy,1,1479,1.34337179919727,4.060737573763536
train,2025-12-17,btcusdt,bybit,sell,1,1768,-0.39222160111865745,2.2713758541916476
train,2025-12-17,btcusdt,bybit,buy,5,1479,2.142100138718322,10.59066001654574
train,2025-12-17,btcusdt,bybit,sell,5,1768,-0.7513477262876416,5.921015564826488
train,2025-12-17,btcusdt,bybit,buy,10,1479,2.354278916186896,17.47488675022862
train,2025-12-17,btcusdt,bybit,sell,10,1768,-0.5145808883929329,7.9575059019178305
train,2025-12-17,btcusdt,bybit,buy,30,1479,0.27244687888320285,23.391910085480358
train,2025-12-17,btcusdt,bybit,sell,30,1768,-0.31208475943848035,13.081834052216918
train,2025-12-17,btcusdt,bybit,buy,60,1479,8.412308110804577,29.57792017379132
train,2025-12-17,btcusdt,bybit,sell,60,1768,3.2490059619951115,15.464099747948977
train,2025-12-17,btcusdt,bybit,buy,120,1479,13.472949927197064,43.23149197710955
train,2025-12-17,btcusdt,bybit,sell,120,1768,-0.6238613934349962,16.997656232444278
train,2025-12-17,btcusdt,bybit,buy,300,1479,23.61831308854712,52.812381438525435
train,2025-12-17,btcusdt,bybit,sell,300,1768,-6.5756199553504295,26.4923577002619
train,2025-12-18,btcusdt,binance,buy,-300,706,-28.64684227966584,25.58770623207481
train,2025-12-18,btcusdt,binance,sell,-300,848,38.412070061647434,30.137036942285018
train,2025-12-18,btcusdt,binance,buy,-120,706,-24.315346792149363,18.484048795512585
train,2025-12-18,btcusdt,binance,sell,-120,848,23.418085230492828,17.457614073568216
train,2025-12-18,btcusdt,binance,buy,-60,706,-18.62258348603772,16.42360233696127
train,2025-12-18,btcusdt,binance,sell,-60,848,17.12772611323153,13.427783706947487
train,2025-12-18,btcusdt,binance,buy,-30,706,-14.49394885541347,12.731104106690943
train,2025-12-18,btcusdt,binance,sell,-30,848,12.796311732296141,10.241347598311352
train,2025-12-18,btcusdt,binance,buy,-10,706,-8.24159438212459,7.903254908663569
train,2025-12-18,btcusdt,binance,sell,-10,848,7.307309138877228,7.014973432656791
train,2025-12-18,btcusdt,binance,buy,-5,706,-5.056802778370158,5.156530964828781
train,2025-12-18,btcusdt,binance,sell,-5,848,4.437508935880847,5.385450261678922
train,2025-12-18,btcusdt,binance,buy,-1,706,-0.40303393874066384,2.3295869260864643
train,2025-12-18,btcusdt,binance,sell,-1,848,0.18800171206031085,2.2792537352404407
train,2025-12-18,btcusdt,binance,buy,0,706,0.0,0.0
train,2025-12-18,btcusdt,binance,sell,0,848,0.0,0.0
train,2025-12-18,btcusdt,binance,buy,1,706,0.1526264697125639,2.304958715355993
train,2025-12-18,btcusdt,binance,sell,1,848,-0.027486740585179033,2.5636688250443864
train,2025-12-18,btcusdt,binance,buy,5,706,0.13895838882748243,5.675260855497667
train,2025-12-18,btcusdt,binance,sell,5,848,0.1893757127149155,5.62181787825892
train,2025-12-18,btcusdt,binance,buy,10,706,0.03751545874589534,8.031955312200562
train,2025-12-18,btcusdt,binance,sell,10,848,0.5334825045300923,7.127111832681491
train,2025-12-18,btcusdt,binance,buy,30,706,-0.8979332585428442,11.97598317036268
train,2025-12-18,btcusdt,binance,sell,30,848,1.197929087666186,11.349078910355637
train,2025-12-18,btcusdt,binance,buy,60,706,-1.0360106963234923,12.797432922502917
train,2025-12-18,btcusdt,binance,sell,60,848,0.4215858713408942,14.13916273745437
train,2025-12-18,btcusdt,binance,buy,120,706,-2.62816286219773,16.617564173162208
train,2025-12-18,btcusdt,binance,sell,120,848,-1.9745816433799674,19.7158837945766
train,2025-12-18,btcusdt,binance,buy,300,706,-4.188334922152347,27.383757476310542
train,2025-12-18,btcusdt,binance,sell,300,848,-6.840955109696945,34.28779663843442
train,2025-12-18,btcusdt,bybit,buy,-300,1217,-47.20463215999865,27.422480943377007
train,2025-12-18,btcusdt,bybit,sell,-300,2014,58.81828020616069,24.804526024926812
train,2025-12-18,btcusdt,bybit,buy,-120,1217,-38.87057790071481,25.539482732480607
train,2025-12-18,btcusdt,bybit,sell,-120,2014,34.63557027622186,16.467936209264895
train,2025-12-18,btcusdt,bybit,buy,-60,1217,-32.87251622541129,27.82887718793159
train,2025-12-18,btcusdt,bybit,sell,-60,2014,28.26514130397521,16.90135168159655
train,2025-12-18,btcusdt,bybit,buy,-30,1217,-23.900056834628113,18.162982670551305
train,2025-12-18,btcusdt,bybit,sell,-30,2014,23.39188321290223,16.401819749605064
train,2025-12-18,btcusdt,bybit,buy,-10,1217,-15.531710015436367,14.050413806340757
train,2025-12-18,btcusdt,bybit,sell,-10,2014,17.529423590049433,14.437425004676435
train,2025-12-18,btcusdt,bybit,buy,-5,1217,-9.889348322274486,8.053496284420785
train,2025-12-18,btcusdt,bybit,sell,-5,2014,13.828807775969445,12.996079746834054
train,2025-12-18,btcusdt,bybit,buy,-1,1217,-1.6449047339156828,3.9235864326764256
train,2025-12-18,btcusdt,bybit,sell,-1,2014,1.9615336312605598,6.346826895073761
train,2025-12-18,btcusdt,bybit,buy,0,1217,0.0,0.0
train,2025-12-18,btcusdt,bybit,sell,0,2014,0.0,0.0
train,2025-12-18,btcusdt,bybit,buy,1,1217,0.4480955446419681,4.268889851178157
train,2025-12-18,btcusdt,bybit,sell,1,2014,0.0778500778530232,3.8092963234546353
train,2025-12-18,btcusdt,bybit,buy,5,1217,0.6163265000965853,8.547329103372592
train,2025-12-18,btcusdt,bybit,sell,5,2014,2.5643745923788512,7.020179847393041
train,2025-12-18,btcusdt,bybit,buy,10,1217,-2.343429116678683,11.47357568831611
train,2025-12-18,btcusdt,bybit,sell,10,2014,4.995777399140654,9.256976635387216
train,2025-12-18,btcusdt,bybit,buy,30,1217,-3.3505732903607335,16.550144288000542
train,2025-12-18,btcusdt,bybit,sell,30,2014,4.105690396224113,13.512008150365558
train,2025-12-18,btcusdt,bybit,buy,60,1217,-6.3142052938529245,15.827591724131635
train,2025-12-18,btcusdt,bybit,sell,60,2014,6.858445651851714,17.48040892338639
train,2025-12-18,btcusdt,bybit,buy,120,1217,-9.391360699501266,19.64295879341594
train,2025-12-18,btcusdt,bybit,sell,120,2014,0.30132547703736495,19.679060214490264
train,2025-12-18,btcusdt,bybit,buy,300,1217,-13.651066612555468,33.931769745946326
train,2025-12-18,btcusdt,bybit,sell,300,2014,-9.331364211805399,34.13091487444342
train,2025-12-19,btcusdt,binance,buy,-300,817,-32.780229012498445,29.206384128742126
train,2025-12-19,btcusdt,binance,sell,-300,422,25.321554439962927,28.99109217440379
train,2025-12-19,btcusdt,binance,buy,-120,817,-23.726088161803897,18.087824467808353
train,2025-12-19,btcusdt,binance,sell,-120,422,21.641828259850477,19.555860921987474
train,2025-12-19,btcusdt,binance,buy,-60,817,-17.154512963229994,12.926997537742416
train,2025-12-19,btcusdt,binance,sell,-60,422,16.15978045123321,13.228781714239513
train,2025-12-19,btcusdt,binance,buy,-30,817,-13.029358678547894,9.589352332903724
train,2025-12-19,btcusdt,binance,sell,-30,422,12.552017794838298,10.790961644296306
train,2025-12-19,btcusdt,binance,buy,-10,817,-6.9997344359630205,5.936280921178831
train,2025-12-19,btcusdt,binance,sell,-10,422,6.772011297753918,6.932931241736742
train,2025-12-19,btcusdt,binance,buy,-5,817,-4.592857231320183,4.569957975497237
train,2025-12-19,btcusdt,binance,sell,-5,422,4.538664477212189,5.420939972822996
train,2025-12-19,btcusdt,binance,buy,-1,817,-0.44801009445702056,2.1361385771936034
train,2025-12-19,btcusdt,binance,sell,-1,422,0.25169293361670186,2.2438674347302143
train,2025-12-19,btcusdt,binance,buy,0,817,0.0,0.0
train,2025-12-19,btcusdt,binance,sell,0,422,0.0,0.0
train,2025-12-19,btcusdt,binance,buy,1,817,-0.04461111374215453,2.104193439464471
train,2025-12-19,btcusdt,binance,sell,1,422,-0.03822252936840723,2.3481557859893973
train,2025-12-19,btcusdt,binance,buy,5,817,-0.054886662761201646,4.792360534297541
train,2025-12-19,btcusdt,binance,sell,5,422,0.27570958695263337,4.736877097161875
train,2025-12-19,btcusdt,binance,buy,10,817,0.28510455027400233,6.39542388451457
train,2025-12-19,btcusdt,binance,sell,10,422,0.25841481037715386,5.257739045350017
train,2025-12-19,btcusdt,binance,buy,30,817,0.22200932307406485,9.346585891400672
train,2025-12-19,btcusdt,binance,sell,30,422,0.05437193644571245,8.490772740900507
train,2025-12-19,btcusdt,binance,buy,60,817,1.5349824184108618,13.9304610846854
train,2025-12-19,btcusdt,binance,sell,60,422,-0.7429379390312061,11.460852393080526
train,2025-12-19,btcusdt,binance,buy,120,817,1.6385652409105487,19.163465178883083
train,2025-12-19,btcusdt,binance,sell,120,422,-1.2590605757641449,20.112062658446384
train,2025-12-19,btcusdt,binance,buy,300,817,-0.07760324520326001,36.02794083855604
train,2025-12-19,btcusdt,binance,sell,300,422,1.8632823314270759,30.488187100288375
train,2025-12-19,btcusdt,bybit,buy,-300,1451,-59.84131692722189,29.705016683169855
train,2025-12-19,btcusdt,bybit,sell,-300,412,45.84458280702836,35.331501016235094
train,2025-12-19,btcusdt,bybit,buy,-120,1451,-39.92244386613351,22.307143015230693
train,2025-12-19,btcusdt,bybit,sell,-120,412,36.63774174460018,20.857888086213844
train,2025-12-19,btcusdt,bybit,buy,-60,1451,-28.720777810602325,18.459344298605238
train,2025-12-19,btcusdt,bybit,sell,-60,412,23.4219363726628,13.984758480007658
train,2025-12-19,btcusdt,bybit,buy,-30,1451,-20.98827748930291,12.332556433798965
train,2025-12-19,btcusdt,bybit,sell,-30,412,20.61900209339887,14.754882901807385
train,2025-12-19,btcusdt,bybit,buy,-10,1451,-12.59374276736039,8.052715488260946
train,2025-12-19,btcusdt,bybit,sell,-10,412,13.432932643774231,10.547804205438577
train,2025-12-19,btcusdt,bybit,buy,-5,1451,-10.116372152058402,8.118227762731545
train,2025-12-19,btcusdt,bybit,sell,-5,412,11.474343606521579,9.828952508082915
train,2025-12-19,btcusdt,bybit,buy,-1,1451,-1.4182630803097647,3.7076009187083647
train,2025-12-19,btcusdt,bybit,sell,-1,412,1.3649468022125586,3.926732252836909
train,2025-12-19,btcusdt,bybit,buy,0,1451,0.0,0.0
train,2025-12-19,btcusdt,bybit,sell,0,412,0.0,0.0
train,2025-12-19,btcusdt,bybit,buy,1,1451,-0.023763856012358173,3.407976710839404
train,2025-12-19,btcusdt,bybit,sell,1,412,0.1561028230989946,3.154260924575576
train,2025-12-19,btcusdt,bybit,buy,5,1451,-1.0530251050409984,6.614882297604126
train,2025-12-19,btcusdt,bybit,sell,5,412,2.151882630930955,5.713829837969951
train,2025-12-19,btcusdt,bybit,buy,10,1451,-1.2299207457997996,8.391792857816151
train,2025-12-19,btcusdt,bybit,sell,10,412,0.3461848624692464,6.855807068067155
train,2025-12-19,btcusdt,bybit,buy,30,1451,-1.1736254857722963,10.782608454468361
train,2025-12-19,btcusdt,bybit,sell,30,412,2.12023722047725,10.195742495116548
train,2025-12-19,btcusdt,bybit,buy,60,1451,1.8269887648699834,15.67689639515456
train,2025-12-19,btcusdt,bybit,sell,60,412,-0.8023593499826126,11.103184579991439
train,2025-12-19,btcusdt,bybit,buy,120,1451,0.22131814588405,25.55339150280617
train,2025-12-19,btcusdt,bybit,sell,120,412,4.071682946555232,23.18395046212175
train,2025-12-19,btcusdt,bybit,buy,300,1451,-11.672923808219082,57.78586830555712
train,2025-12-19,btcusdt,bybit,sell,300,412,9.380112864907902,37.28916233640085
train,2025-12-20,btcusdt,binance,buy,-300,143,-4.240145904906252,6.947629096758246
train,2025-12-20,btcusdt,binance,sell,-300,109,5.4082654888138215,7.911701864293641
train,2025-12-20,btcusdt,binance,buy,-120,143,-3.076881227710621,5.411156124439455
train,2025-12-20,btcusdt,binance,sell,-120,109,4.625116676498052,6.039425827257112
train,2025-12-20,btcusdt,binance,buy,-60,143,-2.7162814043203998,4.502545555509099
train,2025-12-20,btcusdt,binance,sell,-60,109,4.073732813520098,5.874967295761819
train,2025-12-20,btcusdt,binance,buy,-30,143,-2.307935933449352,4.112918693677439
train,2025-12-20,btcusdt,binance,sell,-30,109,3.5693955609789776,5.844844225990519
train,2025-12-20,btcusdt,binance,buy,-10,143,-1.751134851695711,3.3334674563046214
train,2025-12-20,btcusdt,binance,sell,-10,109,2.2113830357645647,4.2943407936419975
train,2025-12-20,btcusdt,binance,buy,-5,143,-1.3032337098918538,2.996201597762702
train,2025-12-20,btcusdt,binance,sell,-5,109,1.5382320635651985,3.789050312978422
train,2025-12-20,btcusdt,binance,buy,-1,143,-0.10282004135375669,0.7178399148461199
train,2025-12-20,btcusdt,binance,sell,-1,109,-0.05209979842190574,1.2861043162502832
train,2025-12-20,btcusdt,binance,buy,0,143,0.0,0.0
train,2025-12-20,btcusdt,binance,sell,0,109,0.0,0.0
train,2025-12-20,btcusdt,binance,buy,1,143,-0.06458919990486336,0.447329837946221
train,2025-12-20,btcusdt,binance,sell,1,109,0.09523633403854434,1.323761792141812
train,2025-12-20,btcusdt,binance,buy,5,143,0.0035550483403879378,1.097323968389142
train,2025-12-20,btcusdt,binance,sell,5,109,0.6494088978668636,2.4475193335259657
train,2025-12-20,btcusdt,binance,buy,10,143,-0.16889247052122933,1.7213468698160286
train,2025-12-20,btcusdt,binance,sell,10,109,0.8781895747723225,3.3757202085403115
train,2025-12-20,btcusdt,binance,buy,30,143,-0.7055338773876457,2.832369137554536
train,2025-12-20,btcusdt,binance,sell,30,109,1.560489952403926,6.127822717227246
train,2025-12-20,btcusdt,binance,buy,60,143,-2.1258200321142584,4.967481661911268
train,2025-12-20,btcusdt,binance,sell,60,109,1.6510523847028513,4.777116012883662
train,2025-12-20,btcusdt,binance,buy,120,143,-3.319367388868691,6.391685918038387
train,2025-12-20,btcusdt,binance,sell,120,109,2.0985915083619933,5.113986844591183
train,2025-12-20,btcusdt,binance,buy,300,143,-3.5594557008606174,6.732403588730941
train,2025-12-20,btcusdt,binance,sell,300,109,1.8344562682357926,5.875755211477517
train,2025-12-20,btcusdt,bybit,buy,-300,83,-4.9097994059232954,6.019750072777153
train,2025-12-20,btcusdt,bybit,sell,-300,62,12.329802107098057,12.474091121817787
train,2025-12-20,btcusdt,bybit,buy,-120,83,-3.4892891384718596,4.964564123274593
train,2025-12-20,btcusdt,bybit,sell,-120,62,9.577718623349638,8.56081430935499
train,2025-12-20,btcusdt,bybit,buy,-60,83,-4.123252199717369,5.153605153066426
train,2025-12-20,btcusdt,bybit,sell,-60,62,8.969837347514963,8.25368831845199
train,2025-12-20,btcusdt,bybit,buy,-30,83,-4.2707449783726075,5.213094551975287
train,2025-12-20,btcusdt,bybit,sell,-30,62,9.745249931237469,9.692799580337034
train,2025-12-20,btcusdt,bybit,buy,-10,83,-3.6650622770948362,4.76893773143122
train,2025-12-20,btcusdt,bybit,sell,-10,62,8.198722741865117,8.375569161988434
train,2025-12-20,btcusdt,bybit,buy,-5,83,-3.3091632369258615,4.641415782870135
train,2025-12-20,btcusdt,bybit,sell,-5,62,7.869860321859219,8.41496139609447
train,2025-12-20,btcusdt,bybit,buy,-1,83,-0.49460961170645723,1.5878589637717466
train,2025-12-20,btcusdt,bybit,sell,-1,62,0.9877285477474335,3.1690015271180694
train,2025-12-20,btcusdt,bybit,buy,0,83,0.0,0.0
train,2025-12-20,btcusdt,bybit,sell,0,62,0.0,0.0
train,2025-12-20,btcusdt,bybit,buy,1,83,0.16026311741611404,0.5556469527326082
train,2025-12-20,btcusdt,bybit,sell,1,62,-0.7720363718978063,3.7004584559547133
train,2025-12-20,btcusdt,bybit,buy,5,83,0.050186922288118024,1.0574651954626921
train,2025-12-20,btcusdt,bybit,sell,5,62,3.813161681255477,4.449792590640913
train,2025-12-20,btcusdt,bybit,buy,10,83,-0.37968106815098485,2.373354096970956
train,2025-12-20,btcusdt,bybit,sell,10,62,6.167615876072575,6.862578452215461
train,2025-12-20,btcusdt,bybit,buy,30,83,-1.0519689603661346,2.73518732368791
train,2025-12-20,btcusdt,bybit,sell,30,62,13.228968458320672,14.276091821356662
train,2025-12-20,btcusdt,bybit,buy,60,83,-4.835568705457273,6.942291762794991
train,2025-12-20,btcusdt,bybit,sell,60,62,10.741037417835914,12.047238805378232
train,2025-12-20,btcusdt,bybit,buy,120,83,-6.484151640411698,8.137393448618647
train,2025-12-20,btcusdt,bybit,sell,120,62,8.260278007258712,9.61520611527284
train,2025-12-20,btcusdt,bybit,buy,300,83,-5.921404950981452,8.82284931049168
train,2025-12-20,btcusdt,bybit,sell,300,62,8.000897810833916,10.997304344111678
train,2025-12-21,btcusdt,binance,buy,-300,351,-11.5973386815464,12.09690890082342
train,2025-12-21,btcusdt,binance,sell,-300,289,11.722118421634809,14.501885949641585
train,2025-12-21,btcusdt,binance,buy,-120,351,-7.439898663813383,8.053151601751454
train,2025-12-21,btcusdt,binance,sell,-120,289,8.239921917355979,11.309976026605664
train,2025-12-21,btcusdt,binance,buy,-60,351,-5.907677130637415,7.096468841809056
train,2025-12-21,btcusdt,binance,sell,-60,289,6.8536686732295236,9.832444508191502
train,2025-12-21,btcusdt,binance,buy,-30,351,-4.752216595115948,5.552460032387306
train,2025-12-21,btcusdt,binance,sell,-30,289,5.815880824506139,8.160471422591916
train,2025-12-21,btcusdt,binance,buy,-10,351,-2.8843937484421707,3.593670531756732
train,2025-12-21,btcusdt,binance,sell,-10,289,3.4100749986546406,5.9656192823733125
train,2025-12-21,btcusdt,binance,buy,-5,351,-1.995143251171936,2.797410826971798
train,2025-12-21,btcusdt,binance,sell,-5,289,2.3812829515804523,4.478057727207787
train,2025-12-21,btcusdt,binance,buy,-1,351,-0.34381891822755273,1.4149372725389682
train,2025-12-21,btcusdt,binance,sell,-1,289,0.15501618849936186,1.818252425284598
train,2025-12-21,btcusdt,binance,buy,0,351,0.0,0.0
train,2025-12-21,btcusdt,binance,sell,0,289,0.0,0.0
train,2025-12-21,btcusdt,binance,buy,1,351,0.010556023517893885,1.3175044493021604
train,2025-12-21,btcusdt,binance,sell,1,289,-0.08670061610469093,1.7588375446787916
train,2025-12-21,btcusdt,binance,buy,5,351,-0.00438009897116029,2.5735146314902755
train,2025-12-21,btcusdt,binance,sell,5,289,0.10623245742655943,3.80634975849502
train,2025-12-21,btcusdt,binance,buy,10,351,-0.09425213618457152,3.3534634857143573
train,2025-12-21,btcusdt,binance,sell,10,289,0.4217107646528454,4.295708349164937
train,2025-12-21,btcusdt,binance,buy,30,351,-0.6071725001511098,4.459736028481019
train,2025-12-21,btcusdt,binance,sell,30,289,1.341988825572191,6.105891724324443
train,2025-12-21,btcusdt,binance,buy,60,351,-1.1214710931741816,5.967275259750397
train,2025-12-21,btcusdt,binance,sell,60,289,1.2971357791892888,6.82479552617902
train,2025-12-21,btcusdt,binance,buy,120,351,-0.8815840801905978,7.594141617702974
train,2025-12-21,btcusdt,binance,sell,120,289,1.4539303661896557,6.095921927614599
train,2025-12-21,btcusdt,binance,buy,300,351,-4.145355718906993,10.828055352977177
train,2025-12-21,btcusdt,binance,sell,300,289,1.5751400583890014,9.64386916743739
train,2025-12-21,btcusdt,bybit,buy,-300,395,-24.09044510896499,15.3222900466742
train,2025-12-21,btcusdt,bybit,sell,-300,301,28.109759730977594,18.751075443500593
train,2025-12-21,btcusdt,bybit,buy,-120,395,-14.700140148530966,9.920524902029275
train,2025-12-21,btcusdt,bybit,sell,-120,301,22.007402167936387,16.04438149884019
train,2025-12-21,btcusdt,bybit,buy,-60,395,-12.44667296773186,9.302195131443087
train,2025-12-21,btcusdt,bybit,sell,-60,301,19.56374037857768,14.552987531613208
train,2025-12-21,btcusdt,bybit,buy,-30,395,-10.674016864207994,7.685899948513741
train,2025-12-21,btcusdt,bybit,sell,-30,301,16.594618497025387,13.017098361389111
train,2025-12-21,btcusdt,bybit,buy,-10,395,-7.807169707438008,6.026288828721451
train,2025-12-21,btcusdt,bybit,sell,-10,301,12.412199215176477,12.387733158395665
train,2025-12-21,btcusdt,bybit,buy,-5,395,-5.804253195894392,4.497351225543857
train,2025-12-21,btcusdt,bybit,sell,-5,301,9.461249415829554,9.818323302880238
train,2025-12-21,btcusdt,bybit,buy,-1,395,-1.1719092407713059,2.548346482287576
train,2025-12-21,btcusdt,bybit,sell,-1,301,1.4217502916169555,4.458823064481862
train,2025-12-21,btcusdt,bybit,buy,0,395,0.0,0.0
train,2025-12-21,btcusdt,bybit,sell,0,301,0.0,0.0
train,2025-12-21,btcusdt,bybit,buy,1,395,0.048237323143908384,2.132057847379696
train,2025-12-21,btcusdt,bybit,sell,1,301,-0.6321211251238342,5.173964713878476
train,2025-12-21,btcusdt,bybit,buy,5,395,0.38471183278970855,5.004130444795857
train,2025-12-21,btcusdt,bybit,sell,5,301,1.8240788154095324,8.69112910210172
train,2025-12-21,btcusdt,bybit,buy,10,395,-1.5105311713161511,4.848503716486191
train,2025-12-21,btcusdt,bybit,sell,10,301,4.542440616734387,8.192857445398356
train,2025-12-21,btcusdt,bybit,buy,30,395,-3.747824810800744,5.740261116625363
train,2025-12-21,btcusdt,bybit,sell,30,301,9.162785843731646,11.582184696782722
train,2025-12-21,btcusdt,bybit,buy,60,395,-5.252195249979085,7.163388768701294
train,2025-12-21,btcusdt,bybit,sell,60,301,7.168307626950083,9.758520087463543
train,2025-12-21,btcusdt,bybit,buy,120,395,-5.214676013363618,8.33622015815462
train,2025-12-21,btcusdt,bybit,sell,120,301,4.2474681562543966,9.182457442257304
train,2025-12-21,btcusdt,bybit,buy,300,395,-12.366797509077344,12.198436236161058
train,2025-12-21,btcusdt,bybit,sell,300,301,5.625620111932653,10.018796259618275
train,2025-12-22,btcusdt,binance,buy,-300,526,-22.465355807740075,18.385852501291254
train,2025-12-22,btcusdt,binance,sell,-300,513,25.322206268978977,17.889469498735906
train,2025-12-22,btcusdt,binance,buy,-120,526,-16.221762907301212,14.238775482771414
train,2025-12-22,btcusdt,binance,sell,-120,514,18.256616850121603,13.82314315312284
train,2025-12-22,btcusdt,binance,buy,-60,526,-12.21883640507572,11.02763215764416
train,2025-12-22,btcusdt,binance,sell,-60,514,13.663244618364425,11.081936644357832
train,2025-12-22,btcusdt,binance,buy,-30,526,-9.327612945862894,9.34407206819339
train,2025-12-22,btcusdt,binance,sell,-30,514,9.899330396420691,8.974689226762525
train,2025-12-22,btcusdt,binance,buy,-10,526,-5.047383606854021,5.671771407189309
train,2025-12-22,btcusdt,binance,sell,-10,514,5.416985267239261,5.408952755521817
train,2025-12-22,btcusdt,binance,buy,-5,526,-3.573465007977056,4.503356198987461
train,2025-12-22,btcusdt,binance,sell,-5,514,3.431892480122879,4.4323281607447385
train,2025-12-22,btcusdt,binance,buy,-1,526,-0.38253739300790973,2.1740765527436476
train,2025-12-22,btcusdt,binance,sell,-1,514,0.1531750163550346,2.040154405971688
train,2025-12-22,btcusdt,binance,buy,0,526,0.0,0.0
train,2025-12-22,btcusdt,binance,sell,0,514,0.0,0.0
train,2025-12-22,btcusdt,binance,buy,1,526,0.04390342408930463,1.6940862584696206
train,2025-12-22,btcusdt,binance,sell,1,514,0.016463829151711077,1.5620933926282765
train,2025-12-22,btcusdt,binance,buy,5,526,-0.05485198668129046,3.5631533370731683
train,2025-12-22,btcusdt,binance,sell,5,514,0.07984526346292421,3.257463936214073
train,2025-12-22,btcusdt,binance,buy,10,526,-0.3065683822189336,4.481072817807266
train,2025-12-22,btcusdt,binance,sell,10,514,0.29357693500319143,4.850222558513422
train,2025-12-22,btcusdt,binance,buy,30,526,-1.127158453363204,7.659580295922729
train,2025-12-22,btcusdt,binance,sell,30,506,0.49430222423336795,6.776575636263264
train,2025-12-22,btcusdt,binance,buy,60,526,-1.1930013950942293,11.241443789496774
train,2025-12-22,btcusdt,binance,sell,60,499,0.7801318087820989,8.606699842064504
train,2025-12-22,btcusdt,binance,buy,120,526,-1.8973497391466863,15.1737535825706
train,2025-12-22,btcusdt,binance,sell,120,499,0.8218154399068119,13.001447855752716
train,2025-12-22,btcusdt,binance,buy,300,526,-6.648167698616116,23.246139555963182
train,2025-12-22,btcusdt,binance,sell,300,505,0.9219830077267106,17.201124742785588
train,2025-12-22,btcusdt,bybit,buy,-300,1020,-36.66343597366146,21.712034991380495
train,2025-12-22,btcusdt,bybit,sell,-300,739,35.47980229057275,18.99871234173994
train,2025-12-22,btcusdt,bybit,buy,-120,1019,-26.79654489505264,18.726543906843638
train,2025-12-22,btcusdt,bybit,sell,-120,739,23.62923208275298,16.07717382029531
train,2025-12-22,btcusdt,bybit,buy,-60,1019,-20.843970002159086,13.9389802060267
train,2025-12-22,btcusdt,bybit,sell,-60,739,18.009361162135725,15.19328870463072
train,2025-12-22,btcusdt,bybit,buy,-30,1020,-17.739606780156095,13.943928547980223
train,2025-12-22,btcusdt,bybit,sell,-30,739,13.468318836604796,12.620776376580142
train,2025-12-22,btcusdt,bybit,buy,-10,1020,-11.79583180517432,10.416532042491204
train,2025-12-22,btcusdt,bybit,sell,-10,739,8.960434143575881,8.261904423920654
train,2025-12-22,btcusdt,bybit,buy,-5,1020,-9.576417316792641,10.06384759755328
train,2025-12-22,btcusdt,bybit,sell,-5,739,7.00664197983017,7.651218640072467
train,2025-12-22,btcusdt,bybit,buy,-1,1020,-1.874470285945669,5.4651110451158065
train,2025-12-22,btcusdt,bybit,sell,-1,739,0.9770313357740604,3.6019151882140887
train,2025-12-22,btcusdt,bybit,buy,0,1020,0.0,0.0
train,2025-12-22,btcusdt,bybit,sell,0,739,0.0,0.0
train,2025-12-22,btcusdt,bybit,buy,1,1020,-0.012251618549868323,3.0606561085912123
train,2025-12-22,btcusdt,bybit,sell,1,739,0.23400447967389867,2.645249693879279
train,2025-12-22,btcusdt,bybit,buy,5,1020,-0.24372322506804758,4.211318602432516
train,2025-12-22,btcusdt,bybit,sell,5,739,0.8812408184390434,4.64580810135068
train,2025-12-22,btcusdt,bybit,buy,10,1020,-1.0358540085640595,5.344570586112407
train,2025-12-22,btcusdt,bybit,sell,10,739,1.0565429227431882,4.5522309732303965
train,2025-12-22,btcusdt,bybit,buy,30,1020,0.07333160264926498,9.228603806941235
train,2025-12-22,btcusdt,bybit,sell,30,706,1.272803810153537,6.66057222511019
train,2025-12-22,btcusdt,bybit,buy,60,1019,-1.0844958790432873,12.699573241749029
train,2025-12-22,btcusdt,bybit,sell,60,673,2.9540270463649607,10.246080977820911
train,2025-12-22,btcusdt,bybit,buy,120,1019,-1.2229257138159946,19.071035707587935
train,2025-12-22,btcusdt,bybit,sell,120,673,4.608083357242521,14.38052182266665
train,2025-12-22,btcusdt,bybit,buy,300,1020,-16.306406069987972,23.06909465950799
train,2025-12-22,btcusdt,bybit,sell,300,728,7.669910228417578,18.454878784226853
train,2025-12-23,btcusdt,binance,buy,-300,325,-23.254235787479324,18.938366230095223
train,2025-12-23,btcusdt,binance,sell,-300,560,21.70283854336044,15.270915859220281
train,2025-12-23,btcusdt,binance,buy,-120,325,-18.15749593634742,17.605667114948712
train,2025-12-23,btcusdt,binance,sell,-120,560,16.57884057374699,12.747281375926278
train,2025-12-23,btcusdt,binance,buy,-60,325,-12.375072195603495,11.409977192916667
train,2025-12-23,btcusdt,binance,sell,-60,560,11.974663146064861,8.438958919651311
train,2025-12-23,btcusdt,binance,buy,-30,325,-9.08651712943572,8.342132138114955
train,2025-12-23,btcusdt,binance,sell,-30,560,8.263066939370521,6.457093910893011
train,2025-12-23,btcusdt,binance,buy,-10,325,-5.377575344358865,4.91474295648481
train,2025-12-23,btcusdt,binance,sell,-10,560,4.684121935767944,4.314189607676036
train,2025-12-23,btcusdt,binance,buy,-5,325,-3.646355825338509,3.433102159170996
train,2025-12-23,btcusdt,binance,sell,-5,560,2.9478081505708773,3.6145549425718864
train,2025-12-23,btcusdt,binance,buy,-1,325,-0.45435270821672735,1.704257430501555
train,2025-12-23,btcusdt,binance,sell,-1,560,0.2094443581069431,1.8181311663348747
train,2025-12-23,btcusdt,binance,buy,0,325,0.0,0.0
train,2025-12-23,btcusdt,binance,sell,0,560,0.0,0.0
train,2025-12-23,btcusdt,binance,buy,1,325,-0.0780146132750933,1.3624995272475477
train,2025-12-23,btcusdt,binance,sell,1,560,0.031066684797691348,1.7278195569114199
train,2025-12-23,btcusdt,binance,buy,5,325,-0.17779993210472841,2.9752754511917736
train,2025-12-23,btcusdt,binance,sell,5,560,0.2624056780821804,3.2495995972462324
train,2025-12-23,btcusdt,binance,buy,10,325,-0.11783510108630445,4.465227870619288
train,2025-12-23,btcusdt,binance,sell,10,560,0.2391852809134151,4.338933633480522
train,2025-12-23,btcusdt,binance,buy,30,325,0.584017066542787,7.790260765084369
train,2025-12-23,btcusdt,binance,sell,30,560,0.2942474104885554,7.295834987662572
train,2025-12-23,btcusdt,binance,buy,60,325,0.5607350740713448,12.938829510141325
train,2025-12-23,btcusdt,binance,sell,60,560,-0.07683481304335602,8.683683186263913
train,2025-12-23,btcusdt,binance,buy,120,325,-2.4611493941172107,14.844171139097707
train,2025-12-23,btcusdt,binance,sell,120,560,-0.3196885496172426,12.080104180212908
train,2025-12-23,btcusdt,binance,buy,300,325,-3.581361943211764,18.07919132064245
train,2025-12-23,btcusdt,binance,sell,300,560,0.31171959485817613,16.352005808631727
train,2025-12-23,btcusdt,bybit,buy,-300,244,-37.219373720256364,21.561493892336152
train,2025-12-23,btcusdt,bybit,sell,-300,1130,34.103289034485336,12.739316896928212
train,2025-12-23,btcusdt,bybit,buy,-120,244,-33.512278101052566,25.692187111838226
train,2025-12-23,btcusdt,bybit,sell,-120,1130,27.61318859087176,14.237639118013307
train,2025-12-23,btcusdt,bybit,buy,-60,244,-22.083119530389244,17.84122823536986
train,2025-12-23,btcusdt,bybit,sell,-60,1130,19.461356793351765,8.507678324223862
train,2025-12-23,btcusdt,bybit,buy,-30,244,-15.342411378816898,12.923527440986007
train,2025-12-23,btcusdt,bybit,sell,-30,1130,14.619011107911682,7.841013152676672
train,2025-12-23,btcusdt,bybit,buy,-10,244,-8.511067054079692,6.522071442113374
train,2025-12-23,btcusdt,bybit,sell,-10,1130,10.17150796120836,5.876379864625222
train,2025-12-23,btcusdt,bybit,buy,-5,244,-6.494786759682396,5.26904776751888
train,2025-12-23,btcusdt,bybit,sell,-5,1130,7.8969475960928275,5.966087837757949
train,2025-12-23,btcusdt,bybit,buy,-1,244,-0.9449837854721531,2.637236091964762
train,2025-12-23,btcusdt,bybit,sell,-1,1130,0.9081917100540907,3.309312595463174
train,2025-12-23,btcusdt,bybit,buy,0,244,0.0,0.0
train,2025-12-23,btcusdt,bybit,sell,0,1130,0.0,0.0
train,2025-12-23,btcusdt,bybit,buy,1,244,0.2775576734427009,2.71734204753418
train,2025-12-23,btcusdt,bybit,sell,1,1130,0.5757771326614252,2.6235108747682307
train,2025-12-23,btcusdt,bybit,buy,5,244,1.0763870976749959,4.65517488545495
train,2025-12-23,btcusdt,bybit,sell,5,1130,1.3123483420416107,4.812364284962481
train,2025-12-23,btcusdt,bybit,buy,10,244,2.185242935584883,6.439246468971943
train,2025-12-23,btcusdt,bybit,sell,10,1130,1.2554049279911104,6.345842502215828
train,2025-12-23,btcusdt,bybit,buy,30,244,3.382470887352741,11.997033453304441
train,2025-12-23,btcusdt,bybit,sell,30,1130,2.5657352902053936,10.061095539841387
train,2025-12-23,btcusdt,bybit,buy,60,244,3.20069779844927,18.339332487810214
train,2025-12-23,btcusdt,bybit,sell,60,1130,2.1110582146167927,11.608032927251191
train,2025-12-23,btcusdt,bybit,buy,120,244,-5.96245994970938,17.01457599057917
train,2025-12-23,btcusdt,bybit,sell,120,1130,0.24353602392628781,15.160393939108591
train,2025-12-23,btcusdt,bybit,buy,300,244,-13.36344262764561,19.330907261710955
train,2025-12-23,btcusdt,bybit,sell,300,1130,1.1700061053068622,17.31517809504394
train,2025-12-24,btcusdt,binance,buy,-300,252,-17.525611632007518,18.507883553222094
train,2025-12-24,btcusdt,binance,sell,-300,365,19.737940169582682,20.076540912219354
train,2025-12-24,btcusdt,binance,buy,-120,252,-13.179861523718635,14.406547052375844
train,2025-12-24,btcusdt,binance,sell,-120,365,12.914283950663593,11.006031584600624
train,2025-12-24,btcusdt,binance,buy,-60,252,-10.883496158363927,13.276602542666593
train,2025-12-24,btcusdt,binance,sell,-60,365,9.424498811707343,8.77554905987185
train,2025-12-24,btcusdt,binance,buy,-30,252,-9.173398016599915,13.351821395972937
train,2025-12-24,btcusdt,binance,sell,-30,365,7.13404213892873,6.727537098911004
train,2025-12-24,btcusdt,binance,buy,-10,252,-4.994381881421286,6.927317946802252
train,2025-12-24,btcusdt,binance,sell,-10,365,3.753739911490279,3.8751820990592094
train,2025-12-24,btcusdt,binance,buy,-5,252,-3.1672548713379385,4.43948418882342
train,2025-12-24,btcusdt,binance,sell,-5,365,2.2596644037542952,2.939611467632964
train,2025-12-24,btcusdt,binance,buy,-1,252,-0.4776789952378629,1.7079343410600032
train,2025-12-24,btcusdt,binance,sell,-1,365,0.18059553332127593,1.268693666324241
train,2025-12-24,btcusdt,binance,buy,0,252,0.0,0.0
train,2025-12-24,btcusdt,binance,sell,0,365,0.0,0.0
train,2025-12-24,btcusdt,binance,buy,1,252,0.010991206703572683,1.3911333823279977
train,2025-12-24,btcusdt,binance,sell,1,365,-0.10870617626454425,1.231771390249226
train,2025-12-24,btcusdt,binance,buy,5,252,0.12331017798339902,3.116332954171621
train,2025-12-24,btcusdt,binance,sell,5,365,-0.19645050983574788,2.521647209958604
train,2025-12-24,btcusdt,binance,buy,10,252,0.5704296540436713,5.07063008580454
train,2025-12-24,btcusdt,binance,sell,10,365,-0.25048858306509736,3.8043622208443018
train,2025-12-24,btcusdt,binance,buy,30,252,-0.5632769834108863,6.22163913484537
train,2025-12-24,btcusdt,binance,sell,30,365,0.06120266999808954,6.267722908224093
train,2025-12-24,btcusdt,binance,buy,60,252,-1.4831620178165155,6.640543186415824
train,2025-12-24,btcusdt,binance,sell,60,365,-0.7443003978952073,7.356487154630677
train,2025-12-24,btcusdt,binance,buy,120,252,-1.4409572733592562,8.256206562196962
train,2025-12-24,btcusdt,binance,sell,120,365,-1.8715416146338537,13.632574316320031
train,2025-12-24,btcusdt,binance,buy,300,252,-3.195482357478952,10.834032638082125
train,2025-12-24,btcusdt,binance,sell,300,365,4.167093023278503,21.066501417867528
train,2025-12-24,btcusdt,bybit,buy,-300,224,-31.55151105745362,28.480227571114533
train,2025-12-24,btcusdt,bybit,sell,-300,499,46.246884530529286,28.23053687101261
train,2025-12-24,btcusdt,bybit,buy,-120,224,-24.44887788077571,23.77439855423142
train,2025-12-24,btcusdt,bybit,sell,-120,499,25.35715452928112,14.878600840190984
train,2025-12-24,btcusdt,bybit,buy,-60,224,-22.37793963478743,22.929582398954235
train,2025-12-24,btcusdt,bybit,sell,-60,499,18.65480404648702,12.48442768060161
train,2025-12-24,btcusdt,bybit,buy,-30,224,-22.397435242204324,23.918969643117368
train,2025-12-24,btcusdt,bybit,sell,-30,499,14.885333523091193,9.2055654764752
train,2025-12-24,btcusdt,bybit,buy,-10,224,-12.349890928702726,12.216108875776863
train,2025-12-24,btcusdt,bybit,sell,-10,499,7.855992750993617,4.845568009487494
train,2025-12-24,btcusdt,bybit,buy,-5,224,-7.188050127608337,7.395733823848727
train,2025-12-24,btcusdt,bybit,sell,-5,499,6.178978801665507,4.379254399309842
train,2025-12-24,btcusdt,bybit,buy,-1,224,-1.362094337465448,2.779881367710339
train,2025-12-24,btcusdt,bybit,sell,-1,499,0.7992257041867933,2.824352824210709
train,2025-12-24,btcusdt,bybit,buy,0,224,0.0,0.0
train,2025-12-24,btcusdt,bybit,sell,0,499,0.0,0.0
train,2025-12-24,btcusdt,bybit,buy,1,224,0.3976216391126803,2.1904379119622623
train,2025-12-24,btcusdt,bybit,sell,1,499,0.20989078171806957,1.9552167569157417
train,2025-12-24,btcusdt,bybit,buy,5,224,1.9641467246831703,6.059322050620129
train,2025-12-24,btcusdt,bybit,sell,5,499,-0.5424156270526488,3.215384820717188
train,2025-12-24,btcusdt,bybit,buy,10,224,3.440761532246451,9.50544866796941
train,2025-12-24,btcusdt,bybit,sell,10,499,0.494300220409376,4.973558001136576
train,2025-12-24,btcusdt,bybit,buy,30,224,-0.6296899636340697,8.92876560723465
train,2025-12-24,btcusdt,bybit,sell,30,499,-1.2660663571303927,9.212679977085488
train,2025-12-24,btcusdt,bybit,buy,60,224,-3.958803909614719,8.9871787274543
train,2025-12-24,btcusdt,bybit,sell,60,499,-0.6027497866582904,9.650194280792054
train,2025-12-24,btcusdt,bybit,buy,120,224,-2.995285828607283,9.308993739502142
train,2025-12-24,btcusdt,bybit,sell,120,499,4.741958220299456,22.481416337881626
train,2025-12-24,btcusdt,bybit,buy,300,224,-6.326530389485081,10.11507576608169
train,2025-12-24,btcusdt,bybit,sell,300,499,26.92380106459412,27.989714022765565
train,2025-12-25,btcusdt,binance,buy,-300,157,-13.676998379723816,17.47663539350643
train,2025-12-25,btcusdt,binance,sell,-300,326,17.342294755464945,14.211597189247472
train,2025-12-25,btcusdt,binance,buy,-120,157,-11.344067974998623,13.986671367124465
train,2025-12-25,btcusdt,binance,sell,-120,326,9.875021256810875,8.668839792103496
train,2025-12-25,btcusdt,binance,buy,-60,157,-10.683514943568408,13.310788205648091
train,2025-12-25,btcusdt,binance,sell,-60,326,8.767025119817902,7.895079147522131
train,2025-12-25,btcusdt,binance,buy,-30,157,-8.307635288857252,10.866880257433632
train,2025-12-25,btcusdt,binance,sell,-30,326,6.501398661399031,6.255733886182878
train,2025-12-25,btcusdt,binance,buy,-10,157,-4.194446076063283,6.288204549096495
train,2025-12-25,btcusdt,binance,sell,-10,326,4.0968311640850015,4.465757501933561
train,2025-12-25,btcusdt,binance,buy,-5,157,-3.075520970381438,4.79665721662426
train,2025-12-25,btcusdt,binance,sell,-5,326,2.3891028398067236,3.2627943166519513
train,2025-12-25,btcusdt,binance,buy,-1,157,-0.333142915195268,1.8584297920259654
train,2025-12-25,btcusdt,binance,sell,-1,326,0.32383436346933436,1.5404689384442671
train,2025-12-25,btcusdt,binance,buy,0,157,0.0,0.0
train,2025-12-25,btcusdt,binance,sell,0,326,0.0,0.0
train,2025-12-25,btcusdt,binance,buy,1,157,-0.03790100640047517,1.5461270565651757
train,2025-12-25,btcusdt,binance,sell,1,326,-0.021058100806184667,1.2204656477789326
train,2025-12-25,btcusdt,binance,buy,5,157,-0.06793591519969945,3.1690095609586475
train,2025-12-25,btcusdt,binance,sell,5,326,0.05353914624847588,2.9689444653818193
train,2025-12-25,btcusdt,binance,buy,10,157,0.014507311601768753,3.5017495623272783
train,2025-12-25,btcusdt,binance,sell,10,326,0.3406385800155808,4.470916558067978
train,2025-12-25,btcusdt,binance,buy,30,157,0.5586900585178756,5.633079519716828
train,2025-12-25,btcusdt,binance,sell,30,326,0.6435080684995327,5.579293824652681
train,2025-12-25,btcusdt,binance,buy,60,157,0.8556648565818463,7.676999065284687
train,2025-12-25,btcusdt,binance,sell,60,326,0.2948376251450045,6.2008392341850005
train,2025-12-25,btcusdt,binance,buy,120,157,-1.271251608309657,6.323450041747241
train,2025-12-25,btcusdt,binance,sell,120,326,0.14633077627061253,7.912520942819326
train,2025-12-25,btcusdt,binance,buy,300,157,-1.0012736377613396,10.531489421507247
train,2025-12-25,btcusdt,binance,sell,300,326,-1.4765471776940475,13.249633520508306
train,2025-12-25,btcusdt,bybit,buy,-300,270,-33.22275152817405,17.13500910942114
train,2025-12-25,btcusdt,bybit,sell,-300,340,26.46110624458046,12.299657777038169
train,2025-12-25,btcusdt,bybit,buy,-120,270,-28.13816287390306,15.15857234397606
train,2025-12-25,btcusdt,bybit,sell,-120,340,15.34464018168504,8.466941829279648
train,2025-12-25,btcusdt,bybit,buy,-60,270,-24.78850044187933,13.101089778490795
train,2025-12-25,btcusdt,bybit,sell,-60,340,13.23584569780908,7.966418913029316
train,2025-12-25,btcusdt,bybit,buy,-30,270,-20.32675709426608,12.469232636742262
train,2025-12-25,btcusdt,bybit,sell,-30,340,10.461119510033546,5.874059564400439
train,2025-12-25,btcusdt,bybit,buy,-10,270,-13.095772288967854,9.78300451365391
train,2025-12-25,btcusdt,bybit,sell,-10,340,8.041605024162147,4.772864837363567
train,2025-12-25,btcusdt,bybit,buy,-5,270,-11.136331327110359,7.8716114642128865
train,2025-12-25,btcusdt,bybit,sell,-5,340,5.547650520870304,3.818529434053798
train,2025-12-25,btcusdt,bybit,buy,-1,270,-3.3001644225620113,3.907492690269054
train,2025-12-25,btcusdt,bybit,sell,-1,340,0.5484261865869846,2.5022014223463636
train,2025-12-25,btcusdt,bybit,buy,0,270,0.0,0.0
train,2025-12-25,btcusdt,bybit,sell,0,340,0.0,0.0
train,2025-12-25,btcusdt,bybit,buy,1,270,0.3513755082151719,3.7926067354290067
train,2025-12-25,btcusdt,bybit,sell,1,340,0.1082843707270013,1.6263914181085817
train,2025-12-25,btcusdt,bybit,buy,5,270,-0.6117064621546697,5.917166914276833
train,2025-12-25,btcusdt,bybit,sell,5,340,0.41080827885499294,3.7057482060291234
train,2025-12-25,btcusdt,bybit,buy,10,270,1.1614307570156144,5.965119424656639
train,2025-12-25,btcusdt,bybit,sell,10,340,1.0893084602459544,4.678453108702345
train,2025-12-25,btcusdt,bybit,buy,30,270,3.4823425846313616,9.97291740239467
train,2025-12-25,btcusdt,bybit,sell,30,340,2.5196369717386284,6.82145625707659
train,2025-12-25,btcusdt,bybit,buy,60,270,3.239312946986036,14.208830671082762
train,2025-12-25,btcusdt,bybit,sell,60,340,1.8626345824919663,6.211245438548927
train,2025-12-25,btcusdt,bybit,buy,120,270,-0.05345186433968281,11.475410194722645
train,2025-12-25,btcusdt,bybit,sell,120,340,2.3179732857577076,7.158587765612903
train,2025-12-25,btcusdt,bybit,buy,300,270,-2.9495061863711682,14.268611851248346
train,2025-12-25,btcusdt,bybit,sell,300,340,2.5872432532623666,13.445891004805574
train,2025-12-26,btcusdt,binance,buy,-300,384,-25.13897119428148,29.33168153153881
train,2025-12-26,btcusdt,binance,sell,-300,440,25.8637053332361,19.358183806255628
train,2025-12-26,btcusdt,binance,buy,-120,384,-20.034898624719535,19.737432579821668
train,2025-12-26,btcusdt,binance,sell,-120,440,20.15615322187458,17.356555026098498
train,2025-12-26,btcusdt,binance,buy,-60,384,-13.797928873748214,13.213862250804183
train,2025-12-26,btcusdt,binance,sell,-60,440,13.335411278655743,11.62049864436388
train,2025-12-26,btcusdt,binance,buy,-30,384,-11.407861214073256,11.326375510762134
train,2025-12-26,btcusdt,binance,sell,-30,440,10.623428717640243,10.45842548913289
train,2025-12-26,btcusdt,binance,buy,-10,384,-5.995870292024129,6.161360288381552
train,2025-12-26,btcusdt,binance,sell,-10,440,5.644457272992931,6.403291636962656
train,2025-12-26,btcusdt,binance,buy,-5,384,-3.81340477151249,4.054857265351877
train,2025-12-26,btcusdt,binance,sell,-5,440,3.2036959985135796,4.060214878157135
train,2025-12-26,btcusdt,binance,buy,-1,384,-0.3965067671189158,1.886523916499919
train,2025-12-26,btcusdt,binance,sell,-1,440,0.26554792862891874,1.8010951356712699
train,2025-12-26,btcusdt,binance,buy,0,384,0.0,0.0
train,2025-12-26,btcusdt,binance,sell,0,440,0.0,0.0
train,2025-12-26,btcusdt,binance,buy,1,384,-0.0501743023702624,2.0629514972511562
train,2025-12-26,btcusdt,binance,sell,1,440,-0.15424581828433478,1.7134758533728376
train,2025-12-26,btcusdt,binance,buy,5,384,0.04037751549797456,4.347659543115202
train,2025-12-26,btcusdt,binance,sell,5,440,-0.5001827168559503,3.5531290772874207
train,2025-12-26,btcusdt,binance,buy,10,384,0.2689247183308092,6.09612951969792
train,2025-12-26,btcusdt,binance,sell,10,440,-0.5800606157779644,5.10878249241855
train,2025-12-26,btcusdt,binance,buy,30,384,0.6578186683458891,10.299594565852523
train,2025-12-26,btcusdt,binance,sell,30,440,0.3866969774761345,8.054132785647479
train,2025-12-26,btcusdt,binance,buy,60,384,2.5269732223756107,13.969153091199564
train,2025-12-26,btcusdt,binance,sell,60,440,-0.1351275020058032,9.707363799840426
train,2025-12-26,btcusdt,binance,buy,120,384,5.090759101481873,21.1678589693464
train,2025-12-26,btcusdt,binance,sell,120,440,-0.9868739334924433,14.28677139713555
train,2025-12-26,btcusdt,binance,buy,300,384,11.114521838559178,30.439338641246355
train,2025-12-26,btcusdt,binance,sell,300,440,-5.348534560188071,19.029546247035963
train,2025-12-26,btcusdt,bybit,buy,-300,550,-45.556322310304175,30.57756949212636
train,2025-12-26,btcusdt,bybit,sell,-300,629,39.066489480946345,19.713916064782296
train,2025-12-26,btcusdt,bybit,buy,-120,550,-33.041022028725486,21.107340603734887
train,2025-12-26,btcusdt,bybit,sell,-120,629,34.27757708489777,20.70597056253925
train,2025-12-26,btcusdt,bybit,buy,-60,550,-22.02355674719889,14.89496645907195
train,2025-12-26,btcusdt,bybit,sell,-60,629,21.176824880406535,12.040886416083207
train,2025-12-26,btcusdt,bybit,buy,-30,550,-19.850450507445103,13.54417528816829
train,2025-12-26,btcusdt,bybit,sell,-30,629,17.727523094107124,12.005205453970143
train,2025-12-26,btcusdt,bybit,buy,-10,550,-12.553328609332963,9.165204502064007
train,2025-12-26,btcusdt,bybit,sell,-10,629,12.026293355996941,8.874029475920299
train,2025-12-26,btcusdt,bybit,buy,-5,550,-8.50242721774325,6.203514947531822
train,2025-12-26,btcusdt,bybit,sell,-5,629,7.531260604042588,6.552383948926145
train,2025-12-26,btcusdt,bybit,buy,-1,550,-1.293324765260727,4.485919559090672
train,2025-12-26,btcusdt,bybit,sell,-1,629,1.0388850437021886,3.152927349637485
train,2025-12-26,btcusdt,bybit,buy,0,550,0.0,0.0
train,2025-12-26,btcusdt,bybit,sell,0,629,0.0,0.0
train,2025-12-26,btcusdt,bybit,buy,1,550,-0.16422156109296332,2.9369073868785485
train,2025-12-26,btcusdt,bybit,sell,1,629,-0.5218160132063402,2.941086837266658
train,2025-12-26,btcusdt,bybit,buy,5,550,0.22187022240624774,7.190436267611282
train,2025-12-26,btcusdt,bybit,sell,5,629,-1.3506487024763447,4.630918877532076
train,2025-12-26,btcusdt,bybit,buy,10,550,1.1573208541607134,9.580299442453764
train,2025-12-26,btcusdt,bybit,sell,10,629,-1.3627422065589028,6.599861891230407
train,2025-12-26,btcusdt,bybit,buy,30,550,0.12168857844550138,12.107791029240582
train,2025-12-26,btcusdt,bybit,sell,30,629,-0.18293986423527842,10.627546325043166
train,2025-12-26,btcusdt,bybit,buy,60,550,4.323213323878002,15.717416475177858
train,2025-12-26,btcusdt,bybit,sell,60,629,-3.0264855977536294,11.954160318390429
train,2025-12-26,btcusdt,bybit,buy,120,550,4.074891439804621,22.28564692195345
train,2025-12-26,btcusdt,bybit,sell,120,629,-4.937634326224054,19.42808391987096
train,2025-12-26,btcusdt,bybit,buy,300,550,18.30576198975489,27.27926531031291
train,2025-12-26,btcusdt,bybit,sell,300,629,-11.235226956288708,20.977648556254174
train,2025-12-27,btcusdt,binance,buy,-300,94,-12.771241750551152,11.451086237026104
train,2025-12-27,btcusdt,binance,sell,-300,104,2.0861473152824335,6.227865739227829
train,2025-12-27,btcusdt,binance,buy,-120,94,-9.715773987858569,9.336291042205952
train,2025-12-27,btcusdt,binance,sell,-120,104,2.105843625953757,5.552192411931885
train,2025-12-27,btcusdt,binance,buy,-60,94,-8.120618096828675,8.523272457143825
train,2025-12-27,btcusdt,binance,sell,-60,104,1.372810514448653,4.498628978937589
train,2025-12-27,btcusdt,binance,buy,-30,94,-6.422528788604279,8.042196732973036
train,2025-12-27,btcusdt,binance,sell,-30,104,1.5187520212880092,4.022150185092053
train,2025-12-27,btcusdt,binance,buy,-10,94,-3.3156174698720022,4.493546710630248
train,2025-12-27,btcusdt,binance,sell,-10,104,0.7398011051079225,2.208058478289137
train,2025-12-27,btcusdt,binance,buy,-5,94,-2.414896666348471,3.9892882147523197
train,2025-12-27,btcusdt,binance,sell,-5,104,0.3930231249964958,1.4276875291023203
train,2025-12-27,btcusdt,binance,buy,-1,94,-0.21243014359969406,1.2559180895820878
train,2025-12-27,btcusdt,binance,sell,-1,104,-0.01965956506756032,0.5395003571907245
train,2025-12-27,btcusdt,binance,buy,0,94,0.0,0.0
train,2025-12-27,btcusdt,binance,sell,0,104,0.0,0.0
train,2025-12-27,btcusdt,binance,buy,1,94,0.06568198737215267,0.8424853302269838
train,2025-12-27,btcusdt,binance,sell,1,104,-0.05171999387706228,0.6350546477516831
train,2025-12-27,btcusdt,binance,buy,5,94,-0.0561771436149884,1.530916104094124
train,2025-12-27,btcusdt,binance,sell,5,104,-0.08966881426645659,1.0447908575323637
train,2025-12-27,btcusdt,binance,buy,10,94,-0.10025769943384719,2.3411521145301246
train,2025-12-27,btcusdt,binance,sell,10,104,-0.10377091588014108,1.5251103323417925
train,2025-12-27,btcusdt,binance,buy,30,94,-0.5869725130914719,3.049375754600864
train,2025-12-27,btcusdt,binance,sell,30,104,0.3129338591876738,2.6403739481817854
train,2025-12-27,btcusdt,binance,buy,60,94,-0.2749015783512401,3.629341575188825
train,2025-12-27,btcusdt,binance,sell,60,104,0.37530226830046043,2.7155662180566726
train,2025-12-27,btcusdt,binance,buy,120,94,-0.625743300795689,5.632472393658657
train,2025-12-27,btcusdt,binance,sell,120,104,0.5899192340757541,3.9129992072998228
train,2025-12-27,btcusdt,binance,buy,300,94,-3.476342691945948,8.230167887247493
train,2025-12-27,btcusdt,binance,sell,300,104,-0.1876377150920351,5.121359178824273
train,2025-12-27,btcusdt,bybit,buy,-300,76,-23.899389217590198,10.83250672393285
train,2025-12-27,btcusdt,bybit,sell,-300,19,0.2230604412847385,7.042493176335786
train,2025-12-27,btcusdt,bybit,buy,-120,76,-16.043559009810522,7.992916722779307
train,2025-12-27,btcusdt,bybit,sell,-120,19,0.16594815703766094,7.949846847194233
train,2025-12-27,btcusdt,bybit,buy,-60,76,-11.62931317840939,6.842226681110034
train,2025-12-27,btcusdt,bybit,sell,-60,19,0.09925127899178789,7.357576422817214
train,2025-12-27,btcusdt,bybit,buy,-30,76,-9.006643995890244,6.251253034780302
train,2025-12-27,btcusdt,bybit,sell,-30,19,0.49150133339971036,7.417147714925703
train,2025-12-27,btcusdt,bybit,buy,-10,76,-6.229149401092115,4.629654858036407
train,2025-12-27,btcusdt,bybit,sell,-10,19,0.39708063975386354,1.9329378948890863
train,2025-12-27,btcusdt,bybit,buy,-5,76,-4.859362486787438,4.395127847829538
train,2025-12-27,btcusdt,bybit,sell,-5,19,0.12142428596404273,1.7189559910179626
train,2025-12-27,btcusdt,bybit,buy,-1,76,-0.3843480423440892,1.5761905884004115
train,2025-12-27,btcusdt,bybit,sell,-1,19,-0.10223147271640594,0.3437559989583273
train,2025-12-27,btcusdt,bybit,buy,0,76,0.0,0.0
train,2025-12-27,btcusdt,bybit,sell,0,19,0.0,0.0
train,2025-12-27,btcusdt,bybit,buy,1,76,0.42897498703527875,1.7930490760936286
train,2025-12-27,btcusdt,bybit,sell,1,19,-0.07923371848255005,0.8344685027134133
train,2025-12-27,btcusdt,bybit,buy,5,76,-0.19761141841153257,2.260924815211381
train,2025-12-27,btcusdt,bybit,sell,5,19,-0.1769870363768169,1.1642283499719446
train,2025-12-27,btcusdt,bybit,buy,10,76,-0.6061762243524078,2.6554303475731733
train,2025-12-27,btcusdt,bybit,sell,10,19,0.1287654774780411,1.5046383749921368
train,2025-12-27,btcusdt,bybit,buy,30,76,-2.640605613882579,3.9108794690196222
train,2025-12-27,btcusdt,bybit,sell,30,19,0.3442793704893262,1.8455955495335392
train,2025-12-27,btcusdt,bybit,buy,60,76,-3.0957787092649394,4.538518518373884
train,2025-12-27,btcusdt,bybit,sell,60,19,0.2985071024043884,2.0115256901189444
train,2025-12-27,btcusdt,bybit,buy,120,76,-3.312468189245117,6.3098623588662885
train,2025-12-27,btcusdt,bybit,sell,120,19,0.7714298515060929,2.738040398455346
train,2025-12-27,btcusdt,bybit,buy,300,76,-11.293942402207328,7.536526833129453
train,2025-12-27,btcusdt,bybit,sell,300,19,1.6106397960371859,3.5536097190609612
train,2025-12-28,btcusdt,binance,buy,-300,107,-10.83091776849011,10.10816294537685
train,2025-12-28,btcusdt,binance,sell,-300,141,5.26155652268491,9.020516048934917
train,2025-12-28,btcusdt,binance,buy,-120,107,-7.417025038114772,6.939631616593109
train,2025-12-28,btcusdt,binance,sell,-120,141,4.956850845012512,6.7922699856052455
train,2025-12-28,btcusdt,binance,buy,-60,107,-6.274238850928923,6.418006133471633
train,2025-12-28,btcusdt,binance,sell,-60,141,3.351150131290185,5.593531631709952
train,2025-12-28,btcusdt,binance,buy,-30,107,-4.897918317499712,5.5124795155704005
train,2025-12-28,btcusdt,binance,sell,-30,141,2.7455043702757,5.090882646935005
train,2025-12-28,btcusdt,binance,buy,-10,107,-2.903983384074092,3.3535024441795893
train,2025-12-28,btcusdt,binance,sell,-10,141,1.7035326212111594,3.7852381048357318
train,2025-12-28,btcusdt,binance,buy,-5,107,-1.8730937644351526,2.4774967431478716
train,2025-12-28,btcusdt,binance,sell,-5,141,1.1041885984372037,2.635952137071986
train,2025-12-28,btcusdt,binance,buy,-1,107,-0.19673410590225174,1.0776440512268843
train,2025-12-28,btcusdt,binance,sell,-1,141,0.12086711933891436,0.6547637310124567
train,2025-12-28,btcusdt,binance,buy,0,107,0.0,0.0
train,2025-12-28,btcusdt,binance,sell,0,141,0.0,0.0
train,2025-12-28,btcusdt,binance,buy,1,107,0.12514137883899584,0.904255721034817
train,2025-12-28,btcusdt,binance,sell,1,141,-0.025003956533990346,0.677413943348347
train,2025-12-28,btcusdt,binance,buy,5,107,0.1551013809116574,2.0815693100024237
train,2025-12-28,btcusdt,binance,sell,5,141,0.1604339875718285,1.1612047368008946
train,2025-12-28,btcusdt,binance,buy,10,107,0.07178261501365511,3.165103286185255
train,2025-12-28,btcusdt,binance,sell,10,141,0.4826130118291601,1.3580069424029677
train,2025-12-28,btcusdt,binance,buy,30,107,-0.5697787809897019,4.190393023972346
train,2025-12-28,btcusdt,binance,sell,30,141,0.9311634526239486,2.729561681433501
train,2025-12-28,btcusdt,binance,buy,60,107,-1.7935101914934335,4.995802777145641
train,2025-12-28,btcusdt,binance,sell,60,141,1.2081390164960493,3.611051482562418
train,2025-12-28,btcusdt,binance,buy,120,107,-1.850573416496165,7.336440158282018
train,2025-12-28,btcusdt,binance,sell,120,141,2.1567907273778992,4.640984535844886
train,2025-12-28,btcusdt,binance,buy,300,107,-3.0224276492534674,9.819454531175014
train,2025-12-28,btcusdt,binance,sell,300,141,2.461926530838896,6.0032621553669605
train,2025-12-28,btcusdt,bybit,buy,-300,57,-13.485527007202613,12.115313672571805
train,2025-12-28,btcusdt,bybit,sell,-300,79,11.280646422683002,6.343437282458044
train,2025-12-28,btcusdt,bybit,buy,-120,57,-11.227569678544738,8.233887918086563
train,2025-12-28,btcusdt,bybit,sell,-120,79,10.299156008430801,6.8622105617086175
train,2025-12-28,btcusdt,bybit,buy,-60,57,-9.402181837269222,6.524638199950714
train,2025-12-28,btcusdt,bybit,sell,-60,79,9.225040244940269,6.785217394497489
train,2025-12-28,btcusdt,bybit,buy,-30,57,-9.10728544744878,6.500851104744577
train,2025-12-28,btcusdt,bybit,sell,-30,79,9.363134862679374,6.837177993828823
train,2025-12-28,btcusdt,bybit,buy,-10,57,-5.720772206595359,3.5519238150850785
train,2025-12-28,btcusdt,bybit,sell,-10,79,8.3942767935998,6.488549332798376
train,2025-12-28,btcusdt,bybit,buy,-5,57,-4.24128845864203,3.0100775357687426
train,2025-12-28,btcusdt,bybit,sell,-5,79,7.232020628526549,6.379887214298364
train,2025-12-28,btcusdt,bybit,buy,-1,57,-0.7474795070144054,2.045956949688897
train,2025-12-28,btcusdt,bybit,sell,-1,79,0.9104188714678351,2.0881312460031807
train,2025-12-28,btcusdt,bybit,buy,0,57,0.0,0.0
train,2025-12-28,btcusdt,bybit,sell,0,79,0.0,0.0
train,2025-12-28,btcusdt,bybit,buy,1,57,-0.36970122478137496,1.5293186833946761
train,2025-12-28,btcusdt,bybit,sell,1,79,0.4017926149478068,1.1295018485221069
train,2025-12-28,btcusdt,bybit,buy,5,57,-1.53755210918427,2.582407060742208
train,2025-12-28,btcusdt,bybit,sell,5,79,0.10929587842412287,1.4940154099020304
train,2025-12-28,btcusdt,bybit,buy,10,57,-1.4717535431421493,4.463708402465893
train,2025-12-28,btcusdt,bybit,sell,10,79,1.3448645074951238,1.5687921561151084
train,2025-12-28,btcusdt,bybit,buy,30,57,-4.790759937387917,5.235395610970039
train,2025-12-28,btcusdt,bybit,sell,30,79,3.489905449472491,3.1225292226064476
train,2025-12-28,btcusdt,bybit,buy,60,57,-7.735440681343178,5.494861230752517
train,2025-12-28,btcusdt,bybit,sell,60,79,4.4972538130042174,3.5021137256363892
train,2025-12-28,btcusdt,bybit,buy,120,57,-8.86996837719334,8.178952708646035
train,2025-12-28,btcusdt,bybit,sell,120,79,8.153089420569398,5.548332952011323
train,2025-12-28,btcusdt,bybit,buy,300,57,-8.911572524201933,11.008470098838268
train,2025-12-28,btcusdt,bybit,sell,300,79,7.425807079736341,4.952616355050682
train,2025-12-29,btcusdt,binance,buy,-300,494,-24.239473884609385,16.573232491728746
train,2025-12-29,btcusdt,binance,sell,-300,647,23.17883345311008,18.474064936032434
train,2025-12-29,btcusdt,binance,buy,-120,494,-16.987417203725542,12.261787684728947
train,2025-12-29,btcusdt,binance,sell,-120,647,15.291523627379554,12.738091755394972
train,2025-12-29,btcusdt,binance,buy,-60,494,-12.313517349550196,8.760090055274334
train,2025-12-29,btcusdt,binance,sell,-60,647,11.212381328314201,9.016501857219408
train,2025-12-29,btcusdt,binance,buy,-30,494,-8.47026438718486,6.5074919881709725
train,2025-12-29,btcusdt,binance,sell,-30,647,8.395268419960697,7.479034032990981
train,2025-12-29,btcusdt,binance,buy,-10,494,-5.044476607620963,4.748864546723871
train,2025-12-29,btcusdt,binance,sell,-10,647,4.425391083114497,4.665527064702829
train,2025-12-29,btcusdt,binance,buy,-5,494,-3.565124179823839,3.760554298952784
train,2025-12-29,btcusdt,binance,sell,-5,647,2.524141065121384,3.389105596750993
train,2025-12-29,btcusdt,binance,buy,-1,494,-0.354681635723241,1.7686935160431687
train,2025-12-29,btcusdt,binance,sell,-1,647,0.14407335408728184,1.3972336246105783
train,2025-12-29,btcusdt,binance,buy,0,494,0.0,0.0
train,2025-12-29,btcusdt,binance,sell,0,647,0.0,0.0
train,2025-12-29,btcusdt,binance,buy,1,494,-0.022533218632931847,1.4551024142616886
train,2025-12-29,btcusdt,binance,sell,1,647,-0.052235006176271914,1.6787389190321789
train,2025-12-29,btcusdt,binance,buy,5,494,-0.15520501307154613,3.2698270308475936
train,2025-12-29,btcusdt,binance,sell,5,647,-0.0813100774067034,3.239328844411051
train,2025-12-29,btcusdt,binance,buy,10,494,-0.3137503255272595,4.69247960353234
train,2025-12-29,btcusdt,binance,sell,10,647,0.009347833119608922,4.192381422377576
train,2025-12-29,btcusdt,binance,buy,30,494,-0.35954618870770466,7.12862002783891
train,2025-12-29,btcusdt,binance,sell,30,647,0.5720085056413591,6.779437702583676
train,2025-12-29,btcusdt,binance,buy,60,494,-0.8440312600425254,9.204677104523556
train,2025-12-29,btcusdt,binance,sell,60,647,-0.051633909865610846,8.349932355521066
train,2025-12-29,btcusdt,binance,buy,120,494,-0.626887507221907,10.50969964748573
train,2025-12-29,btcusdt,binance,sell,120,647,-1.2647205409015163,11.770455940669494
train,2025-12-29,btcusdt,binance,buy,300,494,3.6985143029719088,17.144911118810363
train,2025-12-29,btcusdt,binance,sell,300,647,-6.919186023900297,18.289151069151107
train,2025-12-29,btcusdt,bybit,buy,-300,908,-30.821745038751242,14.45165998928363
train,2025-12-29,btcusdt,bybit,sell,-300,949,33.49171244094669,19.43748633854847
train,2025-12-29,btcusdt,bybit,buy,-120,908,-21.468701799269667,11.897064625830732
train,2025-12-29,btcusdt,bybit,sell,-120,949,22.793867855210127,14.423959431658188
train,2025-12-29,btcusdt,bybit,buy,-60,908,-16.111069047448012,8.804814995712372
train,2025-12-29,btcusdt,bybit,sell,-60,949,17.073123497512597,10.732424503420166
train,2025-12-29,btcusdt,bybit,buy,-30,908,-12.217758848776844,7.239900362007754
train,2025-12-29,btcusdt,bybit,sell,-30,949,14.176013932591179,10.17189397826896
train,2025-12-29,btcusdt,bybit,buy,-10,908,-8.619949221516558,5.758895112392534
train,2025-12-29,btcusdt,bybit,sell,-10,949,8.685263828052918,6.584235285426752
train,2025-12-29,btcusdt,bybit,buy,-5,908,-6.781660336426483,5.0683597270211695
train,2025-12-29,btcusdt,bybit,sell,-5,949,5.6792807831888945,4.7240027717396265
train,2025-12-29,btcusdt,bybit,buy,-1,908,-1.4795971361620932,2.960272807687625
train,2025-12-29,btcusdt,bybit,sell,-1,949,0.8632142837808484,2.446790984821011
train,2025-12-29,btcusdt,bybit,buy,0,908,0.0,0.0
train,2025-12-29,btcusdt,bybit,sell,0,949,0.0,0.0
train,2025-12-29,btcusdt,bybit,buy,1,908,0.02181737856034392,2.149721313802342
train,2025-12-29,btcusdt,bybit,sell,1,949,-0.194307388646285,1.888044876564009
train,2025-12-29,btcusdt,bybit,buy,5,908,-0.4020446372928911,3.6626007373460356
train,2025-12-29,btcusdt,bybit,sell,5,949,0.35181654071177293,4.6229872074835106
train,2025-12-29,btcusdt,bybit,buy,10,908,-0.7857190291637829,5.070478043708375
train,2025-12-29,btcusdt,bybit,sell,10,949,0.20725157153576676,4.631198401749986
train,2025-12-29,btcusdt,bybit,buy,30,908,-2.250573594220944,7.523755887609673
train,2025-12-29,btcusdt,bybit,sell,30,949,0.5867503935479012,8.234854049546295
train,2025-12-29,btcusdt,bybit,buy,60,908,-1.9289445975187167,9.567298671609691
train,2025-12-29,btcusdt,bybit,sell,60,949,-1.0450471043668192,8.506981343758053
train,2025-12-29,btcusdt,bybit,buy,120,908,0.5074872506904177,10.496652794302923
train,2025-12-29,btcusdt,bybit,sell,120,949,-5.100365664126874,14.086043776865239
train,2025-12-29,btcusdt,bybit,buy,300,908,7.389326473836787,17.742899220087324
train,2025-12-29,btcusdt,bybit,sell,300,949,-15.606062811821749,19.24402938903254
train,2025-12-30,btcusdt,binance,buy,-300,329,-24.315977225000236,18.636881640532753
train,2025-12-30,btcusdt,binance,sell,-300,309,17.870372670285835,16.061563885476644
train,2025-12-30,btcusdt,binance,buy,-120,329,-14.910680490416896,10.921772113079943
train,2025-12-30,btcusdt,binance,sell,-120,309,13.247667748948615,11.898333269301398
train,2025-12-30,btcusdt,binance,buy,-60,329,-11.825367443880669,8.763037260845675
train,2025-12-30,btcusdt,binance,sell,-60,309,9.657065583188796,9.121239500393116
train,2025-12-30,btcusdt,binance,buy,-30,329,-9.55948991950568,6.743605412668886
train,2025-12-30,btcusdt,binance,sell,-30,309,7.236079180704645,7.017439064327734
train,2025-12-30,btcusdt,binance,buy,-10,329,-5.651054495268834,4.711955357727037
train,2025-12-30,btcusdt,binance,sell,-10,309,4.063704941604745,4.605925345725625
train,2025-12-30,btcusdt,binance,buy,-5,329,-3.6678504403581416,3.5165776327839677
train,2025-12-30,btcusdt,binance,sell,-5,309,2.4001431058629428,3.345548679217762
train,2025-12-30,btcusdt,binance,buy,-1,329,-0.38331996789876666,1.4976793947595728
train,2025-12-30,btcusdt,binance,sell,-1,309,0.1343537510196633,1.0595198879544285
train,2025-12-30,btcusdt,binance,buy,0,329,0.0,0.0
train,2025-12-30,btcusdt,binance,sell,0,309,0.0,0.0
train,2025-12-30,btcusdt,binance,buy,1,329,0.17798280731539534,1.2171829367919695
train,2025-12-30,btcusdt,binance,sell,1,309,-0.05743331084364678,1.0296950807729714
train,2025-12-30,btcusdt,binance,buy,5,329,0.14927374942459218,3.2837354656561057
train,2025-12-30,btcusdt,binance,sell,5,309,0.016186355620785572,2.320727547284954
train,2025-12-30,btcusdt,binance,buy,10,329,-0.23926157537443263,4.569556975641794
train,2025-12-30,btcusdt,binance,sell,10,309,0.06484738347803999,3.2618087146738604
train,2025-12-30,btcusdt,binance,buy,30,329,-0.9036467241665868,7.052957537903398
train,2025-12-30,btcusdt,binance,sell,30,309,0.45448895519984117,5.241257859757371
train,2025-12-30,btcusdt,binance,buy,60,329,-0.5096262987656992,9.461706967702495
train,2025-12-30,btcusdt,binance,sell,60,309,-0.3106619258548559,6.803162426143
train,2025-12-30,btcusdt,binance,buy,120,329,0.9925497617154523,11.532448446850827
train,2025-12-30,btcusdt,binance,sell,120,309,0.26446859184423055,8.725528240707328
train,2025-12-30,btcusdt,binance,buy,300,329,5.645328650052834,22.090571150559168
train,2025-12-30,btcusdt,binance,sell,300,309,2.120834336982176,13.755328441048022
train,2025-12-30,btcusdt,bybit,buy,-300,435,-33.570891011475055,18.55014445939365
train,2025-12-30,btcusdt,bybit,sell,-300,291,24.6865400906999,16.066245854313365
train,2025-12-30,btcusdt,bybit,buy,-120,435,-20.972192585220267,11.878845031853082
train,2025-12-30,btcusdt,bybit,sell,-120,291,17.167667418094638,12.17212997476946
train,2025-12-30,btcusdt,bybit,buy,-60,435,-16.664908254935572,9.531549752829095
train,2025-12-30,btcusdt,bybit,sell,-60,291,13.974220069432675,9.262511094739033
train,2025-12-30,btcusdt,bybit,buy,-30,435,-13.757429739685854,7.716613275315043
train,2025-12-30,btcusdt,bybit,sell,-30,291,10.690219682078023,7.57578768884345
train,2025-12-30,btcusdt,bybit,buy,-10,435,-8.705838191289889,5.712316433690356
train,2025-12-30,btcusdt,bybit,sell,-10,291,6.666971711535632,5.762061982977201
train,2025-12-30,btcusdt,bybit,buy,-5,435,-5.933081819711763,4.2888125534362365
train,2025-12-30,btcusdt,bybit,sell,-5,291,5.311064372983256,5.398092192520945
train,2025-12-30,btcusdt,bybit,buy,-1,435,-0.9279915069677683,2.036652272959555
train,2025-12-30,btcusdt,bybit,sell,-1,291,0.2199577849224634,1.8477174766781066
train,2025-12-30,btcusdt,bybit,buy,0,435,0.0,0.0
train,2025-12-30,btcusdt,bybit,sell,0,291,0.0,0.0
train,2025-12-30,btcusdt,bybit,buy,1,435,0.19141736840053145,1.756251854733241
train,2025-12-30,btcusdt,bybit,sell,1,291,-0.019257923582333754,1.3185568760148474
train,2025-12-30,btcusdt,bybit,buy,5,435,0.3377763375089432,4.222349352355565
train,2025-12-30,btcusdt,bybit,sell,5,291,-0.3584449332087004,2.4745352868255686
train,2025-12-30,btcusdt,bybit,buy,10,435,-0.26204985847217127,5.497096587651798
train,2025-12-30,btcusdt,bybit,sell,10,291,-0.5940197702992746,3.8144488202794933
train,2025-12-30,btcusdt,bybit,buy,30,435,-1.9993334027225145,8.109249286755137
train,2025-12-30,btcusdt,bybit,sell,30,291,0.13642262488316845,6.211650302430773
train,2025-12-30,btcusdt,bybit,buy,60,435,-0.525957889641109,13.731541780599978
train,2025-12-30,btcusdt,bybit,sell,60,291,-0.07584248830610808,6.251850104473264
train,2025-12-30,btcusdt,bybit,buy,120,435,1.2251095336360593,16.509145817626592
train,2025-12-30,btcusdt,bybit,sell,120,291,1.5550820272473378,8.834617707407503
train,2025-12-30,btcusdt,bybit,buy,300,435,3.828991405614594,28.427714954543156
train,2025-12-30,btcusdt,bybit,sell,300,291,7.108307617893522,13.571007517337431
train,2025-12-31,btcusdt,binance,buy,-300,220,-8.764416847415827,10.734875419695856
train,2025-12-31,btcusdt,binance,sell,-300,502,10.841271111295717,12.52524346449465
train,2025-12-31,btcusdt,binance,buy,-120,220,-6.7741968527868455,8.413969467812166
train,2025-12-31,btcusdt,binance,sell,-120,502,7.924748563597037,9.79292479626276
train,2025-12-31,btcusdt,binance,buy,-60,220,-5.623344977120262,6.912507739171422
train,2025-12-31,btcusdt,binance,sell,-60,502,6.7639408853001095,8.593627160434723
train,2025-12-31,btcusdt,binance,buy,-30,220,-4.00706141730557,4.72380406066723
train,2025-12-31,btcusdt,binance,sell,-30,502,5.2222319593139686,6.87589442918345
train,2025-12-31,btcusdt,binance,buy,-10,220,-2.3925846026764517,2.97931456530565
train,2025-12-31,btcusdt,binance,sell,-10,502,2.544553446737189,3.5888111620017846
train,2025-12-31,btcusdt,binance,buy,-5,220,-1.6800932662748458,2.1011359129200633
train,2025-12-31,btcusdt,binance,sell,-5,502,1.5522463557343569,2.5163867500594574
train,2025-12-31,btcusdt,binance,buy,-1,220,-0.12254461866405687,0.8917488301237403
train,2025-12-31,btcusdt,binance,sell,-1,502,0.0792395784674852,0.9992079043801186
train,2025-12-31,btcusdt,binance,buy,0,220,0.0,0.0
train,2025-12-31,btcusdt,binance,sell,0,502,0.0,0.0
train,2025-12-31,btcusdt,binance,buy,1,220,0.010748371367398788,0.7016666113136005
train,2025-12-31,btcusdt,binance,sell,1,502,-0.01754729463101987,0.919255406030717
train,2025-12-31,btcusdt,binance,buy,5,220,0.09451571281188068,1.6366869398607906
train,2025-12-31,btcusdt,binance,sell,5,502,0.030179847631645777,2.125161142991974
train,2025-12-31,btcusdt,binance,buy,10,220,-0.03784209636377453,1.9645030467843836
train,2025-12-31,btcusdt,binance,sell,10,502,-0.010144100619222829,2.974911658123099
train,2025-12-31,btcusdt,binance,buy,30,220,-0.2698361874069006,3.8894307038668003
train,2025-12-31,btcusdt,binance,sell,30,502,-0.4588509113417535,5.449404225505201
train,2025-12-31,btcusdt,binance,buy,60,220,-0.5448825582096976,5.043433727729426
train,2025-12-31,btcusdt,binance,sell,60,502,-0.10549327922991468,6.154831469596812
train,2025-12-31,btcusdt,binance,buy,120,220,-1.336391240212336,5.577582166088043
train,2025-12-31,btcusdt,binance,sell,120,502,0.2291141136880332,7.315418370062216
train,2025-12-31,btcusdt,binance,buy,300,220,-1.3961163890992128,7.616992031068656
train,2025-12-31,btcusdt,binance,sell,300,502,1.1856362807559142,9.34272385386304
train,2025-12-31,btcusdt,bybit,buy,-300,148,-12.154109968418613,10.813488734271074
train,2025-12-31,btcusdt,bybit,sell,-300,564,21.415584562600102,12.252478564163178
train,2025-12-31,btcusdt,bybit,buy,-120,148,-10.708914235749312,9.794738787063572
train,2025-12-31,btcusdt,bybit,sell,-120,564,17.201802855860507,10.420718383022013
train,2025-12-31,btcusdt,bybit,buy,-60,148,-9.501398878078383,8.722312587644197
train,2025-12-31,btcusdt,bybit,sell,-60,564,15.24637994808213,9.519912855414407
train,2025-12-31,btcusdt,bybit,buy,-30,148,-6.45849857525381,6.016671567001907
train,2025-12-31,btcusdt,bybit,sell,-30,564,11.4183192901383,7.531109269752035
train,2025-12-31,btcusdt,bybit,buy,-10,148,-4.152991159658459,3.5822703542333847
train,2025-12-31,btcusdt,bybit,sell,-10,564,6.0291958801464824,4.142782839394353
train,2025-12-31,btcusdt,bybit,buy,-5,148,-3.1970625326788986,2.777057981864167
train,2025-12-31,btcusdt,bybit,sell,-5,564,4.468906904698722,3.1581830378970044
train,2025-12-31,btcusdt,bybit,buy,-1,148,-0.54097764707845,1.737676784287961
train,2025-12-31,btcusdt,bybit,sell,-1,564,0.5191623601950165,1.6277873405855565
train,2025-12-31,btcusdt,bybit,buy,0,148,0.0,0.0
train,2025-12-31,btcusdt,bybit,sell,0,564,0.0,0.0
train,2025-12-31,btcusdt,bybit,buy,1,148,-0.06305396618543777,1.0828562273483129
train,2025-12-31,btcusdt,bybit,sell,1,564,-0.30962882913145484,1.3425014111088565
train,2025-12-31,btcusdt,bybit,buy,5,148,-0.4645521135565369,2.4273672535356736
train,2025-12-31,btcusdt,bybit,sell,5,564,-0.06248691835450679,3.330371698084995
train,2025-12-31,btcusdt,bybit,buy,10,148,-0.6300898401474306,3.0327097102095677
train,2025-12-31,btcusdt,bybit,sell,10,564,-0.48228565693182956,4.133800645043852
train,2025-12-31,btcusdt,bybit,buy,30,148,-2.6984648898122274,5.523303339073006
train,2025-12-31,btcusdt,bybit,sell,30,564,-1.845244662772814,7.8201450743665415
train,2025-12-31,btcusdt,bybit,buy,60,148,-4.267412262973228,5.013551699858456
train,2025-12-31,btcusdt,bybit,sell,60,564,-0.7675931781264559,7.57774192382157
train,2025-12-31,btcusdt,bybit,buy,120,148,-6.5096801449603685,6.252521833773755
train,2025-12-31,btcusdt,bybit,sell,120,564,0.9049349050902791,9.261769621177796
train,2025-12-31,btcusdt,bybit,buy,300,148,-4.5845412399265,6.222832419586195
train,2025-12-31,btcusdt,bybit,sell,300,564,4.179524310837969,10.480483760623214
train,2026-01-01,btcusdt,binance,buy,-300,234,-8.419554776672584,8.564729766590876
train,2026-01-01,btcusdt,binance,sell,-300,208,2.7948244916040177,5.84463086148399
train,2026-01-01,btcusdt,binance,buy,-120,234,-6.11762818241927,7.102230236949979
train,2026-01-01,btcusdt,binance,sell,-120,208,1.7510423462158455,4.017728613712457
train,2026-01-01,btcusdt,binance,buy,-60,234,-5.073733187889376,6.3682336062184515
train,2026-01-01,btcusdt,binance,sell,-60,208,1.1423919648557406,2.7722020579818136
train,2026-01-01,btcusdt,binance,buy,-30,234,-3.4745352759173374,4.335286578500634
train,2026-01-01,btcusdt,binance,sell,-30,208,0.7665272315437347,2.142474967038697
train,2026-01-01,btcusdt,binance,buy,-10,234,-2.0740431106338177,2.6485819975624385
train,2026-01-01,btcusdt,binance,sell,-10,208,0.4951129798923225,1.4404213580725382
train,2026-01-01,btcusdt,binance,buy,-5,234,-1.5651796848000674,2.2807665496178022
train,2026-01-01,btcusdt,binance,sell,-5,208,0.3480977189276475,1.1022280701079017
train,2026-01-01,btcusdt,binance,buy,-1,234,-0.16438378453650668,0.8380128270625892
train,2026-01-01,btcusdt,binance,sell,-1,208,0.013061021502634284,0.29274025970140244
train,2026-01-01,btcusdt,binance,buy,0,234,0.0,0.0
train,2026-01-01,btcusdt,binance,sell,0,208,0.0,0.0
train,2026-01-01,btcusdt,binance,buy,1,234,0.007007850652875948,0.6008091942622349
train,2026-01-01,btcusdt,binance,sell,1,208,-0.015192531764370316,0.25987296447435704
train,2026-01-01,btcusdt,binance,buy,5,234,-0.03249430694989133,1.264452309998528
train,2026-01-01,btcusdt,binance,sell,5,208,0.04587818124984121,0.5707074026421696
train,2026-01-01,btcusdt,binance,buy,10,234,0.031657129051777845,1.5789344980074065
train,2026-01-01,btcusdt,binance,sell,10,208,0.06904002117520183,0.8926907822799991
train,2026-01-01,btcusdt,binance,buy,30,234,0.16447486275464643,2.9693370681893696
train,2026-01-01,btcusdt,binance,sell,30,208,0.05442762991747495,1.7950133375838286
train,2026-01-01,btcusdt,binance,buy,60,234,0.5612114844217267,3.821430992499576
train,2026-01-01,btcusdt,binance,sell,60,208,0.04576488601176344,2.313900812506821
train,2026-01-01,btcusdt,binance,buy,120,234,-0.14171854307826232,5.401115913135855
train,2026-01-01,btcusdt,binance,sell,120,208,-0.04080127524117205,3.1490861699493014
train,2026-01-01,btcusdt,binance,buy,300,234,-3.245438259750294,8.290001917323501
train,2026-01-01,btcusdt,binance,sell,300,208,-0.30297967151623934,5.5895841973073095
train,2026-01-01,btcusdt,bybit,buy,-300,195,-15.292524071452092,10.030853199951544
train,2026-01-01,btcusdt,bybit,sell,-300,71,1.9820717329721418,5.69164899163188
train,2026-01-01,btcusdt,bybit,buy,-120,195,-12.500371026196447,8.495890004776822
train,2026-01-01,btcusdt,bybit,sell,-120,71,1.565055797946544,3.583265229456274
train,2026-01-01,btcusdt,bybit,buy,-60,195,-11.092320905022817,8.359862582402691
train,2026-01-01,btcusdt,bybit,sell,-60,71,0.8844199468655318,2.7046085870509033
train,2026-01-01,btcusdt,bybit,buy,-30,195,-7.79812037664694,5.325227002011959
train,2026-01-01,btcusdt,bybit,sell,-30,71,0.7846605161017215,2.2784569338701934
train,2026-01-01,btcusdt,bybit,buy,-10,195,-4.991084561273685,3.5703274709459496
train,2026-01-01,btcusdt,bybit,sell,-10,71,0.35386262530730633,1.1955894379754157
train,2026-01-01,btcusdt,bybit,buy,-5,195,-3.8270704578818844,2.9957217486106673
train,2026-01-01,btcusdt,bybit,sell,-5,71,0.2662617617190528,0.8405812479256359
train,2026-01-01,btcusdt,bybit,buy,-1,195,-0.562758620490511,1.467500190915967
train,2026-01-01,btcusdt,bybit,sell,-1,71,-0.008023807771778555,0.3916237092197159
train,2026-01-01,btcusdt,bybit,buy,0,195,0.0,0.0
train,2026-01-01,btcusdt,bybit,sell,0,71,0.0,0.0
train,2026-01-01,btcusdt,bybit,buy,1,195,-0.21493764490130332,1.3887627235039695
train,2026-01-01,btcusdt,bybit,sell,1,71,-0.00939166628704145,0.21147756344720842
train,2026-01-01,btcusdt,bybit,buy,5,195,-0.7801735154385284,1.6989856103401477
train,2026-01-01,btcusdt,bybit,sell,5,71,-0.03784106347349223,0.43749745220905967
train,2026-01-01,btcusdt,bybit,buy,10,195,-0.32607842107677637,2.4445233097459877
train,2026-01-01,btcusdt,bybit,sell,10,71,-0.14245332049933082,0.7570806328930917
train,2026-01-01,btcusdt,bybit,buy,30,195,0.8104094519137448,4.5430497534555725
train,2026-01-01,btcusdt,bybit,sell,30,71,0.3182089125898034,1.6443009345922202
train,2026-01-01,btcusdt,bybit,buy,60,195,1.9277591944449024,6.414884434231834
train,2026-01-01,btcusdt,bybit,sell,60,71,0.5483360002680109,2.1066484712504026
train,2026-01-01,btcusdt,bybit,buy,120,195,0.462888471539459,7.492258484841207
train,2026-01-01,btcusdt,bybit,sell,120,71,0.5721576356402178,2.7282679606561575
train,2026-01-01,btcusdt,bybit,buy,300,195,-6.489207684517322,9.171914532981118
train,2026-01-01,btcusdt,bybit,sell,300,71,0.5383389340244861,4.047909212528896
train,2026-01-02,btcusdt,binance,buy,-300,665,-25.72222430031358,21.880846294928006
train,2026-01-02,btcusdt,binance,sell,-300,405,18.59659951806568,20.86060028101406
train,2026-01-02,btcusdt,binance,buy,-120,665,-17.552295978623704,13.995852955139553
train,2026-01-02,btcusdt,binance,sell,-120,405,15.490021547793768,14.591202994606274
train,2026-01-02,btcusdt,binance,buy,-60,665,-13.962439719380631,12.035436093337607
train,2026-01-02,btcusdt,binance,sell,-60,405,11.275286519786098,11.045371009640686
train,2026-01-02,btcusdt,binance,buy,-30,665,-9.936483091044048,9.095326078298413
train,2026-01-02,btcusdt,binance,sell,-30,405,8.009632775508546,7.9228351515329285
train,2026-01-02,btcusdt,binance,buy,-10,665,-5.5746882718274895,5.943720079502061
train,2026-01-02,btcusdt,binance,sell,-10,405,4.342182435497201,4.540266213249543
train,2026-01-02,btcusdt,binance,buy,-5,665,-3.4872087488898176,3.9815768018656863
train,2026-01-02,btcusdt,binance,sell,-5,405,2.559976444461124,3.1863304847292246
train,2026-01-02,btcusdt,binance,buy,-1,665,-0.24699789744881162,1.5989815247176704
train,2026-01-02,btcusdt,binance,sell,-1,405,0.20272096532023187,1.3625858827065225
train,2026-01-02,btcusdt,binance,buy,0,665,0.0,0.0
train,2026-01-02,btcusdt,binance,sell,0,405,0.0,0.0
train,2026-01-02,btcusdt,binance,buy,1,665,0.09207352253373664,1.5137978971522705
train,2026-01-02,btcusdt,binance,sell,1,405,-0.06559315122901106,1.2106910373998114
train,2026-01-02,btcusdt,binance,buy,5,665,0.2501867034261163,4.106357755534057
train,2026-01-02,btcusdt,binance,sell,5,405,-0.24736236273941276,2.793880980249619
train,2026-01-02,btcusdt,binance,buy,10,665,0.19318607759829043,4.801578752310865
train,2026-01-02,btcusdt,binance,sell,10,405,-0.47003617037115436,3.946585064701944
train,2026-01-02,btcusdt,binance,buy,30,665,0.9123437415126021,7.350818517283826
train,2026-01-02,btcusdt,binance,sell,30,405,-0.6902155094649853,6.82249028307698
train,2026-01-02,btcusdt,binance,buy,60,665,0.7079278487305192,9.729503218575445
train,2026-01-02,btcusdt,binance,sell,60,405,-1.1427595896665,9.971773620905298
train,2026-01-02,btcusdt,binance,buy,120,665,-0.34485613566600554,13.655121638932942
train,2026-01-02,btcusdt,binance,sell,120,405,-1.1496897960621326,12.15455922994147
train,2026-01-02,btcusdt,binance,buy,300,665,0.4397848459422734,21.419673905678536
train,2026-01-02,btcusdt,binance,sell,300,405,1.4403765039718435,19.29608960478685
train,2026-01-02,btcusdt,bybit,buy,-300,1305,-42.891554442488065,23.711566933979167
train,2026-01-02,btcusdt,bybit,sell,-300,331,27.168210920914554,20.73010522404398
train,2026-01-02,btcusdt,bybit,buy,-120,1305,-26.583646009557853,13.60120360337145
train,2026-01-02,btcusdt,bybit,sell,-120,331,20.43776431023648,16.586582228156157
train,2026-01-02,btcusdt,bybit,buy,-60,1305,-23.591489680339695,12.74252897017834
train,2026-01-02,btcusdt,bybit,sell,-60,331,15.974198958157796,12.897964616387908
train,2026-01-02,btcusdt,bybit,buy,-30,1305,-17.237124474806826,10.032244049827229
train,2026-01-02,btcusdt,bybit,sell,-30,331,11.013966646120975,9.361183570684046
train,2026-01-02,btcusdt,bybit,buy,-10,1305,-11.889115402719746,8.73884385259472
train,2026-01-02,btcusdt,bybit,sell,-10,331,6.569189454717284,5.677246833412089
train,2026-01-02,btcusdt,bybit,buy,-5,1305,-8.575076849158783,5.933136640521611
train,2026-01-02,btcusdt,bybit,sell,-5,331,4.3933709767423155,3.988994577503338
train,2026-01-02,btcusdt,bybit,buy,-1,1305,-1.2484418173094054,2.587581500691362
train,2026-01-02,btcusdt,bybit,sell,-1,331,0.6110862581580296,2.061226459096021
train,2026-01-02,btcusdt,bybit,buy,0,1305,0.0,0.0
train,2026-01-02,btcusdt,bybit,sell,0,331,0.0,0.0
train,2026-01-02,btcusdt,bybit,buy,1,1305,0.5842151649237757,2.6027316866994745
train,2026-01-02,btcusdt,bybit,sell,1,331,-0.0451222892283877,1.496059037761701
train,2026-01-02,btcusdt,bybit,buy,5,1305,0.49507665534748585,6.2769816980929996
train,2026-01-02,btcusdt,bybit,sell,5,331,-0.6923092219586681,3.4930378145163132
train,2026-01-02,btcusdt,bybit,buy,10,1305,0.14746979204172367,6.42700252870011
train,2026-01-02,btcusdt,bybit,sell,10,331,-0.4212883513999346,4.866703485230582
train,2026-01-02,btcusdt,bybit,buy,30,1305,2.0467328258457114,8.428829828555005
train,2026-01-02,btcusdt,bybit,sell,30,331,0.08247105337775074,8.285799961663528
train,2026-01-02,btcusdt,bybit,buy,60,1305,1.3469826135042147,10.011481165199244
train,2026-01-02,btcusdt,bybit,sell,60,331,-0.4905596580720903,11.124203809845847
train,2026-01-02,btcusdt,bybit,buy,120,1305,-0.3809397723164193,13.98137991130474
train,2026-01-02,btcusdt,bybit,sell,120,331,-0.6150394584447378,12.434393078327721
train,2026-01-02,btcusdt,bybit,buy,300,1305,-2.740785508985087,22.961011546989496
train,2026-01-02,btcusdt,bybit,sell,300,331,4.1918975995767065,20.990371793562417
train,2026-01-03,btcusdt,binance,buy,-300,251,-9.691126468020473,9.285406985613255
train,2026-01-03,btcusdt,binance,sell,-300,174,10.707917804053961,8.279609916743542
train,2026-01-03,btcusdt,binance,buy,-120,251,-7.111662201329314,7.681700356420566
train,2026-01-03,btcusdt,binance,sell,-120,174,6.719963823797416,5.829812462580716
train,2026-01-03,btcusdt,binance,buy,-60,251,-5.884622160689781,6.313264334431926
train,2026-01-03,btcusdt,binance,sell,-60,174,4.886279390088988,4.115027652762612
train,2026-01-03,btcusdt,binance,buy,-30,251,-4.463944476245259,5.033327803491929
train,2026-01-03,btcusdt,binance,sell,-30,174,3.4917063957035053,3.2126538708973102
train,2026-01-03,btcusdt,binance,buy,-10,251,-2.3796203792768984,3.059632881716326
train,2026-01-03,btcusdt,binance,sell,-10,174,1.881881165806155,2.2292437620334655
train,2026-01-03,btcusdt,binance,buy,-5,251,-1.747261856596491,2.6539565502855518
train,2026-01-03,btcusdt,binance,sell,-5,174,1.3244647970157228,1.8229240074539634
train,2026-01-03,btcusdt,binance,buy,-1,251,-0.1472913407444664,0.7387171089321624
train,2026-01-03,btcusdt,binance,sell,-1,174,0.011676538447962168,0.5989155517530205
train,2026-01-03,btcusdt,binance,buy,0,251,0.0,0.0
train,2026-01-03,btcusdt,binance,sell,0,174,0.0,0.0
train,2026-01-03,btcusdt,binance,buy,1,251,0.020236436249577026,0.7967531501279502
train,2026-01-03,btcusdt,binance,sell,1,174,0.03206831466389092,0.5023205416110997
train,2026-01-03,btcusdt,binance,buy,5,251,-0.07302860823561119,1.7258489550957812
train,2026-01-03,btcusdt,binance,sell,5,174,0.1872223430037477,1.357960895036257
train,2026-01-03,btcusdt,binance,buy,10,251,-0.10396054960163767,2.2102473989614912
train,2026-01-03,btcusdt,binance,sell,10,174,0.0663968142933873,1.8771611933812273
train,2026-01-03,btcusdt,binance,buy,30,251,-0.011599928894980906,4.156315288801854
train,2026-01-03,btcusdt,binance,sell,30,174,1.0462387064759322,4.381093771195654
train,2026-01-03,btcusdt,binance,buy,60,251,-0.2029002428653282,5.974145524143014
train,2026-01-03,btcusdt,binance,sell,60,174,0.8733048420720452,5.994123063263491
train,2026-01-03,btcusdt,binance,buy,120,251,-1.168495420235537,6.8215600219047
train,2026-01-03,btcusdt,binance,sell,120,174,-0.7240516508317003,6.97319244136969
train,2026-01-03,btcusdt,binance,buy,300,251,-2.5512216336021685,7.045605546850053
train,2026-01-03,btcusdt,binance,sell,300,174,-1.9920990056263184,9.508962300657245
train,2026-01-03,btcusdt,bybit,buy,-300,289,-14.234985446842632,7.987811802055074
train,2026-01-03,btcusdt,bybit,sell,-300,114,15.497468369781897,8.38890199400034
train,2026-01-03,btcusdt,bybit,buy,-120,289,-11.177952964406385,7.670639627545888
train,2026-01-03,btcusdt,bybit,sell,-120,114,10.4767675593284,5.983747954837278
train,2026-01-03,btcusdt,bybit,buy,-60,289,-9.346802261266788,6.75486028413588
train,2026-01-03,btcusdt,bybit,sell,-60,114,7.191906558294238,4.51610478377039
train,2026-01-03,btcusdt,bybit,buy,-30,289,-7.339314162933527,5.675391450276396
train,2026-01-03,btcusdt,bybit,sell,-30,114,5.316911375203377,3.2533439696742112
train,2026-01-03,btcusdt,bybit,buy,-10,289,-4.475865535507588,3.282022929282518
train,2026-01-03,btcusdt,bybit,sell,-10,114,2.849749861008607,2.309307408689988
train,2026-01-03,btcusdt,bybit,buy,-5,289,-3.794020435569974,2.689853023773897
train,2026-01-03,btcusdt,bybit,sell,-5,114,2.3293709246818604,1.6837427787082444
train,2026-01-03,btcusdt,bybit,buy,-1,289,-0.6705498918396988,1.204426374279455
train,2026-01-03,btcusdt,bybit,sell,-1,114,0.40840115877679256,0.9375409751793
train,2026-01-03,btcusdt,bybit,buy,0,289,0.0,0.0
train,2026-01-03,btcusdt,bybit,sell,0,114,0.0,0.0
train,2026-01-03,btcusdt,bybit,buy,1,289,0.20011190414659302,1.2524956700310068
train,2026-01-03,btcusdt,bybit,sell,1,114,0.05512796085708588,0.7079954005091269
train,2026-01-03,btcusdt,bybit,buy,5,289,0.022469634379907365,3.054698073444137
train,2026-01-03,btcusdt,bybit,sell,5,114,0.4062370745390633,1.9172110532327435
train,2026-01-03,btcusdt,bybit,buy,10,289,0.061061800663103676,2.665469510547716
train,2026-01-03,btcusdt,bybit,sell,10,114,0.6537246920386658,2.34250425883132
train,2026-01-03,btcusdt,bybit,buy,30,289,1.301463274874713,4.779733814564829
train,2026-01-03,btcusdt,bybit,sell,30,114,1.1218953587491758,5.941233010326382
train,2026-01-03,btcusdt,bybit,buy,60,289,3.223908916987079,8.92728576568173
train,2026-01-03,btcusdt,bybit,sell,60,114,1.749464693825281,7.810515032717854
train,2026-01-03,btcusdt,bybit,buy,120,289,0.5729733803901675,8.426795246707112
train,2026-01-03,btcusdt,bybit,sell,120,114,-0.04474837089698174,8.948762741183597
train,2026-01-03,btcusdt,bybit,buy,300,289,-2.299565186717074,7.17625286184019
train,2026-01-03,btcusdt,bybit,sell,300,114,-1.5311396717709862,9.98067134910912
train,2026-01-04,btcusdt,binance,buy,-300,351,-15.374166738358884,21.123133162686504
train,2026-01-04,btcusdt,binance,sell,-300,205,9.072749522106651,9.132626426092369
train,2026-01-04,btcusdt,binance,buy,-120,351,-11.025906819896369,15.450612214303643
train,2026-01-04,btcusdt,binance,sell,-120,205,6.538317627038954,6.815187861210942
train,2026-01-04,btcusdt,binance,buy,-60,351,-8.48733454252169,12.253339871573383
train,2026-01-04,btcusdt,binance,sell,-60,205,5.0432216873311715,5.156421134914231
train,2026-01-04,btcusdt,binance,buy,-30,351,-6.691642996831447,12.130072877040204
train,2026-01-04,btcusdt,binance,sell,-30,205,3.9255048203114913,3.9865076601126437
train,2026-01-04,btcusdt,binance,buy,-10,351,-4.035057085961684,6.87032643111557
train,2026-01-04,btcusdt,binance,sell,-10,205,2.2434201301142433,2.7566137470608125
train,2026-01-04,btcusdt,binance,buy,-5,351,-2.535957828311639,4.497436531222618
train,2026-01-04,btcusdt,binance,sell,-5,205,1.4064318372815623,2.0860962870209763
train,2026-01-04,btcusdt,binance,buy,-1,351,-0.31599251095430964,1.3975556998506542
train,2026-01-04,btcusdt,binance,sell,-1,205,0.022140872263148027,0.9202418240885012
train,2026-01-04,btcusdt,binance,buy,0,351,0.0,0.0
train,2026-01-04,btcusdt,binance,sell,0,205,0.0,0.0
train,2026-01-04,btcusdt,binance,buy,1,351,0.08074223355986221,1.3903783092882158
train,2026-01-04,btcusdt,binance,sell,1,205,0.06572163390620646,0.8489532315426188
train,2026-01-04,btcusdt,binance,buy,5,351,0.1346868522030885,4.255461061313685
train,2026-01-04,btcusdt,binance,sell,5,205,0.2409563265688876,1.9912718741702562
train,2026-01-04,btcusdt,binance,buy,10,351,0.2733770928203625,6.977175054760436
train,2026-01-04,btcusdt,binance,sell,10,205,0.5540016658971466,2.5517231873292845
train,2026-01-04,btcusdt,binance,buy,30,351,-0.7790351099724647,6.442461983003672
train,2026-01-04,btcusdt,binance,sell,30,205,0.9170915493909929,3.1180271524687733
train,2026-01-04,btcusdt,binance,buy,60,351,0.28384578442849134,10.217554033334098
train,2026-01-04,btcusdt,binance,sell,60,205,1.3955404233767228,3.9927554941038608
train,2026-01-04,btcusdt,binance,buy,120,351,2.8221217722267418,15.46899594927841
train,2026-01-04,btcusdt,binance,sell,120,205,1.7443455075160987,5.6536174014805045
train,2026-01-04,btcusdt,binance,buy,300,351,2.639320144746175,19.08995277441102
train,2026-01-04,btcusdt,binance,sell,300,205,3.5771651485078126,7.754002387629801
train,2026-01-04,btcusdt,bybit,buy,-300,849,-56.25997480331658,30.703762332627477
train,2026-01-04,btcusdt,bybit,sell,-300,106,15.350090292139821,14.895634733442813
train,2026-01-04,btcusdt,bybit,buy,-120,849,-39.81301621039548,21.936434385798492
train,2026-01-04,btcusdt,bybit,sell,-120,106,11.110432422182217,11.272586368506126
train,2026-01-04,btcusdt,bybit,buy,-60,849,-32.11895084117112,19.671761727583817
train,2026-01-04,btcusdt,bybit,sell,-60,106,8.54087867952358,9.471387966363519
train,2026-01-04,btcusdt,bybit,buy,-30,849,-30.73207760963564,21.584661157618964
train,2026-01-04,btcusdt,bybit,sell,-30,106,9.251854567182782,9.921777103809028
train,2026-01-04,btcusdt,bybit,buy,-10,849,-19.243650516435423,10.675428438466597
train,2026-01-04,btcusdt,bybit,sell,-10,106,6.286104694800187,6.368706569133188
train,2026-01-04,btcusdt,bybit,buy,-5,849,-13.606099897386708,8.121675718162047
train,2026-01-04,btcusdt,bybit,sell,-5,106,5.142256345285069,5.208243844282758
train,2026-01-04,btcusdt,bybit,buy,-1,849,-3.2245179191705167,3.7337457291147746
train,2026-01-04,btcusdt,bybit,sell,-1,106,0.2827104453630021,2.2366571740132564
train,2026-01-04,btcusdt,bybit,buy,0,849,0.0,0.0
train,2026-01-04,btcusdt,bybit,sell,0,106,0.0,0.0
train,2026-01-04,btcusdt,bybit,buy,1,849,1.9703623816420177,3.11222315492343
train,2026-01-04,btcusdt,bybit,sell,1,106,1.3215424371117839,3.1520404357194307
train,2026-01-04,btcusdt,bybit,buy,5,849,5.342343878718172,8.103733238378188
train,2026-01-04,btcusdt,bybit,sell,5,106,1.721155154428139,3.009853803834743
train,2026-01-04,btcusdt,bybit,buy,10,849,4.013279355576728,16.778034998545845
train,2026-01-04,btcusdt,bybit,sell,10,106,2.9181408370332917,5.079631070717744
train,2026-01-04,btcusdt,bybit,buy,30,849,-4.4842591648925625,15.269995491505025
train,2026-01-04,btcusdt,bybit,sell,30,106,3.547331316810169,5.221971472713766
train,2026-01-04,btcusdt,bybit,buy,60,849,0.36140659310664586,16.46854550581723
train,2026-01-04,btcusdt,bybit,sell,60,106,4.234987990753583,5.559431562488252
train,2026-01-04,btcusdt,bybit,buy,120,849,10.286351351722221,22.981308639659353
train,2026-01-04,btcusdt,bybit,sell,120,106,5.594762784134487,6.841439889096436
train,2026-01-04,btcusdt,bybit,buy,300,849,6.4573755482378035,23.235579780009083
train,2026-01-04,btcusdt,bybit,sell,300,106,9.129184706853827,7.46535825084644
train,2026-01-05,btcusdt,binance,buy,-300,859,-19.848655808499785,16.9947366217047
train,2026-01-05,btcusdt,binance,sell,-300,419,15.302681015267428,12.018666944442145
train,2026-01-05,btcusdt,binance,buy,-120,859,-13.976407649369019,12.542106904219557
train,2026-01-05,btcusdt,binance,sell,-120,419,12.661728353521843,10.201361808654115
train,2026-01-05,btcusdt,binance,buy,-60,859,-10.410704032812225,10.083705312625703
train,2026-01-05,btcusdt,binance,sell,-60,419,8.815853398327356,7.339297017063844
train,2026-01-05,btcusdt,binance,buy,-30,859,-7.844587335480488,9.077319508327747
train,2026-01-05,btcusdt,binance,sell,-30,419,6.401977731027433,5.315387173479402
train,2026-01-05,btcusdt,binance,buy,-10,859,-4.249798371017866,5.514988396632132
train,2026-01-05,btcusdt,binance,sell,-10,419,3.11003857536939,3.0695498979884692
train,2026-01-05,btcusdt,binance,buy,-5,859,-2.6442459174100534,3.954393063604848
train,2026-01-05,btcusdt,binance,sell,-5,419,1.8100259345987713,2.4306769206500007
train,2026-01-05,btcusdt,binance,buy,-1,859,-0.1808312962833305,1.47728552782017
train,2026-01-05,btcusdt,binance,sell,-1,419,-0.029889788640114854,1.0413510449449384
train,2026-01-05,btcusdt,binance,buy,0,859,0.0,0.0
train,2026-01-05,btcusdt,binance,sell,0,419,0.0,0.0
train,2026-01-05,btcusdt,binance,buy,1,859,-0.032426827555592085,1.4428366560304267
train,2026-01-05,btcusdt,binance,sell,1,419,0.038912928448160765,0.9232327611812725
train,2026-01-05,btcusdt,binance,buy,5,859,0.07711754438689163,3.618843743855237
train,2026-01-05,btcusdt,binance,sell,5,419,0.06608968371803796,1.966059412759278
train,2026-01-05,btcusdt,binance,buy,10,859,0.20644125313463838,4.91683731502215
train,2026-01-05,btcusdt,binance,sell,10,419,0.39299282633693217,2.838201238880676
train,2026-01-05,btcusdt,binance,buy,30,859,-0.47226782667836187,7.2987762858634895
train,2026-01-05,btcusdt,binance,sell,30,419,1.0278407730151684,5.4566572313905555
train,2026-01-05,btcusdt,binance,buy,60,859,-0.1830665515919461,8.623039582640219
train,2026-01-05,btcusdt,binance,sell,60,419,2.2597120685359116,7.361574649661917
train,2026-01-05,btcusdt,binance,buy,120,859,0.3948769961819876,12.059242983092275
train,2026-01-05,btcusdt,binance,sell,120,419,4.269343319300322,10.232807747805486
train,2026-01-05,btcusdt,binance,buy,300,859,-0.9772099622722479,18.164979970743968
train,2026-01-05,btcusdt,binance,sell,300,419,7.3839176160978734,15.044750885888185
train,2026-01-05,btcusdt,bybit,buy,-300,2833,-36.62829192417546,16.28919222578419
train,2026-01-05,btcusdt,bybit,sell,-300,274,18.15808985404903,11.942740313025768
train,2026-01-05,btcusdt,bybit,buy,-120,2833,-25.590982578892557,12.931661776724129
train,2026-01-05,btcusdt,bybit,sell,-120,274,13.012359273978555,9.146892561780934
train,2026-01-05,btcusdt,bybit,buy,-60,2833,-20.51961911054739,12.209066928702109
train,2026-01-05,btcusdt,bybit,sell,-60,274,10.208126894593143,7.051531982239089
train,2026-01-05,btcusdt,bybit,buy,-30,2833,-18.190014106119854,13.21207147766783
train,2026-01-05,btcusdt,bybit,sell,-30,274,7.681212647445314,5.580199600032167
train,2026-01-05,btcusdt,bybit,buy,-10,2833,-13.411038814873512,9.61848071869636
train,2026-01-05,btcusdt,bybit,sell,-10,274,3.914970302405073,3.4895684510375955
train,2026-01-05,btcusdt,bybit,buy,-5,2833,-10.53817996680327,7.658946965290177
train,2026-01-05,btcusdt,bybit,sell,-5,274,3.0569164095573056,3.0405366676523435
train,2026-01-05,btcusdt,bybit,buy,-1,2833,-2.154114969715282,3.2977081561125603
train,2026-01-05,btcusdt,bybit,sell,-1,274,0.6002421622740405,1.3425404820325142
train,2026-01-05,btcusdt,bybit,buy,0,2833,0.0,0.0
train,2026-01-05,btcusdt,bybit,sell,0,274,0.0,0.0
train,2026-01-05,btcusdt,bybit,buy,1,2833,0.3942407706780493,2.6541167457109944
train,2026-01-05,btcusdt,bybit,sell,1,274,0.023265477245822425,1.1096840323310522
train,2026-01-05,btcusdt,bybit,buy,5,2833,-0.2835135770595813,5.851986895759837
train,2026-01-05,btcusdt,bybit,sell,5,274,0.10928634667334679,2.285645523878225
train,2026-01-05,btcusdt,bybit,buy,10,2833,-1.344175309588727,8.454593016499539
train,2026-01-05,btcusdt,bybit,sell,10,274,0.2968155856757633,2.8026143066708387
train,2026-01-05,btcusdt,bybit,buy,30,2833,-3.1222798233934936,10.675395054948885
train,2026-01-05,btcusdt,bybit,sell,30,274,0.8609437416678207,5.83603491057483
train,2026-01-05,btcusdt,bybit,buy,60,2833,-2.1243105446740556,10.018672251225295
train,2026-01-05,btcusdt,bybit,sell,60,274,1.6273190183417046,7.577704075028675
train,2026-01-05,btcusdt,bybit,buy,120,2833,-3.331273296117168,14.213282398657377
train,2026-01-05,btcusdt,bybit,sell,120,274,5.8506123049870045,12.483639531330605
train,2026-01-05,btcusdt,bybit,buy,300,2833,-10.526760715254156,17.877004358400935
train,2026-01-05,btcusdt,bybit,sell,300,274,7.844163686263511,19.330681241780585
train,2026-01-06,btcusdt,binance,buy,-300,605,-20.428290883419745,26.35879902011588
train,2026-01-06,btcusdt,binance,sell,-300,674,21.32427449409765,16.822331070592107
train,2026-01-06,btcusdt,binance,buy,-120,605,-14.108869708671124,17.733004782739343
train,2026-01-06,btcusdt,binance,sell,-120,676,15.621977805659002,13.771837853211325
train,2026-01-06,btcusdt,binance,buy,-60,605,-10.229660156257427,12.370885325731102
train,2026-01-06,btcusdt,binance,sell,-60,676,11.832248144443012,10.496493992598255
train,2026-01-06,btcusdt,binance,buy,-30,605,-7.527851970699613,9.689443391451656
train,2026-01-06,btcusdt,binance,sell,-30,676,8.444171652352717,7.973698818052266
train,2026-01-06,btcusdt,binance,buy,-10,605,-3.8531698069188143,4.836970951976341
train,2026-01-06,btcusdt,binance,sell,-10,676,4.411458903846259,5.539751126198123
train,2026-01-06,btcusdt,binance,buy,-5,605,-2.446519137622862,3.253482380083757
train,2026-01-06,btcusdt,binance,sell,-5,676,2.5769325505115592,4.0292105099524
train,2026-01-06,btcusdt,binance,buy,-1,605,-0.17801444863506918,1.2374670723507508
train,2026-01-06,btcusdt,binance,sell,-1,676,0.11284371522487716,1.2689678625204146
train,2026-01-06,btcusdt,binance,buy,0,605,0.0,0.0
train,2026-01-06,btcusdt,binance,sell,0,676,0.0,0.0
train,2026-01-06,btcusdt,binance,buy,1,605,0.05067905711269991,1.1734556621619137
train,2026-01-06,btcusdt,binance,sell,1,676,-0.02667191280620241,1.3089449826519688
train,2026-01-06,btcusdt,binance,buy,5,605,0.26917834022406595,2.9680725859145105
train,2026-01-06,btcusdt,binance,sell,5,676,-0.15899096298146173,3.2192808337004477
train,2026-01-06,btcusdt,binance,buy,10,605,0.6003630623339968,4.538795716717319
train,2026-01-06,btcusdt,binance,sell,10,675,-0.022846881900074424,4.09246999842743
train,2026-01-06,btcusdt,binance,buy,30,605,1.0776637488367584,8.429684252781337
train,2026-01-06,btcusdt,binance,sell,30,674,0.04922149529539408,6.261152900734365
train,2026-01-06,btcusdt,binance,buy,60,605,0.9954637791567801,10.231114849730025
train,2026-01-06,btcusdt,binance,sell,60,676,0.66902464429182,8.79298739730793
train,2026-01-06,btcusdt,binance,buy,120,605,0.9549472940685173,16.657484602609923
train,2026-01-06,btcusdt,binance,sell,120,676,2.0122807016090123,11.616241426791857
train,2026-01-06,btcusdt,binance,buy,300,604,2.1847445662674883,22.949653966102268
train,2026-01-06,btcusdt,binance,sell,300,676,-1.8500736528124606,15.799439290679645
train,2026-01-06,btcusdt,bybit,buy,-300,545,-43.19313530484845,42.70363354691248
train,2026-01-06,btcusdt,bybit,sell,-300,1310,30.248763828921813,14.65775953194236
train,2026-01-06,btcusdt,bybit,buy,-120,545,-27.891811122254005,28.35677301928863
train,2026-01-06,btcusdt,bybit,sell,-120,1312,26.05727371636474,16.619941020343656
train,2026-01-06,btcusdt,bybit,buy,-60,545,-18.804066100886452,19.19802024297319
train,2026-01-06,btcusdt,bybit,sell,-60,1312,21.241921263383812,14.214238510427762
train,2026-01-06,btcusdt,bybit,buy,-30,545,-15.306865674254107,15.807915075159679
train,2026-01-06,btcusdt,bybit,sell,-30,1312,15.485948341105209,10.887080441100338
train,2026-01-06,btcusdt,bybit,buy,-10,545,-7.850214853325401,8.08884897269168
train,2026-01-06,btcusdt,bybit,sell,-10,1312,11.210681566072918,10.554340164777859
train,2026-01-06,btcusdt,bybit,buy,-5,545,-5.101059087781595,5.172741849664142
train,2026-01-06,btcusdt,bybit,sell,-5,1312,8.874317367148018,9.717646669875387
train,2026-01-06,btcusdt,bybit,buy,-1,545,-0.8691289266581274,2.0800490974302215
train,2026-01-06,btcusdt,bybit,sell,-1,1312,2.175987371800846,6.477145841551775
train,2026-01-06,btcusdt,bybit,buy,0,545,0.0,0.0
train,2026-01-06,btcusdt,bybit,sell,0,1312,0.0,0.0
train,2026-01-06,btcusdt,bybit,buy,1,545,0.12481038773346516,1.8128636602236183
train,2026-01-06,btcusdt,bybit,sell,1,1312,-1.2023823213354912,5.657938572099578
train,2026-01-06,btcusdt,bybit,buy,5,545,0.983188571190441,4.795120415402664
train,2026-01-06,btcusdt,bybit,sell,5,1312,-1.0258626413592604,6.009773379770752
train,2026-01-06,btcusdt,bybit,buy,10,545,1.9248378474897887,7.12574239241959
train,2026-01-06,btcusdt,bybit,sell,10,1312,-0.7857774246338967,6.747394735642432
train,2026-01-06,btcusdt,bybit,buy,30,545,4.849624825148464,14.31484021908576
train,2026-01-06,btcusdt,bybit,sell,30,1312,-0.24700499429277276,8.275309317266833
train,2026-01-06,btcusdt,bybit,buy,60,545,6.030418014374345,15.347354267326734
train,2026-01-06,btcusdt,bybit,sell,60,1312,2.7510518626011,10.543764295076036
train,2026-01-06,btcusdt,bybit,buy,120,545,9.69319520457477,26.904002767368308
train,2026-01-06,btcusdt,bybit,sell,120,1312,4.436956534998347,14.171579557342369
train,2026-01-06,btcusdt,bybit,buy,300,545,5.245257484507709,26.673225365049873
train,2026-01-06,btcusdt,bybit,sell,300,1312,-0.3671358085716137,17.61290254803545
train,2026-01-07,btcusdt,binance,buy,-300,259,-13.020305791805052,11.41799725739012
train,2026-01-07,btcusdt,binance,sell,-300,705,19.822767769678638,14.366008262664012
train,2026-01-07,btcusdt,binance,buy,-120,259,-12.003177321223026,9.003220791333073
train,2026-01-07,btcusdt,binance,sell,-120,705,13.660644520223771,9.81772612788817
train,2026-01-07,btcusdt,binance,buy,-60,259,-8.80138474382513,7.147853018882343
train,2026-01-07,btcusdt,binance,sell,-60,705,9.108845452771673,7.290587040330359
train,2026-01-07,btcusdt,binance,buy,-30,259,-6.846239469125432,6.534810086106283
train,2026-01-07,btcusdt,binance,sell,-30,705,6.814812376003963,5.721422428768661
train,2026-01-07,btcusdt,binance,buy,-10,259,-3.61071944589736,3.716445514029114
train,2026-01-07,btcusdt,binance,sell,-10,705,3.6438067815834776,3.9471197954447286
train,2026-01-07,btcusdt,binance,buy,-5,259,-2.387445905913244,2.4649801338456028
train,2026-01-07,btcusdt,binance,sell,-5,705,2.2398783170139818,2.9066067658781796
train,2026-01-07,btcusdt,binance,buy,-1,259,-0.17739280793361045,1.0551926690857152
train,2026-01-07,btcusdt,binance,sell,-1,705,0.10359796252377422,1.3040636142615558
train,2026-01-07,btcusdt,binance,buy,0,259,0.0,0.0
train,2026-01-07,btcusdt,binance,sell,0,705,0.0,0.0
train,2026-01-07,btcusdt,binance,buy,1,259,0.07190261612617219,0.9398154990130136
train,2026-01-07,btcusdt,binance,sell,1,705,-0.04505506568961619,1.2173708684218387
train,2026-01-07,btcusdt,binance,buy,5,259,-0.013175114025384639,2.42651455957918
train,2026-01-07,btcusdt,binance,sell,5,705,-0.028715928155838417,2.738303906330933
train,2026-01-07,btcusdt,binance,buy,10,259,-0.15147864786338636,3.407973052625616
train,2026-01-07,btcusdt,binance,sell,10,705,-0.06773080065193457,3.562914604859889
train,2026-01-07,btcusdt,binance,buy,30,259,-0.6972150998081078,4.9145561683196854
train,2026-01-07,btcusdt,binance,sell,30,705,-0.35686019888291415,5.204018312360536
train,2026-01-07,btcusdt,binance,buy,60,259,-1.3197453536000505,6.0881898519752555
train,2026-01-07,btcusdt,binance,sell,60,705,-0.5296475133581036,7.59153197954847
train,2026-01-07,btcusdt,binance,buy,120,259,-3.0408545083754874,8.907512853420288
train,2026-01-07,btcusdt,binance,sell,120,705,-0.38742321408557284,10.800874306660566
train,2026-01-07,btcusdt,binance,buy,300,259,-3.447687114960885,9.443453414271355
train,2026-01-07,btcusdt,binance,sell,300,705,2.579557526899867,15.31864128546547
train,2026-01-07,btcusdt,bybit,buy,-300,87,-15.55815340623194,11.690453235430038
train,2026-01-07,btcusdt,bybit,sell,-300,1059,32.30148433697628,18.335774736362143
train,2026-01-07,btcusdt,bybit,buy,-120,87,-13.275069980343293,11.317690271590541
train,2026-01-07,btcusdt,bybit,sell,-120,1059,21.956634837175574,12.618828056743828
train,2026-01-07,btcusdt,bybit,buy,-60,87,-11.274215531462605,9.870086687055602
train,2026-01-07,btcusdt,bybit,sell,-60,1059,14.205739537324751,8.566447299979352
train,2026-01-07,btcusdt,bybit,buy,-30,87,-8.711272974006294,8.008435104900629
train,2026-01-07,btcusdt,bybit,sell,-30,1059,12.035969697902294,8.110429636132208
train,2026-01-07,btcusdt,bybit,buy,-10,87,-5.21418472599812,4.7656019741064455
train,2026-01-07,btcusdt,bybit,sell,-10,1059,8.17009468925364,6.326194168592621
train,2026-01-07,btcusdt,bybit,buy,-5,87,-4.019990258152836,3.9868386911164397
train,2026-01-07,btcusdt,bybit,sell,-5,1059,6.215100165952778,5.537239659778852
train,2026-01-07,btcusdt,bybit,buy,-1,87,-0.9019222665326891,2.7075006003367927
train,2026-01-07,btcusdt,bybit,sell,-1,1059,0.7285327808074149,2.419537498075025
train,2026-01-07,btcusdt,bybit,buy,0,87,0.0,0.0
train,2026-01-07,btcusdt,bybit,sell,0,1059,0.0,0.0
train,2026-01-07,btcusdt,bybit,buy,1,87,-0.23718585489305896,1.455530896191859
train,2026-01-07,btcusdt,bybit,sell,1,1059,0.20580634805426354,2.170706497382024
train,2026-01-07,btcusdt,bybit,buy,5,87,-1.5505742168563346,3.1526117048419
train,2026-01-07,btcusdt,bybit,sell,5,1059,0.797728745349203,2.9556832223574196
train,2026-01-07,btcusdt,bybit,buy,10,87,-2.1382265023893794,4.110735094519176
train,2026-01-07,btcusdt,bybit,sell,10,1059,0.8580974508497711,3.3821907381933833
train,2026-01-07,btcusdt,bybit,buy,30,87,-3.4521348379946786,4.904716051694837
train,2026-01-07,btcusdt,bybit,sell,30,1059,0.6862116618655807,4.615730117092478
train,2026-01-07,btcusdt,bybit,buy,60,87,-5.068123910103644,6.173054407427222
train,2026-01-07,btcusdt,bybit,sell,60,1059,1.1888347671358026,7.778173113744271
train,2026-01-07,btcusdt,bybit,buy,120,87,-7.493012985157385,8.517843939136403
train,2026-01-07,btcusdt,bybit,sell,120,1059,-0.41238895472949566,11.905984737774007
train,2026-01-07,btcusdt,bybit,buy,300,87,-7.7853330129700495,10.166956013235886
train,2026-01-07,btcusdt,bybit,sell,300,1059,9.396073168438638,17.0764729628139
train,2026-01-08,btcusdt,binance,buy,-300,412,-18.146441545809296,14.885015553759017
train,2026-01-08,btcusdt,binance,sell,-300,780,16.97347686224884,12.017762629266649
train,2026-01-08,btcusdt,binance,buy,-120,412,-13.47450216028183,10.910886026434902
train,2026-01-08,btcusdt,binance,sell,-120,780,12.336144951094544,9.17781144981413
train,2026-01-08,btcusdt,binance,buy,-60,412,-10.323393174369778,8.456563584281414
train,2026-01-08,btcusdt,binance,sell,-60,780,8.871588610849551,7.185546928709752
train,2026-01-08,btcusdt,binance,buy,-30,412,-7.413428047263875,5.9214133876258845
train,2026-01-08,btcusdt,binance,sell,-30,780,6.530872480466887,6.187522979821005
train,2026-01-08,btcusdt,binance,buy,-10,412,-4.010037616817489,3.588657286347548
train,2026-01-08,btcusdt,binance,sell,-10,780,3.6388794269506177,3.780624000015936
train,2026-01-08,btcusdt,binance,buy,-5,412,-2.8608137945620515,2.8320688339321145
train,2026-01-08,btcusdt,binance,sell,-5,780,2.2182426716457657,2.677015059818612
train,2026-01-08,btcusdt,binance,buy,-1,412,-0.2294085343786124,1.3892459743407606
train,2026-01-08,btcusdt,binance,sell,-1,780,0.25522401641701997,1.2154295897027947
train,2026-01-08,btcusdt,binance,buy,0,412,0.0,0.0
train,2026-01-08,btcusdt,binance,sell,0,780,0.0,0.0
train,2026-01-08,btcusdt,binance,buy,1,412,-0.11930725328872503,1.137168047244129
train,2026-01-08,btcusdt,binance,sell,1,780,-0.12579492103556514,1.2495561676704177
train,2026-01-08,btcusdt,binance,buy,5,412,-0.4836498863266342,2.5866304640317
train,2026-01-08,btcusdt,binance,sell,5,780,-0.157992987854828,3.0351658165615363
train,2026-01-08,btcusdt,binance,buy,10,412,-0.5604570501570189,3.6851023409018144
train,2026-01-08,btcusdt,binance,sell,10,780,-0.12235056647035465,3.991772817438014
train,2026-01-08,btcusdt,binance,buy,30,412,-1.476729342645426,5.612934756374989
train,2026-01-08,btcusdt,binance,sell,30,780,0.38633569202812873,5.462078264860133
train,2026-01-08,btcusdt,binance,buy,60,412,-1.7084699597531594,6.57695787234085
train,2026-01-08,btcusdt,binance,sell,60,780,0.9827019204301337,8.25675515898164
train,2026-01-08,btcusdt,binance,buy,120,412,-2.4697440822119985,8.8460240592891
train,2026-01-08,btcusdt,binance,sell,120,780,1.5446633324580183,11.62238014274768
train,2026-01-08,btcusdt,binance,buy,300,412,-2.2720121260181414,12.102756374909802
train,2026-01-08,btcusdt,binance,sell,300,780,2.376171316230348,17.630443907797133
train,2026-01-08,btcusdt,bybit,buy,-300,435,-24.838900683180515,13.836900544488437
train,2026-01-08,btcusdt,bybit,sell,-300,1487,28.256501498454632,13.612630830296355
train,2026-01-08,btcusdt,bybit,buy,-120,435,-16.848183094268034,10.704711650017272
train,2026-01-08,btcusdt,bybit,sell,-120,1487,21.666484898230898,10.049647037067759
train,2026-01-08,btcusdt,bybit,buy,-60,435,-12.389822347210643,7.6574554841594455
train,2026-01-08,btcusdt,bybit,sell,-60,1487,16.5203987764825,9.220355169508466
train,2026-01-08,btcusdt,bybit,buy,-30,435,-9.88364874508422,5.6402817522836965
train,2026-01-08,btcusdt,bybit,sell,-30,1487,14.754275015239642,9.076369287023171
train,2026-01-08,btcusdt,bybit,buy,-10,435,-6.383057991109108,3.6694317059856187
train,2026-01-08,btcusdt,bybit,sell,-10,1487,8.458650519701518,5.716296727086678
train,2026-01-08,btcusdt,bybit,buy,-5,435,-5.1963638809928065,3.349002334970163
train,2026-01-08,btcusdt,bybit,sell,-5,1487,6.137275840670619,4.621587091334388
train,2026-01-08,btcusdt,bybit,buy,-1,435,-0.7556310092774852,2.299280881289946
train,2026-01-08,btcusdt,bybit,sell,-1,1487,0.9256284787412117,2.362295762193249
train,2026-01-08,btcusdt,bybit,buy,0,435,0.0,0.0
train,2026-01-08,btcusdt,bybit,sell,0,1487,0.0,0.0
train,2026-01-08,btcusdt,bybit,buy,1,435,-0.3025190423182476,1.3079400043726148
train,2026-01-08,btcusdt,bybit,sell,1,1487,-0.41293273911114736,2.145177157618107
train,2026-01-08,btcusdt,bybit,buy,5,435,-1.5302166799111778,3.8386702158134103
train,2026-01-08,btcusdt,bybit,sell,5,1487,-0.03315765960040057,4.45653684165098
train,2026-01-08,btcusdt,bybit,buy,10,435,-1.9289687803270568,4.834385701121974
train,2026-01-08,btcusdt,bybit,sell,10,1487,1.0052521348894528,5.691456782486079
train,2026-01-08,btcusdt,bybit,buy,30,435,-4.31833186061278,5.808027648872964
train,2026-01-08,btcusdt,bybit,sell,30,1487,2.1781023747073998,6.809831167895419
train,2026-01-08,btcusdt,bybit,buy,60,435,-4.3156883657078,6.820163915844802
train,2026-01-08,btcusdt,bybit,sell,60,1487,5.3353698597455015,9.92519664482482
train,2026-01-08,btcusdt,bybit,buy,120,435,-5.639424417359343,9.467495861420156
train,2026-01-08,btcusdt,bybit,sell,120,1487,5.105767189101947,13.401616663500379
train,2026-01-08,btcusdt,bybit,buy,300,435,-4.790198766243768,11.80212084208128
train,2026-01-08,btcusdt,bybit,sell,300,1487,8.357517379537256,19.516686827652773
train,2026-01-09,btcusdt,binance,buy,-300,372,-32.163669152587765,28.480587130565144
train,2026-01-09,btcusdt,binance,sell,-300,538,24.080667169051406,16.091106747305474
train,2026-01-09,btcusdt,binance,buy,-120,372,-21.166386118265354,16.85958117897314
train,2026-01-09,btcusdt,binance,sell,-120,537,16.294543017544363,10.947551195135304
train,2026-01-09,btcusdt,binance,buy,-60,372,-15.759678491051202,11.884660560422802
train,2026-01-09,btcusdt,binance,sell,-60,537,11.914421074510193,8.689473044814658
train,2026-01-09,btcusdt,binance,buy,-30,372,-10.682504425918177,7.773522893272083
train,2026-01-09,btcusdt,binance,sell,-30,537,8.95930928938756,6.761225147206576
train,2026-01-09,btcusdt,binance,buy,-10,372,-5.615614312409798,5.035080369474494
train,2026-01-09,btcusdt,binance,sell,-10,538,5.0417240024699,4.660386242005131
train,2026-01-09,btcusdt,binance,buy,-5,372,-3.9683333896106907,4.049004898209268
train,2026-01-09,btcusdt,binance,sell,-5,538,3.062149467426602,3.311549349112008
train,2026-01-09,btcusdt,binance,buy,-1,372,-0.45209278193551083,1.6708229438311868
train,2026-01-09,btcusdt,binance,sell,-1,538,0.239190552221186,1.4845831877256204
train,2026-01-09,btcusdt,binance,buy,0,372,0.0,0.0
train,2026-01-09,btcusdt,binance,sell,0,538,0.0,0.0
train,2026-01-09,btcusdt,binance,buy,1,372,0.0363333412066915,1.5996567827549368
train,2026-01-09,btcusdt,binance,sell,1,538,0.009454961085790798,1.3611199394421702
train,2026-01-09,btcusdt,binance,buy,5,372,-0.29775230815346226,3.8876390918425088
train,2026-01-09,btcusdt,binance,sell,5,538,-0.0515241958392567,3.318163654477069
train,2026-01-09,btcusdt,binance,buy,10,372,-0.007948864826841411,5.686814737833723
train,2026-01-09,btcusdt,binance,sell,10,538,-0.12006900295543045,4.321008280603921
train,2026-01-09,btcusdt,binance,buy,30,372,0.8622482936572677,8.040062384803477
train,2026-01-09,btcusdt,binance,sell,30,538,-0.26644017889339894,6.833035440602651
train,2026-01-09,btcusdt,binance,buy,60,372,1.3626497840299945,12.57952241694845
train,2026-01-09,btcusdt,binance,sell,60,538,-0.4283791550602629,9.711002236781502
train,2026-01-09,btcusdt,binance,buy,120,372,2.9122450862500173,18.04942319788874
train,2026-01-09,btcusdt,binance,sell,120,538,-1.0906678939870482,13.580941567903603
train,2026-01-09,btcusdt,binance,buy,300,366,9.814400474290842,31.118960906506302
train,2026-01-09,btcusdt,binance,sell,300,538,-2.689300255651931,21.616850522889614
train,2026-01-09,btcusdt,bybit,buy,-300,487,-61.5788593346033,29.398336235679007
train,2026-01-09,btcusdt,bybit,sell,-300,661,32.3457712099766,15.198540291566005
train,2026-01-09,btcusdt,bybit,buy,-120,487,-36.782848037465875,18.847375671612433
train,2026-01-09,btcusdt,bybit,sell,-120,658,20.621349258471234,9.92744814627493
train,2026-01-09,btcusdt,bybit,buy,-60,487,-24.069284926376696,12.872890549692267
train,2026-01-09,btcusdt,bybit,sell,-60,660,15.522360119791516,8.360443666377842
train,2026-01-09,btcusdt,bybit,buy,-30,487,-16.64328331932709,8.794651214183348
train,2026-01-09,btcusdt,bybit,sell,-30,660,12.555509793535984,7.556901591328215
train,2026-01-09,btcusdt,bybit,buy,-10,487,-9.674896967321367,5.8768582696222635
train,2026-01-09,btcusdt,bybit,sell,-10,661,8.404163955799849,6.275696524033036
train,2026-01-09,btcusdt,bybit,buy,-5,487,-8.222681045090392,6.26851804958343
train,2026-01-09,btcusdt,bybit,sell,-5,661,5.778315839397601,4.74003799669414
train,2026-01-09,btcusdt,bybit,buy,-1,487,-0.8771215240117648,2.6286840664617754
train,2026-01-09,btcusdt,bybit,sell,-1,661,0.5298273039581874,2.0166362976346397
train,2026-01-09,btcusdt,bybit,buy,0,487,0.0,0.0
train,2026-01-09,btcusdt,bybit,sell,0,661,0.0,0.0
train,2026-01-09,btcusdt,bybit,buy,1,487,0.43494831120725713,2.3639002031493344
train,2026-01-09,btcusdt,bybit,sell,1,661,-0.04926996017818472,1.7165764485772235
train,2026-01-09,btcusdt,bybit,buy,5,487,-1.3415802776724555,4.432534834753076
train,2026-01-09,btcusdt,bybit,sell,5,661,-0.005093148182452186,4.418225771499958
train,2026-01-09,btcusdt,bybit,buy,10,487,-1.5564594251603614,7.924050015054823
train,2026-01-09,btcusdt,bybit,sell,10,661,0.3368772349012077,5.231535375264074
train,2026-01-09,btcusdt,bybit,buy,30,487,-0.6025860919489853,11.084469023637011
train,2026-01-09,btcusdt,bybit,sell,30,661,0.3600625129720464,6.874641776314069
train,2026-01-09,btcusdt,bybit,buy,60,487,0.34376556627157195,18.01305043935886
train,2026-01-09,btcusdt,bybit,sell,60,661,1.0403899761234727,10.448334568849655
train,2026-01-09,btcusdt,bybit,buy,120,487,4.024223432216899,24.799879607239415
train,2026-01-09,btcusdt,bybit,sell,120,661,0.29665386454718756,14.496038734409968
train,2026-01-09,btcusdt,bybit,buy,300,483,17.26355009848023,37.41950524721965
train,2026-01-09,btcusdt,bybit,sell,300,661,0.35785162765773854,23.761809587417265
train,2026-01-10,btcusdt,binance,buy,-300,34,-2.2628319815152604,4.158111120381285
train,2026-01-10,btcusdt,binance,sell,-300,132,4.038325189577851,4.631852522768134
train,2026-01-10,btcusdt,binance,buy,-120,34,-2.7736684981994895,2.7264473726051324
train,2026-01-10,btcusdt,binance,sell,-120,132,2.6622898574023366,3.150338089516978
train,2026-01-10,btcusdt,binance,buy,-60,34,-1.6820754976014953,1.740360453872855
train,2026-01-10,btcusdt,binance,sell,-60,132,1.875902083466631,2.332711635943793
train,2026-01-10,btcusdt,binance,buy,-30,34,-1.1519462564646015,1.4726658930807397
train,2026-01-10,btcusdt,binance,sell,-30,132,1.4479052972397137,2.0334746405962822
train,2026-01-10,btcusdt,binance,buy,-10,34,-0.7737962066862561,1.2065718666041967
train,2026-01-10,btcusdt,binance,sell,-10,132,0.8687152233108808,1.4565741582280267
train,2026-01-10,btcusdt,binance,buy,-5,34,-0.6965949605629356,1.1204003789733226
train,2026-01-10,btcusdt,binance,sell,-5,132,0.6292404544205774,1.1570198372393492
train,2026-01-10,btcusdt,binance,buy,-1,34,-0.1575754230644416,0.3809332613763701
train,2026-01-10,btcusdt,binance,sell,-1,132,0.04938265315227694,0.2864864465662017
train,2026-01-10,btcusdt,binance,buy,0,34,0.0,0.0
train,2026-01-10,btcusdt,binance,sell,0,132,0.0,0.0
train,2026-01-10,btcusdt,binance,buy,1,34,-0.07879714199678232,0.2946544472467905
train,2026-01-10,btcusdt,binance,sell,1,132,-0.03954786217456313,0.29285953261112185
train,2026-01-10,btcusdt,binance,buy,5,34,-0.06417970104179317,0.4158540935502501
train,2026-01-10,btcusdt,binance,sell,5,132,-0.02646398278096409,0.5862038163684583
train,2026-01-10,btcusdt,binance,buy,10,34,-0.09017483555833125,0.580139185843741
train,2026-01-10,btcusdt,binance,sell,10,132,-0.153336121259608,0.944177257503529
train,2026-01-10,btcusdt,binance,buy,30,34,-0.20213691660756816,1.4929975106014755
train,2026-01-10,btcusdt,binance,sell,30,132,-0.10880581371817351,1.631391040841051
train,2026-01-10,btcusdt,binance,buy,60,34,-0.29361617769035664,2.231919000403404
train,2026-01-10,btcusdt,binance,sell,60,132,-0.020006349617061735,1.9454407586169609
train,2026-01-10,btcusdt,binance,buy,120,34,-1.294179795152071,2.498434030493822
train,2026-01-10,btcusdt,binance,sell,120,132,0.3201430257924241,3.058726597305959
train,2026-01-10,btcusdt,binance,buy,300,34,-2.551290433682681,3.6398404379999585
train,2026-01-10,btcusdt,binance,sell,300,132,-0.05336996518332335,4.132883325916295
train,2026-01-10,btcusdt,bybit,buy,-300,17,1.2483951504058555,4.516357921251277
train,2026-01-10,btcusdt,bybit,sell,-300,27,4.604242667834897,3.7927955792845287
train,2026-01-10,btcusdt,bybit,buy,-120,17,-0.10471364426779087,3.353944011609313
train,2026-01-10,btcusdt,bybit,sell,-120,27,1.8008269857554569,2.3851201031038753
train,2026-01-10,btcusdt,bybit,buy,-60,17,-0.09763579063942895,2.7952002041488893
train,2026-01-10,btcusdt,bybit,sell,-60,27,0.903501525365062,2.103393013005368
train,2026-01-10,btcusdt,bybit,buy,-30,17,-0.214541804843932,2.445162620699969
train,2026-01-10,btcusdt,bybit,sell,-30,27,0.5030314028890411,1.3804879672796218
train,2026-01-10,btcusdt,bybit,buy,-10,17,-0.42073798275111074,1.7335625314727927
train,2026-01-10,btcusdt,bybit,sell,-10,27,0.32336075205904646,0.9363313698968087
train,2026-01-10,btcusdt,bybit,buy,-5,17,-0.5494328560039307,1.497451978340318
train,2026-01-10,btcusdt,bybit,sell,-5,27,0.18830241831804392,0.8775459479004756
train,2026-01-10,btcusdt,bybit,buy,-1,17,0.01820465621554926,0.10665303353889877
train,2026-01-10,btcusdt,bybit,sell,-1,27,0.003274260850838673,0.042074023055099774
train,2026-01-10,btcusdt,bybit,buy,0,17,0.0,0.0
train,2026-01-10,btcusdt,bybit,sell,0,27,0.0,0.0
train,2026-01-10,btcusdt,bybit,buy,1,17,0.10062609547094375,0.3086682622755767
train,2026-01-10,btcusdt,bybit,sell,1,27,0.0020627824838616725,0.3297518997809988
train,2026-01-10,btcusdt,bybit,buy,5,17,-0.05133698460441942,0.6518213526832354
train,2026-01-10,btcusdt,bybit,sell,5,27,-0.03804611261122443,0.40754476374105375
train,2026-01-10,btcusdt,bybit,buy,10,17,-0.06106456159329095,0.8496527464635137
train,2026-01-10,btcusdt,bybit,sell,10,27,-0.05686600090903285,0.4719446443625362
train,2026-01-10,btcusdt,bybit,buy,30,17,0.1899934050966098,1.8407649676566664
train,2026-01-10,btcusdt,bybit,sell,30,27,-0.09911794276140633,1.2636278317157255
train,2026-01-10,btcusdt,bybit,buy,60,17,-0.2199009319596121,1.760510286393504
train,2026-01-10,btcusdt,bybit,sell,60,27,-0.4266084226056241,1.2193642414340937
train,2026-01-10,btcusdt,bybit,buy,120,17,-1.1491434859360563,2.0466976614958163
train,2026-01-10,btcusdt,bybit,sell,120,27,-0.850341999553403,2.1260291752926443
train,2026-01-10,btcusdt,bybit,buy,300,17,-2.1055256629537102,3.7603243619831157
train,2026-01-10,btcusdt,bybit,sell,300,27,-2.0887130345698037,3.6807022659051305
train,2026-01-11,btcusdt,binance,buy,-300,162,-12.247682181796954,13.48178647146027
train,2026-01-11,btcusdt,binance,sell,-300,175,10.575237958137766,9.579591769763374
train,2026-01-11,btcusdt,binance,buy,-120,162,-7.256518214288196,6.98542604759432
train,2026-01-11,btcusdt,binance,sell,-120,175,7.992564998926983,8.204354667217668
train,2026-01-11,btcusdt,binance,buy,-60,162,-5.7283212546950155,5.759413275299918
train,2026-01-11,btcusdt,binance,sell,-60,175,6.106594108305549,6.79244453854069
train,2026-01-11,btcusdt,binance,buy,-30,162,-3.93012009984209,3.785145947674356
train,2026-01-11,btcusdt,binance,sell,-30,175,5.210231004566474,6.095793420878395
train,2026-01-11,btcusdt,binance,buy,-10,162,-2.6636391764012037,2.918537744916367
train,2026-01-11,btcusdt,binance,sell,-10,175,3.566696778475342,5.414329997238565
train,2026-01-11,btcusdt,binance,buy,-5,162,-1.8842939147708504,2.3922908062904624
train,2026-01-11,btcusdt,binance,sell,-5,175,2.0313706844441004,3.743079462841557
train,2026-01-11,btcusdt,binance,buy,-1,162,-0.1595532749741388,0.8614502208843257
train,2026-01-11,btcusdt,binance,sell,-1,175,0.14742865498709795,1.315341688441473
train,2026-01-11,btcusdt,binance,buy,0,162,0.0,0.0
train,2026-01-11,btcusdt,binance,sell,0,175,0.0,0.0
train,2026-01-11,btcusdt,binance,buy,1,162,-0.05518045045183875,0.6493288678117783
train,2026-01-11,btcusdt,binance,sell,1,175,-0.012852349537324224,0.7955520281820895
train,2026-01-11,btcusdt,binance,buy,5,162,-0.14205233703494402,1.2641474623989477
train,2026-01-11,btcusdt,binance,sell,5,175,-0.007765725298473955,1.8930190888639296
train,2026-01-11,btcusdt,binance,buy,10,162,-0.43638372522258156,1.8056169072643677
train,2026-01-11,btcusdt,binance,sell,10,175,0.20285224175907704,3.0459402730522895
train,2026-01-11,btcusdt,binance,buy,30,162,-0.43294541795550556,3.171547053949337
train,2026-01-11,btcusdt,binance,sell,30,175,1.1757149599723624,4.616724236965672
train,2026-01-11,btcusdt,binance,buy,60,162,-0.17647731942520417,4.132701126086821
train,2026-01-11,btcusdt,binance,sell,60,175,0.8244993557666849,5.53878144736825
train,2026-01-11,btcusdt,binance,buy,120,162,0.2349740681477267,7.050818118718026
train,2026-01-11,btcusdt,binance,sell,120,175,0.8299082121261748,5.865817072580826
train,2026-01-11,btcusdt,binance,buy,300,162,-0.17603716699047628,11.740720906799954
train,2026-01-11,btcusdt,binance,sell,300,175,2.421009302963081,8.244812158687546
train,2026-01-11,btcusdt,bybit,buy,-300,90,-17.28920937129641,12.942737383334586
train,2026-01-11,btcusdt,bybit,sell,-300,199,23.97919021411696,11.17835368519086
train,2026-01-11,btcusdt,bybit,buy,-120,90,-12.046426810093594,7.697554668754275
train,2026-01-11,btcusdt,bybit,sell,-120,199,21.49023561902233,10.472097521014577
train,2026-01-11,btcusdt,bybit,buy,-60,90,-8.28921607485416,5.424213441273177
train,2026-01-11,btcusdt,bybit,sell,-60,199,15.11886726288114,7.0063149695716005
train,2026-01-11,btcusdt,bybit,buy,-30,90,-6.406178144007838,4.317527988042674
train,2026-01-11,btcusdt,bybit,sell,-30,199,15.942893598596703,7.824379190635776
train,2026-01-11,btcusdt,bybit,buy,-10,90,-4.735033657774259,4.074817735253263
train,2026-01-11,btcusdt,bybit,sell,-10,199,15.878537199557188,9.187368231874283
train,2026-01-11,btcusdt,bybit,buy,-5,90,-2.9095292855531794,3.178411784631592
train,2026-01-11,btcusdt,bybit,sell,-5,199,12.30800526196093,8.136016811255915
train,2026-01-11,btcusdt,bybit,buy,-1,90,-0.4702255831753622,1.3010308836281517
train,2026-01-11,btcusdt,bybit,sell,-1,199,1.1258451293473049,5.201654567746708
train,2026-01-11,btcusdt,bybit,buy,0,90,0.0,0.0
train,2026-01-11,btcusdt,bybit,sell,0,199,0.0,0.0
train,2026-01-11,btcusdt,bybit,buy,1,90,0.18756927747889066,0.9871244272781198
train,2026-01-11,btcusdt,bybit,sell,1,199,0.3193074484375114,2.3701832238174125
train,2026-01-11,btcusdt,bybit,buy,5,90,0.13049728671615662,2.3520102712236883
train,2026-01-11,btcusdt,bybit,sell,5,199,0.4703587946860447,4.174517102088882
train,2026-01-11,btcusdt,bybit,buy,10,90,-0.5931816001819572,2.707823127990639
train,2026-01-11,btcusdt,bybit,sell,10,199,2.4362180469005508,5.283213058722572
train,2026-01-11,btcusdt,bybit,buy,30,90,0.5784338381352301,4.063020083554209
train,2026-01-11,btcusdt,bybit,sell,30,199,7.827984579404799,5.114625125942516
train,2026-01-11,btcusdt,bybit,buy,60,90,0.4894267619006734,5.122554099473049
train,2026-01-11,btcusdt,bybit,sell,60,199,7.560770724867624,5.427750913871258
train,2026-01-11,btcusdt,bybit,buy,120,90,-1.494982141139004,6.458206596515625
train,2026-01-11,btcusdt,bybit,sell,120,199,7.906325947930914,5.641640668636692
train,2026-01-11,btcusdt,bybit,buy,300,90,-3.400895627489176,8.410010707647537
train,2026-01-11,btcusdt,bybit,sell,300,199,10.679052193561787,6.891323188857769
train,2026-01-12,btcusdt,binance,buy,-300,451,-26.00520733501753,16.10360083426511
train,2026-01-12,btcusdt,binance,sell,-300,541,22.509201296758427,16.708009079619675
train,2026-01-12,btcusdt,binance,buy,-120,451,-17.205007928941512,11.01388824673933
train,2026-01-12,btcusdt,binance,sell,-120,541,15.510984713926508,12.691012197332965
train,2026-01-12,btcusdt,binance,buy,-60,451,-11.946943815609405,7.555753977433522
train,2026-01-12,btcusdt,binance,sell,-60,541,10.759292413217128,8.023724853650885
train,2026-01-12,btcusdt,binance,buy,-30,451,-8.322823694447196,5.778663311861405
train,2026-01-12,btcusdt,binance,sell,-30,541,7.86979599663972,6.067334732341468
train,2026-01-12,btcusdt,binance,buy,-10,451,-4.803956386891231,4.070641888242038
train,2026-01-12,btcusdt,binance,sell,-10,541,4.2934347873072065,3.928422093385714
train,2026-01-12,btcusdt,binance,buy,-5,451,-3.218111932365416,3.3751722222397347
train,2026-01-12,btcusdt,binance,sell,-5,541,2.6368770923104226,2.9132966747801796
train,2026-01-12,btcusdt,binance,buy,-1,451,-0.33817803122910345,1.8161286554625016
train,2026-01-12,btcusdt,binance,sell,-1,541,0.21704335067166228,1.3020530311830754
train,2026-01-12,btcusdt,binance,buy,0,451,0.0,0.0
train,2026-01-12,btcusdt,binance,sell,0,541,0.0,0.0
train,2026-01-12,btcusdt,binance,buy,1,451,0.03600705528864755,1.5383888377334374
train,2026-01-12,btcusdt,binance,sell,1,541,-0.08297932522265139,1.037392998752631
train,2026-01-12,btcusdt,binance,buy,5,451,-0.09954735422791268,2.918971286464295
train,2026-01-12,btcusdt,binance,sell,5,541,-0.21901353038617058,2.797214653358103
train,2026-01-12,btcusdt,binance,buy,10,451,-0.011068619879442753,4.2549437403605594
train,2026-01-12,btcusdt,binance,sell,10,541,-0.3743718364477495,3.761189103910842
train,2026-01-12,btcusdt,binance,buy,30,451,0.10056442372358308,6.450035869976989
train,2026-01-12,btcusdt,binance,sell,30,541,-0.9337935874504211,6.237110828506587
train,2026-01-12,btcusdt,binance,buy,60,451,0.3157034048507567,9.928589325414947
train,2026-01-12,btcusdt,binance,sell,60,541,-1.6529532031133054,9.262949851188894
train,2026-01-12,btcusdt,binance,buy,120,451,1.0275448970030516,12.579641030879802
train,2026-01-12,btcusdt,binance,sell,120,541,-2.787523869816608,13.008172695900805
train,2026-01-12,btcusdt,binance,buy,300,451,1.0756682621052338,16.23992908757447
train,2026-01-12,btcusdt,binance,sell,300,541,-4.015507311629061,20.520732604338956
train,2026-01-12,btcusdt,bybit,buy,-300,677,-33.31249227797075,16.76268150676522
train,2026-01-12,btcusdt,bybit,sell,-300,593,31.83459071161433,15.677633246864994
train,2026-01-12,btcusdt,bybit,buy,-120,677,-21.650206213798054,12.187779970885357
train,2026-01-12,btcusdt,bybit,sell,-120,593,21.82300113140756,13.402528271997545
train,2026-01-12,btcusdt,bybit,buy,-60,677,-15.622516507896409,8.371320348067425
train,2026-01-12,btcusdt,bybit,sell,-60,593,15.1837520719096,8.3109541837234
train,2026-01-12,btcusdt,bybit,buy,-30,677,-11.057232059951149,7.46180704377467
train,2026-01-12,btcusdt,bybit,sell,-30,593,12.04941488645282,6.843795421562213
train,2026-01-12,btcusdt,bybit,buy,-10,677,-7.318061854204782,6.088138794976357
train,2026-01-12,btcusdt,bybit,sell,-10,593,8.240913946274532,5.469355233622758
train,2026-01-12,btcusdt,bybit,buy,-5,677,-6.124003657920614,5.847626824469113
train,2026-01-12,btcusdt,bybit,sell,-5,593,5.79727708175745,4.634301068705649
train,2026-01-12,btcusdt,bybit,buy,-1,677,-1.1427556429209775,3.7319473683207955
train,2026-01-12,btcusdt,bybit,sell,-1,593,0.9559099399448774,2.0766547133407274
train,2026-01-12,btcusdt,bybit,buy,0,677,0.0,0.0
train,2026-01-12,btcusdt,bybit,sell,0,593,0.0,0.0
train,2026-01-12,btcusdt,bybit,buy,1,677,-0.12500634905656258,2.1470039491226154
train,2026-01-12,btcusdt,bybit,sell,1,593,-0.22396218854068653,1.833916590961954
train,2026-01-12,btcusdt,bybit,buy,5,677,-0.758946791598959,4.010757817455634
train,2026-01-12,btcusdt,bybit,sell,5,593,-0.2705864941490508,4.194019494589211
train,2026-01-12,btcusdt,bybit,buy,10,677,-1.243636348909988,5.517737777793919
train,2026-01-12,btcusdt,bybit,sell,10,593,1.3019275703769995,5.16442321912717
train,2026-01-12,btcusdt,bybit,buy,30,677,-1.4969815866079363,8.15816331566424
train,2026-01-12,btcusdt,bybit,sell,30,593,0.2130127215634976,6.759981350224159
train,2026-01-12,btcusdt,bybit,buy,60,677,-1.8019566355609227,12.337452471225767
train,2026-01-12,btcusdt,bybit,sell,60,593,-1.0670309685560864,9.648473108872661
train,2026-01-12,btcusdt,bybit,buy,120,677,-0.408605725398479,12.319067115680621
train,2026-01-12,btcusdt,bybit,sell,120,593,-1.1469077707426496,12.799330111116037
train,2026-01-12,btcusdt,bybit,buy,300,677,0.6228222881874558,16.232160910737583
train,2026-01-12,btcusdt,bybit,sell,300,593,-2.4330339846150504,18.97443062344916
train,2026-01-13,btcusdt,binance,buy,-300,816,-32.24772759091316,41.19535750255989
train,2026-01-13,btcusdt,binance,sell,-300,257,8.293799611681349,39.90534190485733
train,2026-01-13,btcusdt,binance,buy,-120,816,-22.53936767917527,33.88160614655106
train,2026-01-13,btcusdt,binance,sell,-120,257,8.593741019482225,27.62065728953331
train,2026-01-13,btcusdt,binance,buy,-60,816,-17.774188733357004,30.114677877723526
train,2026-01-13,btcusdt,binance,sell,-60,257,11.895777180915807,16.782333017407673
train,2026-01-13,btcusdt,binance,buy,-30,816,-12.96253412015602,23.349161617925482
train,2026-01-13,btcusdt,binance,sell,-30,257,9.01393400656874,9.996367085449158
train,2026-01-13,btcusdt,binance,buy,-10,816,-6.5294424827980295,11.690434463659653
train,2026-01-13,btcusdt,binance,sell,-10,257,5.179238537950521,7.617652134724177
train,2026-01-13,btcusdt,binance,buy,-5,816,-4.009212915369246,7.843674310388685
train,2026-01-13,btcusdt,binance,sell,-5,257,3.2149778965393203,4.26980711812763
train,2026-01-13,btcusdt,binance,buy,-1,816,-0.5197199172433102,3.10667240227777
train,2026-01-13,btcusdt,binance,sell,-1,257,0.07334189171157333,1.6401470509415659
train,2026-01-13,btcusdt,binance,buy,0,816,0.0,0.0
train,2026-01-13,btcusdt,binance,sell,0,257,0.0,0.0
train,2026-01-13,btcusdt,binance,buy,1,816,0.21225115630653074,3.1821421025284473
train,2026-01-13,btcusdt,binance,sell,1,257,0.048404035392176324,1.6683668187011742
train,2026-01-13,btcusdt,binance,buy,5,816,0.8027219172439972,7.805992480096801
train,2026-01-13,btcusdt,binance,sell,5,257,0.032624738999592014,3.6597096362827544
train,2026-01-13,btcusdt,binance,buy,10,816,1.1424197367826987,11.834948055693141
train,2026-01-13,btcusdt,binance,sell,10,257,0.1885372916316023,5.417787391752827
train,2026-01-13,btcusdt,binance,buy,30,816,2.111057973309914,19.6371911406868
train,2026-01-13,btcusdt,binance,sell,30,257,0.3520589601998583,8.531098958021657
train,2026-01-13,btcusdt,binance,buy,60,816,1.5136062723037491,24.108561199610495
train,2026-01-13,btcusdt,binance,sell,60,257,0.9354090020907262,9.32974391804638
train,2026-01-13,btcusdt,binance,buy,120,816,1.4289297621982957,32.1870459825796
train,2026-01-13,btcusdt,binance,sell,120,257,1.7445999028057892,12.407512304407202
train,2026-01-13,btcusdt,binance,buy,300,816,3.2310824937781053,33.00732440172307
train,2026-01-13,btcusdt,binance,sell,300,257,3.2288648654612313,18.386752458874437
train,2026-01-13,btcusdt,bybit,buy,-300,3584,-99.86184924541242,74.72107473896071
train,2026-01-13,btcusdt,bybit,sell,-300,146,-4.65280190595534,67.29501415116341
train,2026-01-13,btcusdt,bybit,buy,-120,3584,-79.57687274119579,65.20379051019934
train,2026-01-13,btcusdt,bybit,sell,-120,146,0.8375760365751864,50.80554464776589
train,2026-01-13,btcusdt,bybit,buy,-60,3584,-69.24881230589827,61.741900968543185
train,2026-01-13,btcusdt,bybit,sell,-60,146,6.721496739879829,43.35248022736357
train,2026-01-13,btcusdt,bybit,buy,-30,3584,-58.58014635233612,51.97959531733196
train,2026-01-13,btcusdt,bybit,sell,-30,146,6.555923106417316,28.676300168160346
train,2026-01-13,btcusdt,bybit,buy,-10,3584,-30.919020294876443,24.491140429275784
train,2026-01-13,btcusdt,bybit,sell,-10,146,9.191777955300381,17.53450096077003
train,2026-01-13,btcusdt,bybit,buy,-5,3584,-19.85622724422374,16.184686407863587
train,2026-01-13,btcusdt,bybit,sell,-5,146,6.32279834883806,10.0822186991541
train,2026-01-13,btcusdt,bybit,buy,-1,3584,-4.265857873564003,7.379038593893894
train,2026-01-13,btcusdt,bybit,sell,-1,146,1.0202882678681071,4.253293602717865
train,2026-01-13,btcusdt,bybit,buy,0,3584,0.0,0.0
train,2026-01-13,btcusdt,bybit,sell,0,146,0.0,0.0
train,2026-01-13,btcusdt,bybit,buy,1,3584,0.6117190687487435,9.753065350069802
train,2026-01-13,btcusdt,bybit,sell,1,146,0.10472754648921863,2.9094926270161294
train,2026-01-13,btcusdt,bybit,buy,5,3584,7.988907182734977,20.083165245967862
train,2026-01-13,btcusdt,bybit,sell,5,146,1.4262003410458675,7.214169217052633
train,2026-01-13,btcusdt,bybit,buy,10,3584,15.911622335876102,33.79638373884367
train,2026-01-13,btcusdt,bybit,sell,10,146,2.037251905185348,9.147152255123096
train,2026-01-13,btcusdt,bybit,buy,30,3584,20.543197406081003,43.71290090674915
train,2026-01-13,btcusdt,bybit,sell,30,146,3.140498644196623,8.527485958252603
train,2026-01-13,btcusdt,bybit,buy,60,3584,13.430233650198485,49.284403312246035
train,2026-01-13,btcusdt,bybit,sell,60,146,0.993185573182733,13.753787743339627
train,2026-01-13,btcusdt,bybit,buy,120,3584,-2.6066668889031135,51.10956532677128
train,2026-01-13,btcusdt,bybit,sell,120,146,2.3509734317907287,19.12367988968049
train,2026-01-13,btcusdt,bybit,buy,300,3584,-1.102475165418929,51.846106385186914
train,2026-01-13,btcusdt,bybit,sell,300,146,5.613607159491522,27.021608198113064
train,2026-01-14,btcusdt,binance,buy,-300,921,-17.82401413700154,18.356026383790145
train,2026-01-14,btcusdt,binance,sell,-300,482,19.094894812944396,16.34081512491644
train,2026-01-14,btcusdt,binance,buy,-120,921,-13.129447795757637,13.571081983805785
train,2026-01-14,btcusdt,binance,sell,-120,482,14.801374146254492,11.497491700835845
train,2026-01-14,btcusdt,binance,buy,-60,921,-9.788925738152612,9.905123303220261
train,2026-01-14,btcusdt,binance,sell,-60,482,10.021004952135055,7.577203514895944
train,2026-01-14,btcusdt,binance,buy,-30,921,-6.865609251912282,7.451024861331458
train,2026-01-14,btcusdt,binance,sell,-30,482,7.479058528633418,6.028312727539843
train,2026-01-14,btcusdt,binance,buy,-10,921,-3.849529918672964,4.69947388952529
train,2026-01-14,btcusdt,binance,sell,-10,482,3.709302381417417,3.405671236982859
train,2026-01-14,btcusdt,binance,buy,-5,921,-2.611182125809973,3.5376858855972717
train,2026-01-14,btcusdt,binance,sell,-5,482,2.2606579309435473,2.62741381470485
train,2026-01-14,btcusdt,binance,buy,-1,921,-0.21248082710797317,1.3670661501978134
train,2026-01-14,btcusdt,binance,sell,-1,482,0.12103482591330995,1.1090448022520858
train,2026-01-14,btcusdt,binance,buy,0,921,0.0,0.0
train,2026-01-14,btcusdt,binance,sell,0,482,0.0,0.0
train,2026-01-14,btcusdt,binance,buy,1,921,-0.021025885213757606,1.2282579116300634
train,2026-01-14,btcusdt,binance,sell,1,482,-0.019706719923285206,1.0431196700506098
train,2026-01-14,btcusdt,binance,buy,5,921,-0.1087979778185061,2.7436973393136923
train,2026-01-14,btcusdt,binance,sell,5,482,0.2131028111886205,2.5667575191678216
train,2026-01-14,btcusdt,binance,buy,10,921,-0.17538317939987588,3.9316432110031245
train,2026-01-14,btcusdt,binance,sell,10,482,0.2608595035183358,3.5609032197180523
train,2026-01-14,btcusdt,binance,buy,30,921,-0.2664261464747943,6.909865371890799
train,2026-01-14,btcusdt,binance,sell,30,482,1.0907505675226494,5.2148982541016276
train,2026-01-14,btcusdt,binance,buy,60,921,-0.3764515274832435,10.031841251144023
train,2026-01-14,btcusdt,binance,sell,60,482,1.0397244142714983,7.165521173747832
train,2026-01-14,btcusdt,binance,buy,120,921,-0.3176927875763635,12.087024527426607
train,2026-01-14,btcusdt,binance,sell,120,482,1.7981615687619554,10.163187603953025
train,2026-01-14,btcusdt,binance,buy,300,921,0.10866949546474808,18.726261821585805
train,2026-01-14,btcusdt,binance,sell,300,482,4.249093118987428,15.663422138858609
train,2026-01-14,btcusdt,bybit,buy,-300,1660,-33.66985801201532,19.93246687220516
train,2026-01-14,btcusdt,bybit,sell,-300,431,27.60227980805245,17.706773937374958
train,2026-01-14,btcusdt,bybit,buy,-120,1660,-24.156129142280296,14.895065580960825
train,2026-01-14,btcusdt,bybit,sell,-120,431,19.449064318728542,11.83231624658243
train,2026-01-14,btcusdt,bybit,buy,-60,1660,-18.164374628298713,11.052480538033448
train,2026-01-14,btcusdt,bybit,sell,-60,431,12.901395249441062,7.124523951597536
train,2026-01-14,btcusdt,bybit,buy,-30,1660,-13.31278819607561,9.047021560175917
train,2026-01-14,btcusdt,bybit,sell,-30,431,10.44969790708975,6.723915766578574
train,2026-01-14,btcusdt,bybit,buy,-10,1660,-8.298054026925474,5.979615435980012
train,2026-01-14,btcusdt,bybit,sell,-10,431,6.145716155676488,4.275925474342183
train,2026-01-14,btcusdt,bybit,buy,-5,1660,-6.386913451091156,5.3839205069805836
train,2026-01-14,btcusdt,bybit,sell,-5,431,4.197875964562659,3.545750533426758
train,2026-01-14,btcusdt,bybit,buy,-1,1660,-0.8272148773684613,2.599065804849033
train,2026-01-14,btcusdt,bybit,sell,-1,431,0.5461510957228368,2.036316788712551
train,2026-01-14,btcusdt,bybit,buy,0,1660,0.0,0.0
train,2026-01-14,btcusdt,bybit,sell,0,431,0.0,0.0
train,2026-01-14,btcusdt,bybit,buy,1,1660,0.08032037259697733,1.9073645831669641
train,2026-01-14,btcusdt,bybit,sell,1,431,0.16758588631793958,1.188994581875765
train,2026-01-14,btcusdt,bybit,buy,5,1660,-0.8247715265046056,4.006179994837868
train,2026-01-14,btcusdt,bybit,sell,5,431,0.29313589348382174,2.8567781215722827
train,2026-01-14,btcusdt,bybit,buy,10,1660,-1.5482757480463254,5.448610091280648
train,2026-01-14,btcusdt,bybit,sell,10,431,0.3201764110683811,4.123144615971367
train,2026-01-14,btcusdt,bybit,buy,30,1660,-2.0178527449340087,9.007885037090244
train,2026-01-14,btcusdt,bybit,sell,30,431,0.4616583199369515,6.011116299308023
train,2026-01-14,btcusdt,bybit,buy,60,1660,-2.7578344670853308,12.86912788463544
train,2026-01-14,btcusdt,bybit,sell,60,431,1.1578662405390119,8.371272475089384
train,2026-01-14,btcusdt,bybit,buy,120,1660,-1.7804630824078405,13.999659681799317
train,2026-01-14,btcusdt,bybit,sell,120,431,1.5847238381863622,11.204513152478231
train,2026-01-14,btcusdt,bybit,buy,300,1660,-2.5214332606330467,21.31349992439746
train,2026-01-14,btcusdt,bybit,sell,300,431,4.451863166793677,15.691767180475267
train,2026-01-15,btcusdt,binance,buy,-300,424,-21.640323861519082,29.33983610331542
train,2026-01-15,btcusdt,binance,sell,-300,618,21.709973323625903,15.687630924167705
train,2026-01-15,btcusdt,binance,buy,-120,424,-16.01702039207155,18.359936697402134
train,2026-01-15,btcusdt,binance,sell,-120,618,14.399098645591518,10.494059655775228
train,2026-01-15,btcusdt,binance,buy,-60,424,-10.636857744752183,11.326842647288316
train,2026-01-15,btcusdt,binance,sell,-60,618,10.48662916000625,8.048213689643129
train,2026-01-15,btcusdt,binance,buy,-30,424,-7.661442184540647,8.679465047561706
train,2026-01-15,btcusdt,binance,sell,-30,618,7.681342563292385,6.396033586270607
train,2026-01-15,btcusdt,binance,buy,-10,424,-4.133795425648126,4.998445703197593
train,2026-01-15,btcusdt,binance,sell,-10,618,4.431981027773337,4.729204002832671
train,2026-01-15,btcusdt,binance,buy,-5,424,-2.5703299923751755,3.194707083618792
train,2026-01-15,btcusdt,binance,sell,-5,618,2.5494416601789043,3.442887312317888
train,2026-01-15,btcusdt,binance,buy,-1,424,-0.2887476175923022,1.5038238805544166
train,2026-01-15,btcusdt,binance,sell,-1,618,0.13049548802674463,1.19496864224998
train,2026-01-15,btcusdt,binance,buy,0,424,0.0,0.0
train,2026-01-15,btcusdt,binance,sell,0,618,0.0,0.0
train,2026-01-15,btcusdt,binance,buy,1,424,-0.06371260387723604,1.429964065434526
train,2026-01-15,btcusdt,binance,sell,1,618,-0.0014955443223397184,1.2270357300615526
train,2026-01-15,btcusdt,binance,buy,5,424,-0.05133803645606901,3.5143653729768425
train,2026-01-15,btcusdt,binance,sell,5,618,0.1482558517950624,2.570559498913547
train,2026-01-15,btcusdt,binance,buy,10,424,-0.13774759210301507,4.877653407473607
train,2026-01-15,btcusdt,binance,sell,10,618,0.5273559421553691,3.407882880504609
train,2026-01-15,btcusdt,binance,buy,30,424,0.18879115351865078,6.66048632413861
train,2026-01-15,btcusdt,binance,sell,30,618,0.7872358119456077,5.810026778223471
train,2026-01-15,btcusdt,binance,buy,60,424,0.5265620446093584,10.79363259617948
train,2026-01-15,btcusdt,binance,sell,60,618,0.630571621569279,7.608159540204422
train,2026-01-15,btcusdt,binance,buy,120,424,1.6013552107624567,17.97596461723596
train,2026-01-15,btcusdt,binance,sell,120,618,1.2333074413887866,11.796230891367445
train,2026-01-15,btcusdt,binance,buy,300,424,-0.8993546701185272,18.98739615086664
train,2026-01-15,btcusdt,binance,sell,300,618,2.810886233935362,19.55859988459257
train,2026-01-15,btcusdt,bybit,buy,-300,337,-36.16222612058584,36.95153723932901
train,2026-01-15,btcusdt,bybit,sell,-300,874,31.468164318135226,11.636618355477864
train,2026-01-15,btcusdt,bybit,buy,-120,337,-25.1134040264055,24.160220261997658
train,2026-01-15,btcusdt,bybit,sell,-120,874,21.171388323787006,10.056811061752363
train,2026-01-15,btcusdt,bybit,buy,-60,337,-16.423914437767852,14.342824172610428
train,2026-01-15,btcusdt,bybit,sell,-60,874,15.943712209504184,9.071584166224378
train,2026-01-15,btcusdt,bybit,buy,-30,337,-12.252082507195357,12.919108966723545
train,2026-01-15,btcusdt,bybit,sell,-30,874,12.84253621379234,8.884514145910321
train,2026-01-15,btcusdt,bybit,buy,-10,337,-7.052941199231734,7.178124225872203
train,2026-01-15,btcusdt,bybit,sell,-10,874,9.51001849553591,7.8190162507884935
train,2026-01-15,btcusdt,bybit,buy,-5,337,-4.725044153072142,4.720010609293747
train,2026-01-15,btcusdt,bybit,sell,-5,874,7.146034344400531,6.983981843967871
train,2026-01-15,btcusdt,bybit,buy,-1,337,-0.5635926243962461,2.2601859699254803
train,2026-01-15,btcusdt,bybit,sell,-1,874,0.8638529143116433,2.6473340960179605
train,2026-01-15,btcusdt,bybit,buy,0,337,0.0,0.0
train,2026-01-15,btcusdt,bybit,sell,0,874,0.0,0.0
train,2026-01-15,btcusdt,bybit,buy,1,337,0.22812989620116977,1.7597180672286468
train,2026-01-15,btcusdt,bybit,sell,1,874,-0.031328016933293144,1.8438315372527974
train,2026-01-15,btcusdt,bybit,buy,5,337,0.29454844037525907,5.28471644505066
train,2026-01-15,btcusdt,bybit,sell,5,874,0.04603957984147976,2.943642982445649
train,2026-01-15,btcusdt,bybit,buy,10,337,-0.7818544835874345,7.737424500531281
train,2026-01-15,btcusdt,bybit,sell,10,874,0.6732611165358096,3.4626874553203972
train,2026-01-15,btcusdt,bybit,buy,30,337,-1.3643504427861177,7.697186919402831
train,2026-01-15,btcusdt,bybit,sell,30,874,1.8874568054225362,6.150770527427871
train,2026-01-15,btcusdt,bybit,buy,60,337,1.58003999523425,12.962830427051841
train,2026-01-15,btcusdt,bybit,sell,60,874,3.498362301805691,8.9183271235497
train,2026-01-15,btcusdt,bybit,buy,120,337,4.562386504012815,22.70077473259045
train,2026-01-15,btcusdt,bybit,sell,120,874,4.745425486693985,13.644256296455909
train,2026-01-15,btcusdt,bybit,buy,300,337,-4.5736879780960065,18.380061081919056
train,2026-01-15,btcusdt,bybit,sell,300,874,7.353865457287807,20.883430855764033
train,2026-01-16,btcusdt,binance,buy,-300,290,-14.080295459277997,13.078117547581657
train,2026-01-16,btcusdt,binance,sell,-300,345,16.195238572140806,18.2063721072239
train,2026-01-16,btcusdt,binance,buy,-120,290,-8.732214104172652,9.328067771903259
train,2026-01-16,btcusdt,binance,sell,-120,345,11.351268708054127,12.957930623208881
train,2026-01-16,btcusdt,binance,buy,-60,290,-6.488177557908831,6.650827948008256
train,2026-01-16,btcusdt,binance,sell,-60,345,8.762414929695426,8.83608413582448
train,2026-01-16,btcusdt,binance,buy,-30,290,-4.8743527859920315,5.013336596154369
train,2026-01-16,btcusdt,binance,sell,-30,345,6.294200162525057,6.878306166384422
train,2026-01-16,btcusdt,binance,buy,-10,290,-2.716854123110707,2.9634809704455294
train,2026-01-16,btcusdt,binance,sell,-10,345,3.6735249603523528,4.58606528367609
train,2026-01-16,btcusdt,binance,buy,-5,290,-1.8029079615387171,2.0334845229253062
train,2026-01-16,btcusdt,binance,sell,-5,345,2.238661163262739,3.158502784637044
train,2026-01-16,btcusdt,binance,buy,-1,290,-0.25028508042818354,0.8969540551049416
train,2026-01-16,btcusdt,binance,sell,-1,345,0.1912157174162535,1.1980747188150895
train,2026-01-16,btcusdt,binance,buy,0,290,0.0,0.0
train,2026-01-16,btcusdt,binance,sell,0,345,0.0,0.0
train,2026-01-16,btcusdt,binance,buy,1,290,-0.06975414878820815,0.7165482440209895
train,2026-01-16,btcusdt,binance,sell,1,345,0.007401286494393388,1.1628033875952277
train,2026-01-16,btcusdt,binance,buy,5,290,-0.05706104969586821,1.7889805380304848
train,2026-01-16,btcusdt,binance,sell,5,345,0.15768221120411088,2.5319425346553723
train,2026-01-16,btcusdt,binance,buy,10,290,-0.0828113700112902,2.3283442335507907
train,2026-01-16,btcusdt,binance,sell,10,345,0.22586030384105105,3.6559464081110797
train,2026-01-16,btcusdt,binance,buy,30,290,-0.01356035856756671,4.750545899000353
train,2026-01-16,btcusdt,binance,sell,30,345,0.9748570067932152,6.081802987011467
train,2026-01-16,btcusdt,binance,buy,60,290,0.0028323577370697904,6.122975952601875
train,2026-01-16,btcusdt,binance,sell,60,345,1.469816508889709,7.094499399501957
train,2026-01-16,btcusdt,binance,buy,120,290,-1.0083794107753294,7.4071574396994535
train,2026-01-16,btcusdt,binance,sell,120,345,0.9547567920888859,9.777062723711836
train,2026-01-16,btcusdt,binance,buy,300,290,-0.8270240891989927,11.4572958500855
train,2026-01-16,btcusdt,binance,sell,300,345,3.413167325392559,13.204265272129094
train,2026-01-16,btcusdt,bybit,buy,-300,150,-15.527232351877693,11.494381042655846
train,2026-01-16,btcusdt,bybit,sell,-300,565,40.47718294501178,22.455246314916607
train,2026-01-16,btcusdt,bybit,buy,-120,150,-9.459826946429187,7.571260925213556
train,2026-01-16,btcusdt,bybit,sell,-120,565,24.978460739245996,18.822628220921626
train,2026-01-16,btcusdt,bybit,buy,-60,150,-7.979821669213437,6.007780178005571
train,2026-01-16,btcusdt,bybit,sell,-60,565,18.449598305769097,11.289148196883469
train,2026-01-16,btcusdt,bybit,buy,-30,150,-5.520551702953003,4.529055167593606
train,2026-01-16,btcusdt,bybit,sell,-30,565,15.339038123820917,10.493744506571515
train,2026-01-16,btcusdt,bybit,buy,-10,150,-3.262619751335188,2.8541568213504855
train,2026-01-16,btcusdt,bybit,sell,-10,565,8.984721317244949,6.991847974628379
train,2026-01-16,btcusdt,bybit,buy,-5,150,-2.1956858001651822,2.0244879251987027
train,2026-01-16,btcusdt,bybit,sell,-5,565,7.129143304853695,5.618260532841483
train,2026-01-16,btcusdt,bybit,buy,-1,150,-0.28038746616006227,0.8741693893071361
train,2026-01-16,btcusdt,bybit,sell,-1,565,0.9582462428787243,2.6134232066047396
train,2026-01-16,btcusdt,bybit,buy,0,150,0.0,0.0
train,2026-01-16,btcusdt,bybit,sell,0,565,0.0,0.0
train,2026-01-16,btcusdt,bybit,buy,1,150,0.10525374820644416,0.7928342072982387
train,2026-01-16,btcusdt,bybit,sell,1,565,0.1279796330280992,2.1512233602279838
train,2026-01-16,btcusdt,bybit,buy,5,150,0.10726575118528871,2.173698311891342
train,2026-01-16,btcusdt,bybit,sell,5,565,-0.17071675161370498,3.557196992157788
train,2026-01-16,btcusdt,bybit,buy,10,150,-0.1738970638575339,3.083840811583905
train,2026-01-16,btcusdt,bybit,sell,10,565,0.824464129903671,4.950242946794525
train,2026-01-16,btcusdt,bybit,buy,30,150,-1.0160201151792139,5.536799813305508
train,2026-01-16,btcusdt,bybit,sell,30,565,3.350281963045197,6.520174855212266
train,2026-01-16,btcusdt,bybit,buy,60,150,-1.1600691505345175,6.4095576976529225
train,2026-01-16,btcusdt,bybit,sell,60,565,4.074391357900778,7.889330264680015
train,2026-01-16,btcusdt,bybit,buy,120,150,-1.39050665359172,7.343926875379352
train,2026-01-16,btcusdt,bybit,sell,120,565,0.7825272801857246,11.299962838328193
train,2026-01-16,btcusdt,bybit,buy,300,150,0.09251154153157833,10.813861696453403
train,2026-01-16,btcusdt,bybit,sell,300,565,7.1124500289195565,15.010942973735315
train,2026-01-17,btcusdt,binance,buy,-300,121,-3.0381144186977442,6.206455753938142
train,2026-01-17,btcusdt,binance,sell,-300,154,5.040229621072322,6.9291816133843485
train,2026-01-17,btcusdt,binance,buy,-120,121,-2.265651239632342,5.079862472386555
train,2026-01-17,btcusdt,binance,sell,-120,154,4.213207726672743,5.337528352299655
train,2026-01-17,btcusdt,binance,buy,-60,121,-1.6816126906362026,4.510597072846656
train,2026-01-17,btcusdt,binance,sell,-60,154,3.313353327707193,4.270798064311401
train,2026-01-17,btcusdt,binance,buy,-30,121,-1.4393392700457048,4.100953836379191
train,2026-01-17,btcusdt,binance,sell,-30,154,2.4402278402514623,3.478819000900389
train,2026-01-17,btcusdt,binance,buy,-10,121,-0.9208907409440547,3.2139662307977868
train,2026-01-17,btcusdt,binance,sell,-10,154,1.3347011078659086,2.030227093481941
train,2026-01-17,btcusdt,binance,buy,-5,121,-0.6618211930284956,2.616350992388793
train,2026-01-17,btcusdt,binance,sell,-5,154,0.9676522878654217,1.6021584248416052
train,2026-01-17,btcusdt,binance,buy,-1,121,0.037488685935151256,0.5290011352757956
train,2026-01-17,btcusdt,binance,sell,-1,154,0.04125094133397986,0.6638628374545725
train,2026-01-17,btcusdt,binance,buy,0,121,0.0,0.0
train,2026-01-17,btcusdt,binance,sell,0,154,0.0,0.0
train,2026-01-17,btcusdt,binance,buy,1,121,-0.04592648625340356,0.3926074382652605
train,2026-01-17,btcusdt,binance,sell,1,154,-0.049468407380929315,0.35175088764742
train,2026-01-17,btcusdt,binance,buy,5,121,-0.043041572438821014,0.6171567222500297
train,2026-01-17,btcusdt,binance,sell,5,154,-0.020845969738445692,1.0402874256459602
train,2026-01-17,btcusdt,binance,buy,10,121,-0.11738951632201941,0.8147313625503043
train,2026-01-17,btcusdt,binance,sell,10,154,0.09615809854891529,1.2696902132021852
train,2026-01-17,btcusdt,binance,buy,30,121,-0.4167427272404786,1.6139020829831927
train,2026-01-17,btcusdt,binance,sell,30,154,0.1454736258661016,2.3521199413531466
train,2026-01-17,btcusdt,binance,buy,60,121,-0.578569684390347,2.1895399368896653
train,2026-01-17,btcusdt,binance,sell,60,154,0.060832704564413316,2.8742126364115945
train,2026-01-17,btcusdt,binance,buy,120,121,-0.6145214785044859,2.9273056114346536
train,2026-01-17,btcusdt,binance,sell,120,154,0.5502582441920444,3.859367078683037
train,2026-01-17,btcusdt,binance,buy,300,121,-1.2857617046188283,5.934515319164661
train,2026-01-17,btcusdt,binance,sell,300,154,2.7007653635811923,4.958922109124587
train,2026-01-17,btcusdt,bybit,buy,-300,49,-5.546146153684108,8.961982573151449
train,2026-01-17,btcusdt,bybit,sell,-300,46,4.559874562160278,6.330656349648055
train,2026-01-17,btcusdt,bybit,buy,-120,49,-4.772742523737057,8.55669967303246
train,2026-01-17,btcusdt,bybit,sell,-120,46,3.270356430234709,4.560317864228096
train,2026-01-17,btcusdt,bybit,buy,-60,49,-4.532170223848419,8.066286594188915
train,2026-01-17,btcusdt,bybit,sell,-60,46,2.660852587349359,3.376812487945396
train,2026-01-17,btcusdt,bybit,buy,-30,49,-4.380099096034088,7.516543681332383
train,2026-01-17,btcusdt,bybit,sell,-30,46,2.1318790899781352,2.6929482395302538
train,2026-01-17,btcusdt,bybit,buy,-10,49,-4.089814318903934,7.236247403970611
train,2026-01-17,btcusdt,bybit,sell,-10,46,1.1665018893235048,1.6159412996949176
train,2026-01-17,btcusdt,bybit,buy,-5,49,-3.613579163601568,6.500948114797043
train,2026-01-17,btcusdt,bybit,sell,-5,46,0.929495811446371,1.3050040974669546
train,2026-01-17,btcusdt,bybit,buy,-1,49,0.14512761101192206,0.4547407020812447
train,2026-01-17,btcusdt,bybit,sell,-1,46,0.16626876779979413,0.6359446253463452
train,2026-01-17,btcusdt,bybit,buy,0,49,0.0,0.0
train,2026-01-17,btcusdt,bybit,sell,0,46,0.0,0.0
train,2026-01-17,btcusdt,bybit,buy,1,49,-0.0415042818744518,0.1528397028326144
train,2026-01-17,btcusdt,bybit,sell,1,46,-0.11094957932023103,0.2856328424460943
train,2026-01-17,btcusdt,bybit,buy,5,49,-0.28976524117657665,0.9493201873837238
train,2026-01-17,btcusdt,bybit,sell,5,46,-0.04430999935684999,1.0217972506868258
train,2026-01-17,btcusdt,bybit,buy,10,49,-0.3254143225454692,0.8925916978015674
train,2026-01-17,btcusdt,bybit,sell,10,46,-0.06086674253215225,1.2088093632991797
train,2026-01-17,btcusdt,bybit,buy,30,49,-0.5469791037180664,1.433689098379417
train,2026-01-17,btcusdt,bybit,sell,30,46,0.947071225118136,2.3924603560366116
train,2026-01-17,btcusdt,bybit,buy,60,49,-0.8584627506115776,1.9555363703731359
train,2026-01-17,btcusdt,bybit,sell,60,46,1.06579763350311,3.1976455288675614
train,2026-01-17,btcusdt,bybit,buy,120,49,-1.184521818472076,2.7387388587294477
train,2026-01-17,btcusdt,bybit,sell,120,46,2.4288534747781885,4.8235867625046795
train,2026-01-17,btcusdt,bybit,buy,300,49,-3.7400241582246263,6.636070593098764
train,2026-01-17,btcusdt,bybit,sell,300,46,4.8654134082669795,5.622780437393321
train,2026-01-18,btcusdt,binance,buy,-300,135,-3.8307752505063632,12.60669489405645
train,2026-01-18,btcusdt,binance,sell,-300,360,22.875000073110478,21.65317964111209
train,2026-01-18,btcusdt,binance,buy,-120,135,-4.131091875754243,10.023745260328246
train,2026-01-18,btcusdt,binance,sell,-120,360,16.187891801505323,17.697986688883088
train,2026-01-18,btcusdt,binance,buy,-60,135,-3.032318156399467,6.642339982725189
train,2026-01-18,btcusdt,binance,sell,-60,360,9.93716011419343,11.224839962634444
train,2026-01-18,btcusdt,binance,buy,-30,135,-2.507988555529885,5.323698169154243
train,2026-01-18,btcusdt,binance,sell,-30,360,7.73462444667896,9.614920043057824
train,2026-01-18,btcusdt,binance,buy,-10,135,-1.638996142564035,3.236770951802152
train,2026-01-18,btcusdt,binance,sell,-10,360,4.32060552713207,7.01497756151631
train,2026-01-18,btcusdt,binance,buy,-5,135,-1.3210111957567974,2.2545776256757737
train,2026-01-18,btcusdt,binance,sell,-5,360,2.692032426393873,5.0359388730211485
train,2026-01-18,btcusdt,binance,buy,-1,135,-0.2085530276157019,0.8121756864212227
train,2026-01-18,btcusdt,binance,sell,-1,360,0.13987778626108874,1.6791032831567905
train,2026-01-18,btcusdt,binance,buy,0,135,0.0,0.0
train,2026-01-18,btcusdt,binance,sell,0,360,0.0,0.0
train,2026-01-18,btcusdt,binance,buy,1,135,-0.005296703931856058,0.7111236279841228
train,2026-01-18,btcusdt,binance,sell,1,360,-0.13137309394228183,2.4472340569617326
train,2026-01-18,btcusdt,binance,buy,5,135,-0.11658778575859083,1.5449258271152708
train,2026-01-18,btcusdt,binance,sell,5,360,-0.38274209866011355,5.0472305216181415
train,2026-01-18,btcusdt,binance,buy,10,135,0.05139029300177027,2.105868411233511
train,2026-01-18,btcusdt,binance,sell,10,360,-0.9516063997224999,7.34597414943958
train,2026-01-18,btcusdt,binance,buy,30,135,-0.6667318928741247,3.556130394914457
train,2026-01-18,btcusdt,binance,sell,30,360,-1.5559096102725858,8.940341198468115
train,2026-01-18,btcusdt,binance,buy,60,135,-0.9267308660158751,4.279538757884889
train,2026-01-18,btcusdt,binance,sell,60,360,-2.09349200573891,10.686239054095772
train,2026-01-18,btcusdt,binance,buy,120,135,-0.8129254180349932,5.150651241381616
train,2026-01-18,btcusdt,binance,sell,120,360,-2.022894056252657,16.362707475869435
train,2026-01-18,btcusdt,binance,buy,300,135,-2.196159537926982,12.211484997862339
train,2026-01-18,btcusdt,binance,sell,300,360,-10.557326347260712,26.74257701608536
train,2026-01-18,btcusdt,bybit,buy,-300,52,5.253037168370636,25.913203318163518
train,2026-01-18,btcusdt,bybit,sell,-300,1085,46.82404595289669,22.39027141655426
train,2026-01-18,btcusdt,bybit,buy,-120,52,3.3220726262471434,21.563254417365307
train,2026-01-18,btcusdt,bybit,sell,-120,1085,39.14157796442022,23.062896275862407
train,2026-01-18,btcusdt,bybit,buy,-60,52,1.347577695200155,11.007282968122556
train,2026-01-18,btcusdt,bybit,sell,-60,1085,28.386277656824515,19.00435512688272
train,2026-01-18,btcusdt,bybit,buy,-30,52,0.8715334553310223,9.865669769521247
train,2026-01-18,btcusdt,bybit,sell,-30,1085,26.37227734260019,19.9176119549254
train,2026-01-18,btcusdt,bybit,buy,-10,52,0.5916509337477213,6.992239243358197
train,2026-01-18,btcusdt,bybit,sell,-10,1085,19.154555012530704,17.13399670839457
train,2026-01-18,btcusdt,bybit,buy,-5,52,0.2167982616151138,6.218654606355604
train,2026-01-18,btcusdt,bybit,sell,-5,1085,14.86202478638941,15.268144076105822
train,2026-01-18,btcusdt,bybit,buy,-1,52,-0.15963947216665664,1.7915648078375168
train,2026-01-18,btcusdt,bybit,sell,-1,1085,2.058346315675569,6.335296954709548
train,2026-01-18,btcusdt,bybit,buy,0,52,0.0,0.0
train,2026-01-18,btcusdt,bybit,sell,0,1085,0.0,0.0
train,2026-01-18,btcusdt,bybit,buy,1,52,0.2263381049645311,1.2267378535108742
train,2026-01-18,btcusdt,bybit,sell,1,1085,0.1215859133295454,3.284140991534631
train,2026-01-18,btcusdt,bybit,buy,5,52,0.32830265170638306,2.41728916621959
train,2026-01-18,btcusdt,bybit,sell,5,1085,0.20487565461924276,6.805204926423511
train,2026-01-18,btcusdt,bybit,buy,10,52,-0.3767310772296577,5.815880244752499
train,2026-01-18,btcusdt,bybit,sell,10,1085,1.7488115006705027,8.809203893358152
train,2026-01-18,btcusdt,bybit,buy,30,52,-1.8055364167306935,6.144583485595262
train,2026-01-18,btcusdt,bybit,sell,30,1085,5.26558385377987,11.914958316402974
train,2026-01-18,btcusdt,bybit,buy,60,52,-2.231189778764599,7.433002662902158
train,2026-01-18,btcusdt,bybit,sell,60,1085,-1.6309177576016476,10.862928701996077
train,2026-01-18,btcusdt,bybit,buy,120,52,-2.380237066112049,10.79619808414277
train,2026-01-18,btcusdt,bybit,sell,120,1085,-5.211096816829051,20.745463939938016
train,2026-01-18,btcusdt,bybit,buy,300,52,-5.523211374988213,17.815858989438034
train,2026-01-18,btcusdt,bybit,sell,300,1085,-4.542224944877517,17.913492246466074
train,2026-01-19,btcusdt,binance,buy,-300,241,-0.006233516678615753,38.41644050367386
train,2026-01-19,btcusdt,binance,sell,-300,546,31.835934241569337,40.37160524573591
train,2026-01-19,btcusdt,binance,buy,-120,241,-3.6086679695389403,26.245712506353374
train,2026-01-19,btcusdt,binance,sell,-120,546,28.351287083118624,33.85862043376863
train,2026-01-19,btcusdt,binance,buy,-60,241,-7.202344707126823,19.27822121460726
train,2026-01-19,btcusdt,binance,sell,-60,546,19.455030841757473,22.38591278078476
train,2026-01-19,btcusdt,binance,buy,-30,241,-5.861414722743445,12.25058748557402
train,2026-01-19,btcusdt,binance,sell,-30,546,12.77395658672161,14.979381477432616
train,2026-01-19,btcusdt,binance,buy,-10,241,-4.147167994153136,8.385870078753587
train,2026-01-19,btcusdt,binance,sell,-10,546,5.79325231076309,7.761135743651254
train,2026-01-19,btcusdt,binance,buy,-5,241,-2.43474863161458,4.695127065623041
train,2026-01-19,btcusdt,binance,sell,-5,546,3.1500292688247535,4.826585389574751
train,2026-01-19,btcusdt,binance,buy,-1,241,-0.3971074747399432,1.8787552322557814
train,2026-01-19,btcusdt,binance,sell,-1,546,0.33052092121024745,1.760171414146758
train,2026-01-19,btcusdt,binance,buy,0,241,0.0,0.0
train,2026-01-19,btcusdt,binance,sell,0,546,0.0,0.0
train,2026-01-19,btcusdt,binance,buy,1,241,-0.10981639659467199,1.6326569002087854
train,2026-01-19,btcusdt,binance,sell,1,546,-0.2571850574464113,1.8610427437296064
train,2026-01-19,btcusdt,binance,buy,5,241,-0.14776141717578023,4.075261568201886
train,2026-01-19,btcusdt,binance,sell,5,546,-1.1044167656819646,5.3406828407661395
train,2026-01-19,btcusdt,binance,buy,10,241,-0.2929289740390582,5.863827739185491
train,2026-01-19,btcusdt,binance,sell,10,546,-1.7570699852392135,8.517319692988478
train,2026-01-19,btcusdt,binance,buy,30,241,-0.7553825895595307,10.963778726396301
train,2026-01-19,btcusdt,binance,sell,30,546,-3.5775149971940268,17.60557821086267
train,2026-01-19,btcusdt,binance,buy,60,241,-1.1148471340839212,17.86268432353419
train,2026-01-19,btcusdt,binance,sell,60,546,-4.910568565374484,29.71837152641514
train,2026-01-19,btcusdt,binance,buy,120,241,-0.5102133506459987,22.74913312675336
train,2026-01-19,btcusdt,binance,sell,120,546,-3.6257903864420165,44.68392027959861
train,2026-01-19,btcusdt,binance,buy,300,241,-1.0700896730354907,17.523980785053542
train,2026-01-19,btcusdt,binance,sell,300,546,1.7895065242128154,27.896474443089186
train,2026-01-19,btcusdt,bybit,buy,-300,211,25.07277323705075,60.39960079935732
train,2026-01-19,btcusdt,bybit,sell,-300,2245,83.74604789607517,54.34115776364641
train,2026-01-19,btcusdt,bybit,buy,-120,211,22.318781211475205,48.56864644669687
train,2026-01-19,btcusdt,bybit,sell,-120,2245,73.94180223957456,44.33750023613719
train,2026-01-19,btcusdt,bybit,buy,-60,211,8.973488556831583,33.97519380088639
train,2026-01-19,btcusdt,bybit,sell,-60,2245,47.765954972199566,25.997451240673968
train,2026-01-19,btcusdt,bybit,buy,-30,211,3.091617030278599,23.813031748756195
train,2026-01-19,btcusdt,bybit,sell,-30,2245,31.29650629652668,18.80683483644071
train,2026-01-19,btcusdt,bybit,buy,-10,211,0.9059018290625631,15.194702936396022
train,2026-01-19,btcusdt,bybit,sell,-10,2245,15.62496703795722,9.748674579150032
train,2026-01-19,btcusdt,bybit,buy,-5,211,0.3134350111534397,8.75891360921993
train,2026-01-19,btcusdt,bybit,sell,-5,2245,9.77073745686996,5.968052866967115
train,2026-01-19,btcusdt,bybit,buy,-1,211,0.05920598056684405,2.4811257411877676
train,2026-01-19,btcusdt,bybit,sell,-1,2245,2.022078564151995,3.2084624940481934
train,2026-01-19,btcusdt,bybit,buy,0,211,0.0,0.0
train,2026-01-19,btcusdt,bybit,sell,0,2245,0.0,0.0
train,2026-01-19,btcusdt,bybit,buy,1,211,-0.2739723689914192,2.5955030777467054
train,2026-01-19,btcusdt,bybit,sell,1,2245,-0.7348529209631335,2.970858852300864
train,2026-01-19,btcusdt,bybit,buy,5,211,-1.3950636097132738,6.483504748926881
train,2026-01-19,btcusdt,bybit,sell,5,2245,-4.443357350116999,8.743561277969075
train,2026-01-19,btcusdt,bybit,buy,10,211,-2.590826929550214,9.752370394605645
train,2026-01-19,btcusdt,bybit,sell,10,2245,-4.611919165189903,12.924178428596903
train,2026-01-19,btcusdt,bybit,buy,30,211,-7.414601782968648,18.23233322323768
train,2026-01-19,btcusdt,bybit,sell,30,2245,-8.386127474067932,30.382346758489764
train,2026-01-19,btcusdt,bybit,buy,60,211,-11.13038911510569,34.656794950642684
train,2026-01-19,btcusdt,bybit,sell,60,2245,-6.802598129579561,51.4061833006462
train,2026-01-19,btcusdt,bybit,buy,120,211,-8.69845749681188,48.83493894656982
train,2026-01-19,btcusdt,bybit,sell,120,2245,3.7842565676420614,71.17426593207631
train,2026-01-19,btcusdt,bybit,buy,300,211,-1.5715882566609165,30.01267263003694
train,2026-01-19,btcusdt,bybit,sell,300,2245,12.013315588434105,46.775641902292925
train,2026-01-20,btcusdt,binance,buy,-300,312,-13.407220374405965,28.638049209673902
train,2026-01-20,btcusdt,binance,sell,-300,1138,28.392270842595998,28.149787385706034
train,2026-01-20,btcusdt,binance,buy,-120,312,-15.437355684051491,20.05442744535769
train,2026-01-20,btcusdt,binance,sell,-120,1138,21.661147358436576,24.84047616282706
train,2026-01-20,btcusdt,binance,buy,-60,312,-11.16304252480411,16.485094417314464
train,2026-01-20,btcusdt,binance,sell,-60,1138,15.390237187670436,21.0302207806225
train,2026-01-20,btcusdt,binance,buy,-30,312,-7.645588924929009,12.530229925620363
train,2026-01-20,btcusdt,binance,sell,-30,1138,11.469726241268136,18.78872375858853
train,2026-01-20,btcusdt,binance,buy,-10,312,-4.256399898803004,7.05092589212157
train,2026-01-20,btcusdt,binance,sell,-10,1138,5.7278672793964045,8.645833262582087
train,2026-01-20,btcusdt,binance,buy,-5,312,-2.8472429601747984,4.019656486593209
train,2026-01-20,btcusdt,binance,sell,-5,1138,3.200977885128658,5.439167231281358
train,2026-01-20,btcusdt,binance,buy,-1,312,-0.09410695675158885,1.7307774734165207
train,2026-01-20,btcusdt,binance,sell,-1,1138,0.2885042389227685,2.1060832252395203
train,2026-01-20,btcusdt,binance,buy,0,312,0.0,0.0
train,2026-01-20,btcusdt,binance,sell,0,1138,0.0,0.0
train,2026-01-20,btcusdt,binance,buy,1,312,0.06571633356857895,1.6039238044060757
train,2026-01-20,btcusdt,binance,sell,1,1138,-0.2334018449839859,2.195480241215348
train,2026-01-20,btcusdt,binance,buy,5,312,-0.16275074341358253,3.331067621829438
train,2026-01-20,btcusdt,binance,sell,5,1138,-0.6771122312125766,6.34128101164412
train,2026-01-20,btcusdt,binance,buy,10,312,-0.38606104922644363,4.23109005053124
train,2026-01-20,btcusdt,binance,sell,10,1138,-0.9213175625143917,10.110911325557845
train,2026-01-20,btcusdt,binance,buy,30,312,-0.732085111352082,5.965094683255008
train,2026-01-20,btcusdt,binance,sell,30,1138,-0.6587423935872126,15.757662032262992
train,2026-01-20,btcusdt,binance,buy,60,312,-1.3078497534969915,8.723602622510967
train,2026-01-20,btcusdt,binance,sell,60,1138,-0.30600273667065325,14.68897713064092
train,2026-01-20,btcusdt,binance,buy,120,312,-2.9136701839020556,11.667973052816443
train,2026-01-20,btcusdt,binance,sell,120,1138,0.6028814161698313,18.866228481669005
train,2026-01-20,btcusdt,binance,buy,300,312,-4.004906877493143,13.22828661277821
train,2026-01-20,btcusdt,binance,sell,300,1138,4.60629700961578,20.65924635421424
train,2026-01-20,btcusdt,bybit,buy,-300,142,-13.319804283595563,43.10495670680406
train,2026-01-20,btcusdt,bybit,sell,-300,5655,62.53365648028203,48.34207150109364
train,2026-01-20,btcusdt,bybit,buy,-120,142,-6.624242243239935,35.35905362893816
train,2026-01-20,btcusdt,bybit,sell,-120,5655,58.11627474549425,50.43686000649828
train,2026-01-20,btcusdt,bybit,buy,-60,142,-2.7133253569476556,30.744177818751144
train,2026-01-20,btcusdt,bybit,sell,-60,5655,52.918782342434874,52.99348231577353
train,2026-01-20,btcusdt,bybit,buy,-30,142,-2.169433129518455,22.007014981148988
train,2026-01-20,btcusdt,bybit,sell,-30,5655,46.55764051077342,48.3865538420365
train,2026-01-20,btcusdt,bybit,buy,-10,142,-1.487372075840538,16.67370728378696
train,2026-01-20,btcusdt,bybit,sell,-10,5655,25.36162082594317,25.457110520390355
train,2026-01-20,btcusdt,bybit,buy,-5,142,-1.3774453595206824,9.786340614755593
train,2026-01-20,btcusdt,bybit,sell,-5,5655,15.710918493234205,14.935874193032259
train,2026-01-20,btcusdt,bybit,buy,-1,142,0.4292656453194925,3.5271512877188234
train,2026-01-20,btcusdt,bybit,sell,-1,5655,2.4001809421033964,5.9511786449972215
train,2026-01-20,btcusdt,bybit,buy,0,142,0.0,0.0
train,2026-01-20,btcusdt,bybit,sell,0,5655,0.0,0.0
train,2026-01-20,btcusdt,bybit,buy,1,142,-0.09503291126284188,1.4564463473073592
train,2026-01-20,btcusdt,bybit,sell,1,5655,-1.5096103698654866,5.853482037449004
train,2026-01-20,btcusdt,bybit,buy,5,142,-1.6526213595209354,6.922538137136692
train,2026-01-20,btcusdt,bybit,sell,5,5655,-5.897022554963406,18.378853426642884
train,2026-01-20,btcusdt,bybit,buy,10,142,-1.8930879980411044,8.095500807519645
train,2026-01-20,btcusdt,bybit,sell,10,5655,-7.8438747868737915,30.300125562755014
train,2026-01-20,btcusdt,bybit,buy,30,142,-2.9727881507872227,9.744293168290072
train,2026-01-20,btcusdt,bybit,sell,30,5655,-10.318263794163965,43.37608048064397
train,2026-01-20,btcusdt,bybit,buy,60,142,-4.457616892427403,11.009233013189535
train,2026-01-20,btcusdt,bybit,sell,60,5655,-8.424633546496,32.27946213709119
train,2026-01-20,btcusdt,bybit,buy,120,142,-6.086630839725689,13.571159709265507
train,2026-01-20,btcusdt,bybit,sell,120,5655,-1.9879934944165274,38.19390902050922
train,2026-01-20,btcusdt,bybit,buy,300,142,-6.221314283807505,15.43207561426953
train,2026-01-20,btcusdt,bybit,sell,300,5655,7.849397833102879,34.53095054758551
train,2026-01-21,btcusdt,binance,buy,-300,630,-29.902140025665815,27.213724609011603
train,2026-01-21,btcusdt,binance,sell,-300,908,28.37058543125486,25.15552044427076
train,2026-01-21,btcusdt,binance,buy,-120,630,-21.984953962888216,20.38781693167147
train,2026-01-21,btcusdt,binance,sell,-120,908,17.62333983051709,14.528804055410372
train,2026-01-21,btcusdt,binance,buy,-60,630,-17.13545547881842,15.912825695866076
train,2026-01-21,btcusdt,binance,sell,-60,908,12.541611315101536,10.743217556516539
train,2026-01-21,btcusdt,binance,buy,-30,630,-12.383969397275093,11.062038791152098
train,2026-01-21,btcusdt,binance,sell,-30,908,9.214541362069783,8.206275314658678
train,2026-01-21,btcusdt,binance,buy,-10,630,-6.8558860647491215,6.7546020366177775
train,2026-01-21,btcusdt,binance,sell,-10,908,4.920978548270969,4.953599780053783
train,2026-01-21,btcusdt,binance,buy,-5,630,-4.415277354827447,4.795217013348928
train,2026-01-21,btcusdt,binance,sell,-5,908,2.9313271797203853,3.444135983927931
train,2026-01-21,btcusdt,binance,buy,-1,630,-0.2787041882639029,2.3591643204438313
train,2026-01-21,btcusdt,binance,sell,-1,908,0.13091531687507402,1.62534793114434
train,2026-01-21,btcusdt,binance,buy,0,630,0.0,0.0
train,2026-01-21,btcusdt,binance,sell,0,908,0.0,0.0
train,2026-01-21,btcusdt,binance,buy,1,630,-0.13922825061014704,2.258610162877573
train,2026-01-21,btcusdt,binance,sell,1,908,-0.03467556113169954,1.5586709780475188
train,2026-01-21,btcusdt,binance,buy,5,630,-0.338614617987703,4.565560973025594
train,2026-01-21,btcusdt,binance,sell,5,908,-0.16123850407701684,3.47946407992172
train,2026-01-21,btcusdt,binance,buy,10,630,-0.24818374272497357,6.106664412498028
train,2026-01-21,btcusdt,binance,sell,10,908,-0.3707766353250183,5.196736610885448
train,2026-01-21,btcusdt,binance,buy,30,630,0.17152109568760893,10.372117374287384
train,2026-01-21,btcusdt,binance,sell,30,908,-0.5832946909806211,8.523084503390988
train,2026-01-21,btcusdt,binance,buy,60,630,0.3291213918216725,14.896219059709125
train,2026-01-21,btcusdt,binance,sell,60,908,-0.823905575385235,11.031971285554375
train,2026-01-21,btcusdt,binance,buy,120,630,1.106950553153167,18.083751834272178
train,2026-01-21,btcusdt,binance,sell,120,908,-2.07745965770131,15.28701967860366
train,2026-01-21,btcusdt,binance,buy,300,630,2.6035040226509807,24.38470750789121
train,2026-01-21,btcusdt,binance,sell,300,908,-1.7057041788526113,23.967158033384372
train,2026-01-21,btcusdt,bybit,buy,-300,937,-41.91138984118932,31.481850104647258
train,2026-01-21,btcusdt,bybit,sell,-300,1951,53.58171300745251,24.102713268944324
train,2026-01-21,btcusdt,bybit,buy,-120,937,-31.052849419147726,26.75982791738935
train,2026-01-21,btcusdt,bybit,sell,-120,1951,32.83569994055526,19.250485662623102
train,2026-01-21,btcusdt,bybit,buy,-60,937,-26.197743857820754,24.457489201765526
train,2026-01-21,btcusdt,bybit,sell,-60,1951,23.7372575901561,15.086823744576705
train,2026-01-21,btcusdt,bybit,buy,-30,937,-19.65669533535317,17.290299008942444
train,2026-01-21,btcusdt,bybit,sell,-30,1951,17.39592714598774,10.865604137373685
train,2026-01-21,btcusdt,bybit,buy,-10,937,-11.394939153215972,9.401954536243464
train,2026-01-21,btcusdt,bybit,sell,-10,1951,10.575380142230692,7.460388088471503
train,2026-01-21,btcusdt,bybit,buy,-5,937,-7.975614309883271,7.01555015760376
train,2026-01-21,btcusdt,bybit,sell,-5,1951,6.906578875184405,5.180037721834617
train,2026-01-21,btcusdt,bybit,buy,-1,937,-1.1703758030865843,4.001939630495612
train,2026-01-21,btcusdt,bybit,sell,-1,1951,0.7481391521920081,2.8010659162897777
train,2026-01-21,btcusdt,bybit,buy,0,937,0.0,0.0
train,2026-01-21,btcusdt,bybit,sell,0,1951,0.0,0.0
train,2026-01-21,btcusdt,bybit,buy,1,937,-0.35871104688372984,3.2115408333337787
train,2026-01-21,btcusdt,bybit,sell,1,1951,-0.39076000864032456,2.221712317573113
train,2026-01-21,btcusdt,bybit,buy,5,937,-1.0397749734749975,6.139707923492486
train,2026-01-21,btcusdt,bybit,sell,5,1951,-1.6691719306883048,5.2634411963311685
train,2026-01-21,btcusdt,bybit,buy,10,937,-0.26625736170419684,8.096920266370187
train,2026-01-21,btcusdt,bybit,sell,10,1951,-2.043248602162273,7.8063134802692975
train,2026-01-21,btcusdt,bybit,buy,30,937,1.7984182936251414,14.260982296095834
train,2026-01-21,btcusdt,bybit,sell,30,1951,-1.582116998774592,10.587866810390565
train,2026-01-21,btcusdt,bybit,buy,60,937,3.8260766596135514,21.955596654595805
train,2026-01-21,btcusdt,bybit,sell,60,1951,-2.8128319414788163,11.88383577521712
train,2026-01-21,btcusdt,bybit,buy,120,937,5.789225670814385,26.23650335588377
train,2026-01-21,btcusdt,bybit,sell,120,1951,-3.9064841809731257,16.819636235287675
train,2026-01-21,btcusdt,bybit,buy,300,937,10.900246735158662,32.384451143907526
train,2026-01-21,btcusdt,bybit,sell,300,1951,3.0972537930382567,28.027359573289804
train,2026-01-22,btcusdt,binance,buy,-300,291,-15.666715650569284,14.656931800794192
train,2026-01-22,btcusdt,binance,sell,-300,485,19.28569801114294,16.98295909428685
train,2026-01-22,btcusdt,binance,buy,-120,291,-12.690405157582253,11.703274596550642
train,2026-01-22,btcusdt,binance,sell,-120,485,12.435947273887356,11.65215916058857
train,2026-01-22,btcusdt,binance,buy,-60,291,-9.609240091313847,9.018099724809206
train,2026-01-22,btcusdt,binance,sell,-60,485,9.85785517041807,9.432959306855576
train,2026-01-22,btcusdt,binance,buy,-30,291,-7.042020672344392,6.948473585736117
train,2026-01-22,btcusdt,binance,sell,-30,485,7.244151843663946,6.883284270376649
train,2026-01-22,btcusdt,binance,buy,-10,291,-3.9351953350569975,3.8688786118759477
train,2026-01-22,btcusdt,binance,sell,-10,485,3.762680029696378,4.372982689108157
train,2026-01-22,btcusdt,binance,buy,-5,291,-2.576908884719745,2.793666651513335
train,2026-01-22,btcusdt,binance,sell,-5,485,2.374302568897863,3.163559787816159
train,2026-01-22,btcusdt,binance,buy,-1,291,-0.1975465727131388,1.3126000333826096
train,2026-01-22,btcusdt,binance,sell,-1,485,0.079946802599107,1.4585419998748619
train,2026-01-22,btcusdt,binance,buy,0,291,0.0,0.0
train,2026-01-22,btcusdt,binance,sell,0,485,0.0,0.0
train,2026-01-22,btcusdt,binance,buy,1,291,0.030709429107387342,1.066940226352738
train,2026-01-22,btcusdt,binance,sell,1,485,0.08384528252299195,1.3285831707034315
train,2026-01-22,btcusdt,binance,buy,5,291,0.18608051540589904,2.3207670102534284
train,2026-01-22,btcusdt,binance,sell,5,485,0.22377264427901278,3.3679293255631277
train,2026-01-22,btcusdt,binance,buy,10,291,0.06556525204479488,3.4754811108015837
train,2026-01-22,btcusdt,binance,sell,10,485,0.6316137993625266,4.586937980615136
train,2026-01-22,btcusdt,binance,buy,30,291,0.07144488204375152,6.16395523448175
train,2026-01-22,btcusdt,binance,sell,30,485,1.3223797104895982,5.710299351345368
train,2026-01-22,btcusdt,binance,buy,60,291,-0.8997632630955907,7.439147530215633
train,2026-01-22,btcusdt,binance,sell,60,485,1.7183278469212608,7.077864955393766
train,2026-01-22,btcusdt,binance,buy,120,291,-2.0063724771738056,10.39884527528621
train,2026-01-22,btcusdt,binance,sell,120,485,2.274980033217515,11.028617650025929
train,2026-01-22,btcusdt,binance,buy,300,291,-5.7890372826034495,13.384044760172214
train,2026-01-22,btcusdt,binance,sell,300,485,4.644597024425923,16.717090998788343
train,2026-01-22,btcusdt,bybit,buy,-300,152,-16.915522581914757,17.35899694473788
train,2026-01-22,btcusdt,bybit,sell,-300,604,30.35180923626583,17.026239566085017
train,2026-01-22,btcusdt,bybit,buy,-120,152,-11.963300052038678,12.79011069282844
train,2026-01-22,btcusdt,bybit,sell,-120,604,20.03782833529186,13.2317336810656
train,2026-01-22,btcusdt,bybit,buy,-60,152,-8.962219139617904,8.766781387192442
train,2026-01-22,btcusdt,bybit,sell,-60,604,15.551327007122525,11.727552488814542
train,2026-01-22,btcusdt,bybit,buy,-30,152,-6.344167520370139,6.223774345462842
train,2026-01-22,btcusdt,bybit,sell,-30,604,12.248702617981282,9.29069009203647
train,2026-01-22,btcusdt,bybit,buy,-10,152,-4.393453117385,4.101239526061109
train,2026-01-22,btcusdt,bybit,sell,-10,604,7.747729724882286,6.049669878996453
train,2026-01-22,btcusdt,bybit,buy,-5,152,-3.177093359788232,3.2230546043706227
train,2026-01-22,btcusdt,bybit,sell,-5,604,5.561950865904377,5.046133346030252
train,2026-01-22,btcusdt,bybit,buy,-1,152,-0.5825116386427743,1.6581458452341475
train,2026-01-22,btcusdt,bybit,sell,-1,604,0.46367487563354387,2.2064707185578474
train,2026-01-22,btcusdt,bybit,buy,0,152,0.0,0.0
train,2026-01-22,btcusdt,bybit,sell,0,604,0.0,0.0
train,2026-01-22,btcusdt,bybit,buy,1,152,-0.1740045812268756,1.2488269174785043
train,2026-01-22,btcusdt,bybit,sell,1,604,0.6390047607175445,2.327499172293883
train,2026-01-22,btcusdt,bybit,buy,5,152,-0.39723767829800655,2.225560298138217
train,2026-01-22,btcusdt,bybit,sell,5,604,1.9442385573135723,4.63028865477496
train,2026-01-22,btcusdt,bybit,buy,10,152,-0.6735559082892554,2.5679895608130043
train,2026-01-22,btcusdt,bybit,sell,10,604,3.484584053182842,6.2350027258714915
train,2026-01-22,btcusdt,bybit,buy,30,152,-1.5236236737740791,5.528408691924535
train,2026-01-22,btcusdt,bybit,sell,30,604,4.576001702903293,7.102290056403567
train,2026-01-22,btcusdt,bybit,buy,60,152,-2.3043089784698054,5.982268737603736
train,2026-01-22,btcusdt,bybit,sell,60,604,4.541536329117402,8.126469383372024
train,2026-01-22,btcusdt,bybit,buy,120,152,-4.564378730254517,10.977177880245423
train,2026-01-22,btcusdt,bybit,sell,120,604,4.595620129220218,13.67248423665766
train,2026-01-22,btcusdt,bybit,buy,300,152,-8.54386406210104,14.34948422213415
train,2026-01-22,btcusdt,bybit,sell,300,604,8.488854034570744,20.538967309496442
train,2026-01-23,btcusdt,binance,buy,-300,379,-25.982570407156466,22.129973445441735
train,2026-01-23,btcusdt,binance,sell,-300,466,25.0925992700888,19.800181072690375
train,2026-01-23,btcusdt,binance,buy,-120,379,-18.973660384257826,14.624856834239312
train,2026-01-23,btcusdt,binance,sell,-120,466,16.53347911977076,12.250765669515795
train,2026-01-23,btcusdt,binance,buy,-60,379,-13.782979625619882,11.74107896281942
train,2026-01-23,btcusdt,binance,sell,-60,466,12.2493042988584,9.395517013126009
train,2026-01-23,btcusdt,binance,buy,-30,379,-10.031534627182735,8.971763574798867
train,2026-01-23,btcusdt,binance,sell,-30,466,9.385957529656496,8.36406354160397
train,2026-01-23,btcusdt,binance,buy,-10,379,-5.385307309714979,5.41018325633728
train,2026-01-23,btcusdt,binance,sell,-10,466,5.197579856943063,4.953422635091818
train,2026-01-23,btcusdt,binance,buy,-5,379,-3.4839148625470577,3.757000723087505
train,2026-01-23,btcusdt,binance,sell,-5,466,3.022916744732259,3.7000584919222232
train,2026-01-23,btcusdt,binance,buy,-1,379,-0.15765063092112463,1.5650488152584485
train,2026-01-23,btcusdt,binance,sell,-1,466,0.11190710151896383,1.464437001596281
train,2026-01-23,btcusdt,binance,buy,0,379,0.0,0.0
train,2026-01-23,btcusdt,binance,sell,0,466,0.0,0.0
train,2026-01-23,btcusdt,binance,buy,1,379,0.13947531717131664,1.5555482943641512
train,2026-01-23,btcusdt,binance,sell,1,466,-0.03811976866937089,1.3683877168710823
train,2026-01-23,btcusdt,binance,buy,5,379,0.2547245612263189,3.082004136730447
train,2026-01-23,btcusdt,binance,sell,5,466,-0.04217912840207939,3.8006637516550033
train,2026-01-23,btcusdt,binance,buy,10,379,0.17819090480417385,4.531881793967309
train,2026-01-23,btcusdt,binance,sell,10,466,0.19369514462760934,5.246194285346751
train,2026-01-23,btcusdt,binance,buy,30,379,0.30068339887657297,7.866521363103608
train,2026-01-23,btcusdt,binance,sell,30,466,0.7139187131022897,6.731720893460673
train,2026-01-23,btcusdt,binance,buy,60,379,0.23706435097578132,11.95756162960838
train,2026-01-23,btcusdt,binance,sell,60,466,1.884082291656405,8.590540292439666
train,2026-01-23,btcusdt,binance,buy,120,379,-0.834383082516063,14.89721418858867
train,2026-01-23,btcusdt,binance,sell,120,466,1.307313124490336,12.122015035752794
train,2026-01-23,btcusdt,binance,buy,300,379,-4.018657121926913,20.191781272405528
train,2026-01-23,btcusdt,binance,sell,300,466,5.950809085827775,22.073589976332208
train,2026-01-23,btcusdt,bybit,buy,-300,585,-41.499395607475336,19.849115604049608
train,2026-01-23,btcusdt,bybit,sell,-300,489,38.804937931894685,18.20074951351317
train,2026-01-23,btcusdt,bybit,buy,-120,585,-27.002251077354547,13.176658977821228
train,2026-01-23,btcusdt,bybit,sell,-120,489,23.538082616769575,12.426282302497748
train,2026-01-23,btcusdt,bybit,buy,-60,585,-22.669532331087993,12.251952484923434
train,2026-01-23,btcusdt,bybit,sell,-60,489,19.16283626993536,10.963356136031262
train,2026-01-23,btcusdt,bybit,buy,-30,585,-16.898019186650508,10.517072159234568
train,2026-01-23,btcusdt,bybit,sell,-30,489,15.977916588810658,10.673633952545593
train,2026-01-23,btcusdt,bybit,buy,-10,585,-11.2447035654705,7.678050386981941
train,2026-01-23,btcusdt,bybit,sell,-10,489,9.1199785350912,5.8297474731848276
train,2026-01-23,btcusdt,bybit,buy,-5,585,-8.196601199624148,5.573106772700283
train,2026-01-23,btcusdt,bybit,sell,-5,489,6.496637086961976,4.604937944308433
train,2026-01-23,btcusdt,bybit,buy,-1,585,-1.5913115353058884,2.6525379598697567
train,2026-01-23,btcusdt,bybit,sell,-1,489,0.800373629546896,2.4984195025184586
train,2026-01-23,btcusdt,bybit,buy,0,585,0.0,0.0
train,2026-01-23,btcusdt,bybit,sell,0,489,0.0,0.0
train,2026-01-23,btcusdt,bybit,buy,1,585,0.42592305725232077,2.546668994737272
train,2026-01-23,btcusdt,bybit,sell,1,489,0.01673179200083864,1.7709258531265342
train,2026-01-23,btcusdt,bybit,buy,5,585,1.8489808620888613,5.8949067577862255
train,2026-01-23,btcusdt,bybit,sell,5,489,0.6417049842525945,4.278658484862119
train,2026-01-23,btcusdt,bybit,buy,10,585,2.5972924072965915,8.157162189119862
train,2026-01-23,btcusdt,bybit,sell,10,489,0.780836152418109,6.552907934622007
train,2026-01-23,btcusdt,bybit,buy,30,585,2.04457063643789,10.660206797200543
train,2026-01-23,btcusdt,bybit,sell,30,489,2.7533085500793235,7.707014042279515
train,2026-01-23,btcusdt,bybit,buy,60,585,1.6588890521180253,14.656952867296713
train,2026-01-23,btcusdt,bybit,sell,60,489,6.538868955593909,9.587598591911792
train,2026-01-23,btcusdt,bybit,buy,120,585,-0.08058254209034428,15.170756761065888
train,2026-01-23,btcusdt,bybit,sell,120,489,3.022774857264011,13.382168257427448
train,2026-01-23,btcusdt,bybit,buy,300,585,-0.1310559813862469,23.964477414969046
train,2026-01-23,btcusdt,bybit,sell,300,489,14.947339795140111,22.422153151717573
train,2026-01-24,btcusdt,binance,buy,-300,62,-3.4975543296793545,5.9662360123743925
train,2026-01-24,btcusdt,binance,sell,-300,148,5.6805523901142605,10.208896879427781
train,2026-01-24,btcusdt,binance,buy,-120,62,-1.9888041683284294,3.6058322515547374
train,2026-01-24,btcusdt,binance,sell,-120,148,5.339706506088102,9.330992249575779
train,2026-01-24,btcusdt,binance,buy,-60,62,-1.733209598792724,3.053454656145139
train,2026-01-24,btcusdt,binance,sell,-60,148,4.2497805988424915,7.519163117907287
train,2026-01-24,btcusdt,binance,buy,-30,62,-1.321018782334903,2.59748600454761
train,2026-01-24,btcusdt,binance,sell,-30,148,3.113162196481444,5.05357015768396
train,2026-01-24,btcusdt,binance,buy,-10,62,-1.00699423031758,1.9861260482131595
train,2026-01-24,btcusdt,binance,sell,-10,148,1.4865630327103767,2.786246214544507
train,2026-01-24,btcusdt,binance,buy,-5,62,-0.7864287268338265,1.8095893755510475
train,2026-01-24,btcusdt,binance,sell,-5,148,0.92195056434583,1.8903641218571907
train,2026-01-24,btcusdt,binance,buy,-1,62,-0.16584611428024496,0.4093800836655046
train,2026-01-24,btcusdt,binance,sell,-1,148,-0.002727289180896048,0.5725272878147318
train,2026-01-24,btcusdt,binance,buy,0,62,0.0,0.0
train,2026-01-24,btcusdt,binance,sell,0,148,0.0,0.0
train,2026-01-24,btcusdt,binance,buy,1,62,0.0046139979482152805,0.15640457875565028
train,2026-01-24,btcusdt,binance,sell,1,148,-0.029601639737779233,0.5255010242068857
train,2026-01-24,btcusdt,binance,buy,5,62,-0.00801759683178304,0.4786398438453088
train,2026-01-24,btcusdt,binance,sell,5,148,-0.14031273146746387,1.3724214168392126
train,2026-01-24,btcusdt,binance,buy,10,62,-0.13418062776586256,1.1390515901307368
train,2026-01-24,btcusdt,binance,sell,10,148,-0.36473471086666837,1.7152215591519393
train,2026-01-24,btcusdt,binance,buy,30,62,-0.6728292392770673,1.6967324115814428
train,2026-01-24,btcusdt,binance,sell,30,148,-0.7272529133599253,3.4963624433670075
train,2026-01-24,btcusdt,binance,buy,60,62,-0.6770787142079207,1.8866988258711594
train,2026-01-24,btcusdt,binance,sell,60,148,-0.8892063037997563,6.4266482128288365
train,2026-01-24,btcusdt,binance,buy,120,62,-0.19960938584572246,2.77251983918352
train,2026-01-24,btcusdt,binance,sell,120,148,-0.13493433707224464,4.693813491181887
train,2026-01-24,btcusdt,binance,buy,300,62,0.3586248323902874,4.289528513958378
train,2026-01-24,btcusdt,binance,sell,300,148,-0.008719255856582887,6.415226723773384
train,2026-01-24,btcusdt,bybit,buy,-300,19,-1.9314412843542312,8.385780753036709
train,2026-01-24,btcusdt,bybit,sell,-300,68,21.372237226823398,16.387594612293643
train,2026-01-24,btcusdt,bybit,buy,-120,19,-2.1560906590131537,3.479096062318659
train,2026-01-24,btcusdt,bybit,sell,-120,68,21.79000842332082,16.029913888514933
train,2026-01-24,btcusdt,bybit,buy,-60,19,-1.7748932121127041,3.7848478278844793
train,2026-01-24,btcusdt,bybit,sell,-60,68,15.46732949672138,11.498119879269868
train,2026-01-24,btcusdt,bybit,buy,-30,19,-1.3438705746276538,2.8423505503089603
train,2026-01-24,btcusdt,bybit,sell,-30,68,7.626913678316015,6.299325548433423
train,2026-01-24,btcusdt,bybit,buy,-10,19,-1.3397576186947726,2.17341726642114
train,2026-01-24,btcusdt,bybit,sell,-10,68,4.133280095330037,3.5689421823970755
train,2026-01-24,btcusdt,bybit,buy,-5,19,-1.0917904627879047,1.829606948473848
train,2026-01-24,btcusdt,bybit,sell,-5,68,3.2494124257233032,3.165452736706376
train,2026-01-24,btcusdt,bybit,buy,-1,19,-0.2786009911943849,0.46588727384637374
train,2026-01-24,btcusdt,bybit,sell,-1,68,-0.20217767512199855,2.6932980839341862
train,2026-01-24,btcusdt,bybit,buy,0,19,0.0,0.0
train,2026-01-24,btcusdt,bybit,sell,0,68,0.0,0.0
train,2026-01-24,btcusdt,bybit,buy,1,19,0.09610831360065801,0.4077530416525714
train,2026-01-24,btcusdt,bybit,sell,1,68,1.3427934637323486,2.115118597684688
train,2026-01-24,btcusdt,bybit,buy,5,19,0.06575339495309762,0.7493217409203371
train,2026-01-24,btcusdt,bybit,sell,5,68,2.1566674283820664,3.1386990021921806
train,2026-01-24,btcusdt,bybit,buy,10,19,-0.0264917713510311,1.14302416953874
train,2026-01-24,btcusdt,bybit,sell,10,68,1.5647580296531596,2.9355132207193404
train,2026-01-24,btcusdt,bybit,buy,30,19,-0.3652037831470052,2.0045745066885874
train,2026-01-24,btcusdt,bybit,sell,30,68,-0.004711115962763481,6.406543048659384
train,2026-01-24,btcusdt,bybit,buy,60,19,-0.22192841024510282,2.1276954283091567
train,2026-01-24,btcusdt,bybit,sell,60,68,2.4049059673368354,10.05430884593045
train,2026-01-24,btcusdt,bybit,buy,120,19,-0.5815280411644892,2.9481699539244235
train,2026-01-24,btcusdt,bybit,sell,120,68,3.782569690866158,6.769363565885488
train,2026-01-24,btcusdt,bybit,buy,300,19,0.8773333384903168,4.9123624650656215
train,2026-01-24,btcusdt,bybit,sell,300,68,7.409323396211215,10.075721272294304
train,2026-01-25,btcusdt,binance,buy,-300,196,-9.979577425470868,15.656441399826308
train,2026-01-25,btcusdt,binance,sell,-300,927,19.48706084001061,15.60289416398557
train,2026-01-25,btcusdt,binance,buy,-120,196,-8.244112709632033,10.163435317909746
train,2026-01-25,btcusdt,binance,sell,-120,927,14.176447189657667,13.561239902755934
train,2026-01-25,btcusdt,binance,buy,-60,196,-6.659556401516889,9.223277255876713
train,2026-01-25,btcusdt,binance,sell,-60,927,11.156772139253267,10.912202800293883
train,2026-01-25,btcusdt,binance,buy,-30,196,-5.782048389338479,7.143874942934008
train,2026-01-25,btcusdt,binance,sell,-30,927,8.621885144602825,9.202506644022534
train,2026-01-25,btcusdt,binance,buy,-10,196,-3.468451868454377,4.68635272520102
train,2026-01-25,btcusdt,binance,sell,-10,927,4.879942998029237,6.739353134025111
train,2026-01-25,btcusdt,binance,buy,-5,196,-2.501582431712084,3.375450686085871
train,2026-01-25,btcusdt,binance,sell,-5,927,2.9539284595656867,4.8733695009925055
train,2026-01-25,btcusdt,binance,buy,-1,196,-0.0024523981322775073,0.993807446065307
train,2026-01-25,btcusdt,binance,sell,-1,927,0.22336673486870806,1.7673086554280517
train,2026-01-25,btcusdt,binance,buy,0,196,0.0,0.0
train,2026-01-25,btcusdt,binance,sell,0,927,0.0,0.0
train,2026-01-25,btcusdt,binance,buy,1,196,0.02955417786660885,1.1791782464394875
train,2026-01-25,btcusdt,binance,sell,1,927,-0.08929147767626601,1.8411115107821632
train,2026-01-25,btcusdt,binance,buy,5,196,-0.0400334631225728,2.6580299179858486
train,2026-01-25,btcusdt,binance,sell,5,927,0.07188688408632042,4.875399532176995
train,2026-01-25,btcusdt,binance,buy,10,196,-0.12388735747419795,3.9191217863142747
train,2026-01-25,btcusdt,binance,sell,10,927,0.5802663083227214,6.5457198253040945
train,2026-01-25,btcusdt,binance,buy,30,196,-0.7067250298581621,6.252893366933669
train,2026-01-25,btcusdt,binance,sell,30,927,1.9908691012450095,8.401610666323817
train,2026-01-25,btcusdt,binance,buy,60,196,-1.4371456285978834,7.059764367348409
train,2026-01-25,btcusdt,binance,sell,60,927,3.7479825672238634,12.096760072505877
train,2026-01-25,btcusdt,binance,buy,120,196,-1.4217625059431132,9.948796468215734
train,2026-01-25,btcusdt,binance,sell,120,927,4.198927344410633,13.606564240915693
train,2026-01-25,btcusdt,binance,buy,300,196,-5.1522443791096935,15.436464565203599
train,2026-01-25,btcusdt,binance,sell,300,927,0.7711617246486703,15.93071940084272
train,2026-01-25,btcusdt,bybit,buy,-300,101,-6.22768190225674,22.861530509629794
train,2026-01-25,btcusdt,bybit,sell,-300,3370,37.560273019639894,18.82205488357795
train,2026-01-25,btcusdt,bybit,buy,-120,101,-4.405551747538813,15.854471108828184
train,2026-01-25,btcusdt,bybit,sell,-120,3370,30.17945326868705,15.133567514814212
train,2026-01-25,btcusdt,bybit,buy,-60,101,-4.928391797835108,17.353386976573592
train,2026-01-25,btcusdt,bybit,sell,-60,3370,26.41348226953028,14.888230692239357
train,2026-01-25,btcusdt,bybit,buy,-30,101,-3.3911670587976372,13.067811630400582
train,2026-01-25,btcusdt,bybit,sell,-30,3370,22.99541197556421,13.637101175157822
train,2026-01-25,btcusdt,bybit,buy,-10,101,-1.8244641731087445,8.882599259863943
train,2026-01-25,btcusdt,bybit,sell,-10,3370,16.44333686245194,12.450944602596056
train,2026-01-25,btcusdt,bybit,buy,-5,101,-1.2818184962990273,5.62208660750445
train,2026-01-25,btcusdt,bybit,sell,-5,3370,12.917326956787194,9.978528595199304
train,2026-01-25,btcusdt,bybit,buy,-1,101,-0.23920554518411055,2.201153505747206
train,2026-01-25,btcusdt,bybit,sell,-1,3370,1.9226093168606944,4.05456896456345
train,2026-01-25,btcusdt,bybit,buy,0,101,0.0,0.0
train,2026-01-25,btcusdt,bybit,sell,0,3370,0.0,0.0
train,2026-01-25,btcusdt,bybit,buy,1,101,-0.34092751313377045,1.9186887491011229
train,2026-01-25,btcusdt,bybit,sell,1,3370,-0.6979434889662353,3.667991999893551
train,2026-01-25,btcusdt,bybit,buy,5,101,-0.5931617122098338,4.0731406758876165
train,2026-01-25,btcusdt,bybit,sell,5,3370,1.7524128204541176,7.599655629059843
train,2026-01-25,btcusdt,bybit,buy,10,101,-0.26532166565441434,5.036765489489187
train,2026-01-25,btcusdt,bybit,sell,10,3370,3.7592231969264964,9.066133652495598
train,2026-01-25,btcusdt,bybit,buy,30,101,-1.8184841172696256,8.11856267815679
train,2026-01-25,btcusdt,bybit,sell,30,3370,8.590868724284933,11.969975243959006
train,2026-01-25,btcusdt,bybit,buy,60,101,-2.37108260548488,10.643076114807279
train,2026-01-25,btcusdt,bybit,sell,60,3370,12.956712975643304,13.435119713044354
train,2026-01-25,btcusdt,bybit,buy,120,101,-2.2476521352253966,11.432004871384377
train,2026-01-25,btcusdt,bybit,sell,120,3370,14.061252027164523,14.495264868507357
train,2026-01-25,btcusdt,bybit,buy,300,101,-4.145723889592273,14.772421986573303
train,2026-01-25,btcusdt,bybit,sell,300,3370,9.560181573695441,18.162731082827822
train,2026-01-26,btcusdt,binance,buy,-300,478,-26.364490181771885,19.55703344147125
train,2026-01-26,btcusdt,binance,sell,-300,446,20.20229739193641,20.87499643921731
train,2026-01-26,btcusdt,binance,buy,-120,478,-20.598132225737007,16.73911404512704
train,2026-01-26,btcusdt,binance,sell,-120,446,13.955870147224093,15.275008276410755
train,2026-01-26,btcusdt,binance,buy,-60,478,-14.947569359134949,12.985293670996723
train,2026-01-26,btcusdt,binance,sell,-60,446,10.413977966342356,10.016088815197401
train,2026-01-26,btcusdt,binance,buy,-30,478,-10.672348219229074,8.936815274569375
train,2026-01-26,btcusdt,binance,sell,-30,446,7.400344549918462,7.329738596463318
train,2026-01-26,btcusdt,binance,buy,-10,478,-5.8302774567473765,5.672623917094307
train,2026-01-26,btcusdt,binance,sell,-10,446,4.192055992521152,4.5696473944828595
train,2026-01-26,btcusdt,binance,buy,-5,478,-3.714459890945296,4.400544899819481
train,2026-01-26,btcusdt,binance,sell,-5,446,2.5853049007378766,3.5095290471924265
train,2026-01-26,btcusdt,binance,buy,-1,478,-0.17703631133178774,1.8445237332038473
train,2026-01-26,btcusdt,binance,sell,-1,446,0.05102779005803519,1.0733628907891524
train,2026-01-26,btcusdt,binance,buy,0,478,0.0,0.0
train,2026-01-26,btcusdt,binance,sell,0,446,0.0,0.0
train,2026-01-26,btcusdt,binance,buy,1,478,-0.0390266794985574,1.4887731135983497
train,2026-01-26,btcusdt,binance,sell,1,446,0.06838626552659109,1.0406629112428443
train,2026-01-26,btcusdt,binance,buy,5,478,0.3695138380841858,4.502917719880888
train,2026-01-26,btcusdt,binance,sell,5,446,0.3402950376367078,2.5219893925897527
train,2026-01-26,btcusdt,binance,buy,10,478,-0.03348687716965743,5.225512177738398
train,2026-01-26,btcusdt,binance,sell,10,446,0.29860650313141407,3.924016741073136
train,2026-01-26,btcusdt,binance,buy,30,478,0.6053748995256724,8.304894065608996
train,2026-01-26,btcusdt,binance,sell,30,446,-0.09196346178254318,5.895483307115967
train,2026-01-26,btcusdt,binance,buy,60,478,0.39577220539569785,10.991646232451238
train,2026-01-26,btcusdt,binance,sell,60,446,-0.2488410060559662,8.650054690487401
train,2026-01-26,btcusdt,binance,buy,120,478,-0.5535707251317759,12.609359371647693
train,2026-01-26,btcusdt,binance,sell,120,446,-0.2804683413660398,13.457500979111542
train,2026-01-26,btcusdt,binance,buy,300,478,0.5505445282666769,14.433199277555104
train,2026-01-26,btcusdt,binance,sell,300,446,4.45001894955192,23.07162288850252
train,2026-01-26,btcusdt,bybit,buy,-300,667,-35.754807684219394,19.83088068997836
train,2026-01-26,btcusdt,bybit,sell,-300,354,32.28567351246512,25.325673198454428
train,2026-01-26,btcusdt,bybit,buy,-120,667,-30.079067560353952,19.74318971392824
train,2026-01-26,btcusdt,bybit,sell,-120,354,22.10598166891582,17.823877448267243
train,2026-01-26,btcusdt,bybit,buy,-60,667,-24.78741763472776,18.358616018721023
train,2026-01-26,btcusdt,bybit,sell,-60,354,15.654610776416146,11.8975550852875
train,2026-01-26,btcusdt,bybit,buy,-30,667,-16.75725906649152,10.481520136705266
train,2026-01-26,btcusdt,bybit,sell,-30,354,10.859258914936817,9.025619953726602
train,2026-01-26,btcusdt,bybit,buy,-10,667,-11.685303237768636,9.240976414380198
train,2026-01-26,btcusdt,bybit,sell,-10,354,7.091932952167307,4.9981626537294295
train,2026-01-26,btcusdt,bybit,buy,-5,667,-8.695858110904956,8.014534051017668
train,2026-01-26,btcusdt,bybit,sell,-5,354,5.946490953378256,4.68322734280298
train,2026-01-26,btcusdt,bybit,buy,-1,667,-0.8617463718781391,5.298560515100093
train,2026-01-26,btcusdt,bybit,sell,-1,354,0.5553705408233596,2.291993807756421
train,2026-01-26,btcusdt,bybit,buy,0,667,0.0,0.0
train,2026-01-26,btcusdt,bybit,sell,0,354,0.0,0.0
train,2026-01-26,btcusdt,bybit,buy,1,667,-0.47494549388500396,3.2282213113034834
train,2026-01-26,btcusdt,bybit,sell,1,354,0.037148209947537036,1.4056006545623063
train,2026-01-26,btcusdt,bybit,buy,5,667,-1.1905767550906745,5.373566509737031
train,2026-01-26,btcusdt,bybit,sell,5,354,0.5689246220297408,2.9876514545271955
train,2026-01-26,btcusdt,bybit,buy,10,667,-1.4304439427063136,6.2178835106692745
train,2026-01-26,btcusdt,bybit,sell,10,354,1.717024261113877,4.5044228917711955
train,2026-01-26,btcusdt,bybit,buy,30,667,-1.9926699114140316,9.803217518653803
train,2026-01-26,btcusdt,bybit,sell,30,354,0.42070007468296744,6.233654650237851
train,2026-01-26,btcusdt,bybit,buy,60,667,-6.040415343922373,14.282021287712691
train,2026-01-26,btcusdt,bybit,sell,60,354,-0.36631940837827015,9.966091326476096
train,2026-01-26,btcusdt,bybit,buy,120,667,-8.10476255301157,15.012583660896556
train,2026-01-26,btcusdt,bybit,sell,120,354,2.189034693403237,16.569634203708773
train,2026-01-26,btcusdt,bybit,buy,300,667,-4.986937880219157,14.66804626218305
train,2026-01-26,btcusdt,bybit,sell,300,354,16.557418917905757,32.88697785963715
train,2026-01-27,btcusdt,binance,buy,-300,411,-24.9330625719033,17.099561766597613
train,2026-01-27,btcusdt,binance,sell,-300,388,18.348751534477046,16.431058382325617
train,2026-01-27,btcusdt,binance,buy,-120,411,-17.35213582960489,11.126560155841798
train,2026-01-27,btcusdt,binance,sell,-120,388,10.789438303415563,9.767091521688732
train,2026-01-27,btcusdt,binance,buy,-60,411,-13.676582402082008,9.275359878929281
train,2026-01-27,btcusdt,binance,sell,-60,388,7.581405757617194,7.081672469773723
train,2026-01-27,btcusdt,binance,buy,-30,411,-10.242499503959362,7.743460741055577
train,2026-01-27,btcusdt,binance,sell,-30,388,5.795698515971795,5.459084112553206
train,2026-01-27,btcusdt,binance,buy,-10,411,-5.360680901432004,4.529939913841165
train,2026-01-27,btcusdt,binance,sell,-10,388,3.1085846948877736,3.4396912637079233
train,2026-01-27,btcusdt,binance,buy,-5,411,-3.586694734319236,3.6388088068767277
train,2026-01-27,btcusdt,binance,sell,-5,388,2.028337497629899,2.633352457015783
train,2026-01-27,btcusdt,binance,buy,-1,411,-0.27342704565512777,1.501800962556975
train,2026-01-27,btcusdt,binance,sell,-1,388,0.037202741338930194,1.03770174566108
train,2026-01-27,btcusdt,binance,buy,0,411,0.0,0.0
train,2026-01-27,btcusdt,binance,sell,0,388,0.0,0.0
train,2026-01-27,btcusdt,binance,buy,1,411,0.07491639883468146,1.364281358151926
train,2026-01-27,btcusdt,binance,sell,1,388,0.01704356117761739,1.1081330992907268
train,2026-01-27,btcusdt,binance,buy,5,411,-0.0450158865042057,3.0629331172444405
train,2026-01-27,btcusdt,binance,sell,5,388,0.2397607502784569,1.9713290180767689
train,2026-01-27,btcusdt,binance,buy,10,411,-0.0763639204120228,4.170856169591273
train,2026-01-27,btcusdt,binance,sell,10,388,0.5143148254746537,2.921708764373134
train,2026-01-27,btcusdt,binance,buy,30,411,-0.1866488669732225,7.396778102490808
train,2026-01-27,btcusdt,binance,sell,30,388,1.5766622715966336,4.86717236501129
train,2026-01-27,btcusdt,binance,buy,60,411,0.10580279796662524,9.020532348183618
train,2026-01-27,btcusdt,binance,sell,60,388,1.5378793318114214,6.9038714206330045
train,2026-01-27,btcusdt,binance,buy,120,411,1.4498528656726506,13.25797079528823
train,2026-01-27,btcusdt,binance,sell,120,388,1.2564683778785446,9.04962322429085
train,2026-01-27,btcusdt,binance,buy,300,411,-0.4702327025579588,16.687161166859404
train,2026-01-27,btcusdt,binance,sell,300,388,-0.5422300693689868,14.550382854652286
train,2026-01-27,btcusdt,bybit,buy,-300,658,-35.575079374069325,17.121349670047007
train,2026-01-27,btcusdt,bybit,sell,-300,315,27.43957213066893,16.179346531374723
train,2026-01-27,btcusdt,bybit,buy,-120,658,-23.7348133100559,12.252628791409496
train,2026-01-27,btcusdt,bybit,sell,-120,315,17.433511918084527,11.849781693494108
train,2026-01-27,btcusdt,bybit,buy,-60,658,-17.832699972475446,9.305497883602236
train,2026-01-27,btcusdt,bybit,sell,-60,315,12.65339774534363,9.075940720313495
train,2026-01-27,btcusdt,bybit,buy,-30,658,-14.641359440931774,9.099902936209423
train,2026-01-27,btcusdt,bybit,sell,-30,315,9.511929790085407,6.570586542742405
train,2026-01-27,btcusdt,bybit,buy,-10,658,-8.267515564750372,4.907835901590075
train,2026-01-27,btcusdt,bybit,sell,-10,315,6.0180371562973125,4.447633201460391
train,2026-01-27,btcusdt,bybit,buy,-5,658,-6.211274333625916,4.33147328195921
train,2026-01-27,btcusdt,bybit,sell,-5,315,5.0201128078659645,4.374479581483631
train,2026-01-27,btcusdt,bybit,buy,-1,658,-0.800616837224222,2.525455223051661
train,2026-01-27,btcusdt,bybit,sell,-1,315,0.9442250293801863,2.68231804288916
train,2026-01-27,btcusdt,bybit,buy,0,658,0.0,0.0
train,2026-01-27,btcusdt,bybit,sell,0,315,0.0,0.0
train,2026-01-27,btcusdt,bybit,buy,1,658,0.40969368733229344,1.9375663274358863
train,2026-01-27,btcusdt,bybit,sell,1,315,0.26494557039078337,1.8111593307409883
train,2026-01-27,btcusdt,bybit,buy,5,658,-0.2946605819122858,3.7953983051739497
train,2026-01-27,btcusdt,bybit,sell,5,315,0.43143997553791935,2.432224671479702
train,2026-01-27,btcusdt,bybit,buy,10,658,-0.6059191128978514,4.758201629266659
train,2026-01-27,btcusdt,bybit,sell,10,315,1.5958384277018514,4.008852173088702
train,2026-01-27,btcusdt,bybit,buy,30,658,-0.6606701232807,7.63177784255781
train,2026-01-27,btcusdt,bybit,sell,30,315,5.435323836248013,7.926369369817494
train,2026-01-27,btcusdt,bybit,buy,60,658,0.03497300106290858,8.659269146974259
train,2026-01-27,btcusdt,bybit,sell,60,315,5.5291274458836,9.622819276929503
train,2026-01-27,btcusdt,bybit,buy,120,658,2.13415645931017,13.886466460317985
train,2026-01-27,btcusdt,bybit,sell,120,315,4.477781661939125,11.707883596252838
train,2026-01-27,btcusdt,bybit,buy,300,658,-3.0083410351546434,16.910867339997484
train,2026-01-27,btcusdt,bybit,sell,300,315,-0.8325766664680316,14.40912277850129
train,2026-01-28,btcusdt,binance,buy,-300,359,-19.494567024003118,16.42022045252077
train,2026-01-28,btcusdt,binance,sell,-300,386,20.70950619212245,17.09666388797697
train,2026-01-28,btcusdt,binance,buy,-120,359,-14.834896132980722,11.133767144851067
train,2026-01-28,btcusdt,binance,sell,-120,386,14.099346404062327,12.895004994267325
train,2026-01-28,btcusdt,binance,buy,-60,359,-11.742037007895162,8.706762117724226
train,2026-01-28,btcusdt,binance,sell,-60,386,11.05919678837582,10.437175173034607
train,2026-01-28,btcusdt,binance,buy,-30,359,-9.127837327789033,7.703770582580852
train,2026-01-28,btcusdt,binance,sell,-30,386,7.617187934882341,6.725766675460998
train,2026-01-28,btcusdt,binance,buy,-10,359,-5.390971684725542,5.459216596786534
train,2026-01-28,btcusdt,binance,sell,-10,386,4.067842300248793,4.380219040822936
train,2026-01-28,btcusdt,binance,buy,-5,359,-3.6922639789566025,4.253518124551828
train,2026-01-28,btcusdt,binance,sell,-5,386,2.5851371543094572,3.3120891184857912
train,2026-01-28,btcusdt,binance,buy,-1,359,-0.21328784567550998,1.79959728776871
train,2026-01-28,btcusdt,binance,sell,-1,386,-0.05175907509326341,1.3577433878901433
train,2026-01-28,btcusdt,binance,buy,0,359,0.0,0.0
train,2026-01-28,btcusdt,binance,sell,0,386,0.0,0.0
train,2026-01-28,btcusdt,binance,buy,1,359,-0.02719909252937945,1.4190333018538663
train,2026-01-28,btcusdt,binance,sell,1,386,0.10411928621088715,1.3627809958787007
train,2026-01-28,btcusdt,binance,buy,5,359,-0.3486572765450424,2.9790079755518653
train,2026-01-28,btcusdt,binance,sell,5,386,0.07890338584851415,2.6953210084312493
train,2026-01-28,btcusdt,binance,buy,10,359,-0.8833587717299786,3.976193991129665
train,2026-01-28,btcusdt,binance,sell,10,386,0.11734394230628178,3.765918065813378
train,2026-01-28,btcusdt,binance,buy,30,359,-1.7808561286935538,6.847283254846558
train,2026-01-28,btcusdt,binance,sell,30,386,0.17366557144974132,6.372294260514041
train,2026-01-28,btcusdt,binance,buy,60,359,-3.3122514591690595,9.90339893329857
train,2026-01-28,btcusdt,binance,sell,60,386,-0.7113158829995564,8.645621472670795
train,2026-01-28,btcusdt,binance,buy,120,359,-3.0539887565816106,13.471721298178128
train,2026-01-28,btcusdt,binance,sell,120,386,-0.03726543205835994,11.93201951991457
train,2026-01-28,btcusdt,binance,buy,300,359,-5.011707715169524,16.85492184745103
train,2026-01-28,btcusdt,binance,sell,300,386,1.967994492401651,15.374846034880266
train,2026-01-28,btcusdt,bybit,buy,-300,619,-31.88239458929989,20.02011912788344
train,2026-01-28,btcusdt,bybit,sell,-300,298,26.75296519728914,16.60204492175845
train,2026-01-28,btcusdt,bybit,buy,-120,619,-21.707863961575406,12.671758330772587
train,2026-01-28,btcusdt,bybit,sell,-120,298,19.804864786311082,15.123074333394754
train,2026-01-28,btcusdt,bybit,buy,-60,619,-16.62910624480209,8.017002123222854
train,2026-01-28,btcusdt,bybit,sell,-60,298,14.584633898452699,12.09414404060569
train,2026-01-28,btcusdt,bybit,buy,-30,619,-14.693545402489173,7.889709023883485
train,2026-01-28,btcusdt,bybit,sell,-30,298,9.823477715214645,7.342501993460554
train,2026-01-28,btcusdt,bybit,buy,-10,619,-9.859700267399647,6.200935832777143
train,2026-01-28,btcusdt,bybit,sell,-10,298,6.906194121193393,5.810419515495316
train,2026-01-28,btcusdt,bybit,buy,-5,619,-7.139852056778283,5.206071282316447
train,2026-01-28,btcusdt,bybit,sell,-5,298,4.8447817408754075,4.119223840828749
train,2026-01-28,btcusdt,bybit,buy,-1,619,-1.142280734199432,2.6584049816156954
train,2026-01-28,btcusdt,bybit,sell,-1,298,0.42561501296266163,1.7540512516955822
train,2026-01-28,btcusdt,bybit,buy,0,619,0.0,0.0
train,2026-01-28,btcusdt,bybit,sell,0,298,0.0,0.0
train,2026-01-28,btcusdt,bybit,buy,1,619,-0.10242718093288104,2.0902180365358976
train,2026-01-28,btcusdt,bybit,sell,1,298,-0.13433799246965236,1.6183078328195482
train,2026-01-28,btcusdt,bybit,buy,5,619,-0.9036623235491482,4.393138362744089
train,2026-01-28,btcusdt,bybit,sell,5,298,0.33416116146761654,4.273466471993048
train,2026-01-28,btcusdt,bybit,buy,10,619,-1.2613936994682036,5.326461715595744
train,2026-01-28,btcusdt,bybit,sell,10,298,0.7536764170176349,4.60592496298522
train,2026-01-28,btcusdt,bybit,buy,30,619,-5.321605319731854,7.176401822719775
train,2026-01-28,btcusdt,bybit,sell,30,298,2.0487475909327664,8.498889666056792
train,2026-01-28,btcusdt,bybit,buy,60,619,-8.275983951820763,9.186330009725722
train,2026-01-28,btcusdt,bybit,sell,60,298,1.6347977232976574,10.802291407843294
train,2026-01-28,btcusdt,bybit,buy,120,619,-5.966532829477007,12.596624439925355
train,2026-01-28,btcusdt,bybit,sell,120,298,4.527787823622654,15.12011388254592
train,2026-01-28,btcusdt,bybit,buy,300,619,-8.480149008812347,19.686561641641525
train,2026-01-28,btcusdt,bybit,sell,300,298,7.824584698734319,18.23589252456206
train,2026-01-29,btcusdt,binance,buy,-300,353,-19.64017201155293,23.811674724983302
train,2026-01-29,btcusdt,binance,sell,-300,1379,34.58980420430665,25.271526801759027
train,2026-01-29,btcusdt,binance,buy,-120,353,-16.83690649448982,15.06486213367318
train,2026-01-29,btcusdt,binance,sell,-120,1379,19.50806241127041,15.699271048224045
train,2026-01-29,btcusdt,binance,buy,-60,353,-13.565273056232584,12.07531715902676
train,2026-01-29,btcusdt,binance,sell,-60,1379,15.437430351231429,12.083370829662424
train,2026-01-29,btcusdt,binance,buy,-30,353,-10.58278488073539,8.576864907271478
train,2026-01-29,btcusdt,binance,sell,-30,1379,10.584959079036501,9.288822887373321
train,2026-01-29,btcusdt,binance,buy,-10,353,-5.770800796704256,4.971525023394125
train,2026-01-29,btcusdt,binance,sell,-10,1379,5.569261725255593,6.06929553952825
train,2026-01-29,btcusdt,binance,buy,-5,353,-3.7609185447018296,3.7207156226740006
train,2026-01-29,btcusdt,binance,sell,-5,1379,3.2097675649996398,4.355388605034903
train,2026-01-29,btcusdt,binance,buy,-1,353,-0.20567361556092845,1.5860805094950856
train,2026-01-29,btcusdt,binance,sell,-1,1379,0.1841258782444046,1.950913090743094
train,2026-01-29,btcusdt,binance,buy,0,353,0.0,0.0
train,2026-01-29,btcusdt,binance,sell,0,1379,0.0,0.0
train,2026-01-29,btcusdt,binance,buy,1,353,-0.037521881919783465,1.471477772822907
train,2026-01-29,btcusdt,binance,sell,1,1379,-0.13038026654755774,1.8511984198501585
train,2026-01-29,btcusdt,binance,buy,5,353,-0.26824691573704895,3.5627344969365478
train,2026-01-29,btcusdt,binance,sell,5,1379,-0.207473033532208,4.413082771075729
train,2026-01-29,btcusdt,binance,buy,10,353,-0.38431476844605994,4.790163205051182
train,2026-01-29,btcusdt,binance,sell,10,1379,-0.1552747765232667,6.348565754950366
train,2026-01-29,btcusdt,binance,buy,30,353,0.12970963001386715,7.689787693697699
train,2026-01-29,btcusdt,binance,sell,30,1379,-0.2601982017119119,10.008169372061692
train,2026-01-29,btcusdt,binance,buy,60,353,-0.7815704164968356,10.009567808624706
train,2026-01-29,btcusdt,binance,sell,60,1379,-0.2947634642868655,14.296239700170956
train,2026-01-29,btcusdt,binance,buy,120,353,-2.3941557796536865,13.88064411417042
train,2026-01-29,btcusdt,binance,sell,120,1379,-1.3194904620415122,17.195962217977417
train,2026-01-29,btcusdt,binance,buy,300,353,-4.762969286669815,21.65160241360469
train,2026-01-29,btcusdt,binance,sell,300,1379,-8.74124386304518,27.1831644293508
train,2026-01-29,btcusdt,bybit,buy,-300,240,-26.251320396170453,29.48682237003586
train,2026-01-29,btcusdt,bybit,sell,-300,5677,54.17845421049444,20.817978014845494
train,2026-01-29,btcusdt,bybit,buy,-120,240,-18.4687859347103,19.737347430411834
train,2026-01-29,btcusdt,bybit,sell,-120,5677,33.081418383955864,15.25987883703966
train,2026-01-29,btcusdt,bybit,buy,-60,240,-13.529018463916072,16.078257397212706
train,2026-01-29,btcusdt,bybit,sell,-60,5677,27.433656281926744,12.11076230980568
train,2026-01-29,btcusdt,bybit,buy,-30,240,-9.841735657129128,12.255908070518027
train,2026-01-29,btcusdt,bybit,sell,-30,5677,20.010955110148515,10.202764207100815
train,2026-01-29,btcusdt,bybit,buy,-10,240,-6.045681307950428,6.1917851460136735
train,2026-01-29,btcusdt,bybit,sell,-10,5677,13.654249643251832,8.636199725468197
train,2026-01-29,btcusdt,bybit,buy,-5,240,-4.161193577646369,4.513723339588751
train,2026-01-29,btcusdt,bybit,sell,-5,5677,9.850657195615264,6.897828188011191
train,2026-01-29,btcusdt,bybit,buy,-1,240,-0.3274150237121757,2.301351744799288
train,2026-01-29,btcusdt,bybit,sell,-1,5677,1.4882220890350897,3.0466762054617305
train,2026-01-29,btcusdt,bybit,buy,0,240,0.0,0.0
train,2026-01-29,btcusdt,bybit,sell,0,5677,0.0,0.0
train,2026-01-29,btcusdt,bybit,buy,1,240,-0.042119231243698936,1.7541643139588656
train,2026-01-29,btcusdt,bybit,sell,1,5677,-0.5996904135656439,2.928954556428821
train,2026-01-29,btcusdt,bybit,buy,5,240,-0.6822485611012762,3.335673489219882
train,2026-01-29,btcusdt,bybit,sell,5,5677,-0.10212001617724903,6.273774874532732
train,2026-01-29,btcusdt,bybit,buy,10,240,-0.8081128323440847,4.584092122480094
train,2026-01-29,btcusdt,bybit,sell,10,5677,0.1672057778033669,8.496607303965538
train,2026-01-29,btcusdt,bybit,buy,30,240,-0.8400715304089764,7.280024066583428
train,2026-01-29,btcusdt,bybit,sell,30,5677,2.436413396437503,13.103411539133363
train,2026-01-29,btcusdt,bybit,buy,60,240,-1.8616502308809904,9.67342454688831
train,2026-01-29,btcusdt,bybit,sell,60,5677,3.5639656912535647,18.000206140435353
train,2026-01-29,btcusdt,bybit,buy,120,240,-4.211421934812444,14.730139484120286
train,2026-01-29,btcusdt,bybit,sell,120,5677,-1.9687876089841758,21.078328702906116
train,2026-01-29,btcusdt,bybit,buy,300,240,-6.190465281370687,23.21004604566014
train,2026-01-29,btcusdt,bybit,sell,300,5677,-8.609275034897516,30.54795804463586
train,2026-01-30,btcusdt,binance,buy,-300,855,-23.981655005586877,35.67487962456689
train,2026-01-30,btcusdt,binance,sell,-300,1269,37.6026554842512,43.02653567283123
train,2026-01-30,btcusdt,binance,buy,-120,855,-19.963839739866128,19.826038546903224
train,2026-01-30,btcusdt,binance,sell,-120,1269,23.069113582834778,26.690841625540596
train,2026-01-30,btcusdt,binance,buy,-60,855,-16.643278910184378,15.294825983363461
train,2026-01-30,btcusdt,binance,sell,-60,1269,16.397331610983752,19.248101441616893
train,2026-01-30,btcusdt,binance,buy,-30,855,-12.16471908941778,10.107566756889796
train,2026-01-30,btcusdt,binance,sell,-30,1269,12.537971359390097,17.86418134074209
train,2026-01-30,btcusdt,binance,buy,-10,855,-7.589480972918089,7.744317077385924
train,2026-01-30,btcusdt,binance,sell,-10,1269,7.021917280650611,10.641410865344728
train,2026-01-30,btcusdt,binance,buy,-5,855,-4.855195211566099,5.54271522772593
train,2026-01-30,btcusdt,binance,sell,-5,1269,4.048877528223677,7.280308096857032
train,2026-01-30,btcusdt,binance,buy,-1,855,-0.3353604311467423,2.180681705191428
train,2026-01-30,btcusdt,binance,sell,-1,1269,0.14661679588009105,3.1043230830543695
train,2026-01-30,btcusdt,binance,buy,0,855,0.0,0.0
train,2026-01-30,btcusdt,binance,sell,0,1269,0.0,0.0
train,2026-01-30,btcusdt,binance,buy,1,855,-0.022810269106984138,1.9841442610116873
train,2026-01-30,btcusdt,binance,sell,1,1269,-0.059206468958844474,3.1419736079684593
train,2026-01-30,btcusdt,binance,buy,5,855,-0.420928394617605,4.407524872732045
train,2026-01-30,btcusdt,binance,sell,5,1269,0.1365870498924804,8.442233418026358
train,2026-01-30,btcusdt,binance,buy,10,855,-0.4964453966605273,5.792627512608233
train,2026-01-30,btcusdt,binance,sell,10,1269,0.448829321687293,11.987833840527074
train,2026-01-30,btcusdt,binance,buy,30,855,-0.442443458533984,9.601223607686116
train,2026-01-30,btcusdt,binance,sell,30,1269,0.8599333601677253,13.414074684391377
train,2026-01-30,btcusdt,binance,buy,60,855,-0.9080708621530488,14.589019046227616
train,2026-01-30,btcusdt,binance,sell,60,1269,0.01911001787234559,17.539021280906514
train,2026-01-30,btcusdt,binance,buy,120,855,-0.8649244057472467,18.57998619325126
train,2026-01-30,btcusdt,binance,sell,120,1269,-0.3490861574802639,22.05386367852896
train,2026-01-30,btcusdt,binance,buy,300,855,2.08817266847015,26.05405915731222
train,2026-01-30,btcusdt,binance,sell,300,1269,-3.638059941892342,40.75767884242125
train,2026-01-30,btcusdt,bybit,buy,-300,845,-36.09018030946799,37.10789460079744
train,2026-01-30,btcusdt,bybit,sell,-300,5638,153.39215747681556,75.20061105331
train,2026-01-30,btcusdt,bybit,buy,-120,845,-26.403637362479717,23.088787031652487
train,2026-01-30,btcusdt,bybit,sell,-120,5638,101.11386627926503,59.14119276976263
train,2026-01-30,btcusdt,bybit,buy,-60,845,-22.02547190524801,18.243581884231943
train,2026-01-30,btcusdt,bybit,sell,-60,5638,68.23023141594832,41.08977015328199
train,2026-01-30,btcusdt,bybit,buy,-30,845,-15.035460901553222,14.146845454687798
train,2026-01-30,btcusdt,bybit,sell,-30,5638,71.5337578659677,45.45882426468231
train,2026-01-30,btcusdt,bybit,buy,-10,845,-9.511808931941175,8.681338509082611
train,2026-01-30,btcusdt,bybit,sell,-10,5638,42.17465623356841,23.571658379950044
train,2026-01-30,btcusdt,bybit,buy,-5,845,-6.744160146303671,6.298976698235018
train,2026-01-30,btcusdt,bybit,sell,-5,5638,27.705064796811055,16.68527030409269
train,2026-01-30,btcusdt,bybit,buy,-1,845,-0.9305613663299909,2.7361090174204667
train,2026-01-30,btcusdt,bybit,sell,-1,5638,5.756583163616687,7.209181167617921
train,2026-01-30,btcusdt,bybit,buy,0,845,0.0,0.0
train,2026-01-30,btcusdt,bybit,sell,0,5638,0.0,0.0
train,2026-01-30,btcusdt,bybit,buy,1,845,-0.1895487059708011,2.9035948059228076
train,2026-01-30,btcusdt,bybit,sell,1,5638,-1.8752937318571778,7.85285974979395
train,2026-01-30,btcusdt,bybit,buy,5,845,-1.111214487312872,5.975453082120835
train,2026-01-30,btcusdt,bybit,sell,5,5638,2.287777923269878,23.915973431631308
train,2026-01-30,btcusdt,bybit,buy,10,845,-0.9890974554279947,7.538550897092085
train,2026-01-30,btcusdt,bybit,sell,10,5638,10.582104372247011,42.212320182229355
train,2026-01-30,btcusdt,bybit,buy,30,845,-0.7441783155896318,10.343178561636625
train,2026-01-30,btcusdt,bybit,sell,30,5638,20.2940021000263,28.897267116071657
train,2026-01-30,btcusdt,bybit,buy,60,845,-2.45066199752499,15.728360581734506
train,2026-01-30,btcusdt,bybit,sell,60,5638,18.267957053793353,43.53127305215492
train,2026-01-30,btcusdt,bybit,buy,120,845,-2.419111738957735,17.58079771138786
train,2026-01-30,btcusdt,bybit,sell,120,5638,14.308042402613463,51.296320111482224
train,2026-01-30,btcusdt,bybit,buy,300,845,4.248754371021337,25.42862029752794
train,2026-01-30,btcusdt,bybit,sell,300,5638,-5.457286789692789,81.31580997098965
train,2026-01-31,btcusdt,binance,buy,-300,724,-13.309474387041657,54.86747392533754
train,2026-01-31,btcusdt,binance,sell,-300,1742,41.25803946473467,48.483337366564555
train,2026-01-31,btcusdt,binance,buy,-120,724,-20.53679219540475,47.98099241761943
train,2026-01-31,btcusdt,binance,sell,-120,1742,27.596501643725404,32.204095182265085
train,2026-01-31,btcusdt,binance,buy,-60,724,-20.197252575976055,37.29468441256223
train,2026-01-31,btcusdt,binance,sell,-60,1742,21.134592916788897,27.830621287623583
train,2026-01-31,btcusdt,binance,buy,-30,724,-18.129525985665616,24.422946021129757
train,2026-01-31,btcusdt,binance,sell,-30,1742,15.639366264368263,19.51014579038591
train,2026-01-31,btcusdt,binance,buy,-10,724,-11.92025578534498,15.317353871012992
train,2026-01-31,btcusdt,binance,sell,-10,1742,8.263126371434607,12.472653214978841
train,2026-01-31,btcusdt,binance,buy,-5,724,-7.521225854933958,10.209583130858034
train,2026-01-31,btcusdt,binance,sell,-5,1742,4.869264815534395,8.797162118896136
train,2026-01-31,btcusdt,binance,buy,-1,724,-0.41731489968665125,4.125769747721705
train,2026-01-31,btcusdt,binance,sell,-1,1742,0.2184506850255209,3.992047327423847
train,2026-01-31,btcusdt,binance,buy,0,724,0.0,0.0
train,2026-01-31,btcusdt,binance,sell,0,1742,0.0,0.0
train,2026-01-31,btcusdt,binance,buy,1,724,0.030037404907194476,4.151770378378593
train,2026-01-31,btcusdt,binance,sell,1,1742,-0.06035601569610676,3.9552720871321085
train,2026-01-31,btcusdt,binance,buy,5,724,-0.6690569082350304,9.792796829356476
train,2026-01-31,btcusdt,binance,sell,5,1742,0.2560661080389398,10.314288791577585
train,2026-01-31,btcusdt,binance,buy,10,724,-1.0026313582301878,13.703195665041996
train,2026-01-31,btcusdt,binance,sell,10,1742,0.4149747426182019,14.217383530615052
train,2026-01-31,btcusdt,binance,buy,30,724,-0.21458053013073064,21.718345515413148
train,2026-01-31,btcusdt,binance,sell,30,1742,-0.2732382715760642,24.304603935896687
train,2026-01-31,btcusdt,binance,buy,60,724,-1.689472558565045,28.753410165961142
train,2026-01-31,btcusdt,binance,sell,60,1742,2.6211250156816086,28.89081464957719
train,2026-01-31,btcusdt,binance,buy,120,724,-0.7152175475478472,40.04208571479847
train,2026-01-31,btcusdt,binance,sell,120,1742,3.48569185263126,37.26220700186327
train,2026-01-31,btcusdt,binance,buy,300,724,-4.242763289953364,48.77206796218131
train,2026-01-31,btcusdt,binance,sell,300,1742,0.12536423835195876,49.828265394105536
train,2026-01-31,btcusdt,bybit,buy,-300,872,-31.63068184620383,72.40284122632161
train,2026-01-31,btcusdt,bybit,sell,-300,13427,121.72154037391536,68.86010554454464
train,2026-01-31,btcusdt,bybit,buy,-120,872,-35.06845825099493,67.15236491323994
train,2026-01-31,btcusdt,bybit,sell,-120,13427,86.50574640163471,58.0481697763819
train,2026-01-31,btcusdt,bybit,buy,-60,872,-35.512306715178966,57.09188490179069
train,2026-01-31,btcusdt,bybit,sell,-60,13427,75.13724885859497,57.61477266274487
train,2026-01-31,btcusdt,bybit,buy,-30,872,-27.70977435397002,35.7048643694812
train,2026-01-31,btcusdt,bybit,sell,-30,13427,54.86353649555648,42.75623305526447
train,2026-01-31,btcusdt,bybit,buy,-10,872,-18.34282550087385,25.09395142009475
train,2026-01-31,btcusdt,bybit,sell,-10,13427,34.55134357290287,28.902583010908476
train,2026-01-31,btcusdt,bybit,buy,-5,872,-12.915467785253245,15.422235582371835
train,2026-01-31,btcusdt,bybit,sell,-5,13427,21.621423799507255,15.789165737084588
train,2026-01-31,btcusdt,bybit,buy,-1,872,-1.9966840604064064,6.137730301853237
train,2026-01-31,btcusdt,bybit,sell,-1,13427,3.242852186231209,8.035111672632086
train,2026-01-31,btcusdt,bybit,buy,0,872,0.0,0.0
train,2026-01-31,btcusdt,bybit,sell,0,13427,0.0,0.0
train,2026-01-31,btcusdt,bybit,buy,1,872,0.35904570917483747,5.46633094878525
train,2026-01-31,btcusdt,bybit,sell,1,13427,-0.4636235145179009,7.925956158863908
train,2026-01-31,btcusdt,bybit,buy,5,872,-2.341106823943652,14.210981512863036
train,2026-01-31,btcusdt,bybit,sell,5,13427,0.07113539715988977,24.892896534068644
train,2026-01-31,btcusdt,bybit,buy,10,872,-2.5096497387131342,17.908416669920033
train,2026-01-31,btcusdt,bybit,sell,10,13427,8.830100408657858,32.902420622327746
train,2026-01-31,btcusdt,bybit,buy,30,872,-1.0247283707942796,28.85194328645549
train,2026-01-31,btcusdt,bybit,sell,30,13427,9.134813906395497,57.56832256043206
train,2026-01-31,btcusdt,bybit,buy,60,872,0.11794115173305687,35.02988995135208
train,2026-01-31,btcusdt,bybit,sell,60,13427,35.69496903817357,70.35960736878927
train,2026-01-31,btcusdt,bybit,buy,120,872,6.84756809614829,48.53307162707018
train,2026-01-31,btcusdt,bybit,sell,120,13427,50.4572591420706,91.85742916429683
train,2026-01-31,btcusdt,bybit,buy,300,872,3.092898979577173,57.87178614756777
train,2026-01-31,btcusdt,bybit,sell,300,13427,54.231691657119825,113.36566371187688
validation,2026-02-01,btcusdt,binance,buy,-300,760,-29.017173608423217,29.284675564466042
validation,2026-02-01,btcusdt,binance,sell,-300,1365,33.05151029367306,33.45086735825865
validation,2026-02-01,btcusdt,binance,buy,-120,760,-23.080230595373475,20.652929716610046
validation,2026-02-01,btcusdt,binance,sell,-120,1365,22.24376403025769,20.00063690138981
validation,2026-02-01,btcusdt,binance,buy,-60,760,-17.6261636091333,13.699263130538336
validation,2026-02-01,btcusdt,binance,sell,-60,1365,15.800413419638321,14.49058616948028
validation,2026-02-01,btcusdt,binance,buy,-30,760,-13.025129063181732,9.81210014690946
validation,2026-02-01,btcusdt,binance,sell,-30,1365,11.29981241006061,10.342917785046616
validation,2026-02-01,btcusdt,binance,buy,-10,760,-8.037558194704804,7.310574779553319
validation,2026-02-01,btcusdt,binance,sell,-10,1365,5.934022256215691,6.0455957196058625
validation,2026-02-01,btcusdt,binance,buy,-5,760,-5.061446288696223,5.004028989669007
validation,2026-02-01,btcusdt,binance,sell,-5,1365,3.5293048056522895,4.333722685505564
validation,2026-02-01,btcusdt,binance,buy,-1,760,-0.4836106747729886,2.218161779334973
validation,2026-02-01,btcusdt,binance,sell,-1,1365,0.11339469539867059,2.1811999791569257
validation,2026-02-01,btcusdt,binance,buy,0,760,0.0,0.0
validation,2026-02-01,btcusdt,binance,sell,0,1365,0.0,0.0
validation,2026-02-01,btcusdt,binance,buy,1,760,-0.0026452804132422116,2.341813326589688
validation,2026-02-01,btcusdt,binance,sell,1,1365,-0.10240702026428442,2.0070353528997935
validation,2026-02-01,btcusdt,binance,buy,5,760,0.23735831294456083,4.709456637258408
validation,2026-02-01,btcusdt,binance,sell,5,1365,-0.1320003391459491,4.610420685291261
validation,2026-02-01,btcusdt,binance,buy,10,760,0.48070687927060685,6.276157677943556
validation,2026-02-01,btcusdt,binance,sell,10,1365,0.23195843587485854,6.974845917060198
validation,2026-02-01,btcusdt,binance,buy,30,760,0.5237691731875082,10.252510238951071
validation,2026-02-01,btcusdt,binance,sell,30,1365,0.8213391309658197,11.160580205480708
validation,2026-02-01,btcusdt,binance,buy,60,760,0.09742234786485274,14.757607461975281
validation,2026-02-01,btcusdt,binance,sell,60,1365,0.31466740356247225,16.437781331092044
validation,2026-02-01,btcusdt,binance,buy,120,760,0.4590302069126935,19.05961084758032
validation,2026-02-01,btcusdt,binance,sell,120,1365,0.19645958703671962,22.8731182388494
validation,2026-02-01,btcusdt,binance,buy,300,760,-2.1668676259720603,27.346074807338994
validation,2026-02-01,btcusdt,binance,sell,300,1365,4.568019765734361,36.22233995459275
validation,2026-02-01,btcusdt,bybit,buy,-300,679,-39.33996075749036,27.996377907463426
validation,2026-02-01,btcusdt,bybit,sell,-300,2027,63.532395424544944,45.51830194215569
validation,2026-02-01,btcusdt,bybit,buy,-120,679,-30.349542113082112,19.88848501862077
validation,2026-02-01,btcusdt,bybit,sell,-120,2027,39.32370144673509,30.511337483374554
validation,2026-02-01,btcusdt,bybit,buy,-60,679,-22.18034974186728,13.076262801808607
validation,2026-02-01,btcusdt,bybit,sell,-60,2027,27.945989501896634,22.239623370897377
validation,2026-02-01,btcusdt,bybit,buy,-30,679,-17.43794242679074,10.234584527005506
validation,2026-02-01,btcusdt,bybit,sell,-30,2027,19.56914180788666,12.95163452980421
validation,2026-02-01,btcusdt,bybit,buy,-10,679,-11.429115428445861,7.9372448622491385
validation,2026-02-01,btcusdt,bybit,sell,-10,2027,10.657276986506076,6.935024142285278
validation,2026-02-01,btcusdt,bybit,buy,-5,679,-8.297182142071165,5.85852622891576
validation,2026-02-01,btcusdt,bybit,sell,-5,2027,7.776840678619552,6.6854391214930375
validation,2026-02-01,btcusdt,bybit,buy,-1,679,-1.2689290236936024,2.782290769358572
validation,2026-02-01,btcusdt,bybit,sell,-1,2027,0.4535119161937718,3.8099349798246513
validation,2026-02-01,btcusdt,bybit,buy,0,679,0.0,0.0
validation,2026-02-01,btcusdt,bybit,sell,0,2027,0.0,0.0
validation,2026-02-01,btcusdt,bybit,buy,1,679,0.23865543013379759,2.437281224266642
validation,2026-02-01,btcusdt,bybit,sell,1,2027,0.18794636353593827,3.58452253517232
validation,2026-02-01,btcusdt,bybit,buy,5,679,0.12294386128616376,5.452286425102663
validation,2026-02-01,btcusdt,bybit,sell,5,2027,1.7128047839542584,6.67838163512725
validation,2026-02-01,btcusdt,bybit,buy,10,679,-0.006529481539069035,7.039041412594926
validation,2026-02-01,btcusdt,bybit,sell,10,2027,2.747067278753174,10.500836424372192
validation,2026-02-01,btcusdt,bybit,buy,30,679,-0.9350351029865052,11.537327480070894
validation,2026-02-01,btcusdt,bybit,sell,30,2027,4.233699260209959,14.356783311406534
validation,2026-02-01,btcusdt,bybit,buy,60,679,-2.4126661149087436,15.668015041807731
validation,2026-02-01,btcusdt,bybit,sell,60,2027,3.4026771741350488,18.945832929915746
validation,2026-02-01,btcusdt,bybit,buy,120,679,-0.9512297518325631,19.33938939103601
validation,2026-02-01,btcusdt,bybit,sell,120,2027,2.051054472862594,25.832953556499675
validation,2026-02-01,btcusdt,bybit,buy,300,679,-9.095445305805754,27.667816910337496
validation,2026-02-01,btcusdt,bybit,sell,300,2027,19.02505697956282,49.13329899211466
validation,2026-02-02,btcusdt,binance,buy,-300,1004,-37.05517485244506,39.71590184554132
validation,2026-02-02,btcusdt,binance,sell,-300,1202,32.90195618713099,30.62249105166983
validation,2026-02-02,btcusdt,binance,buy,-120,1004,-29.171851064560474,26.616366350808175
validation,2026-02-02,btcusdt,binance,sell,-120,1202,22.05849465864128,17.085103411701734
validation,2026-02-02,btcusdt,binance,buy,-60,1004,-24.403174496486994,21.79424718252123
validation,2026-02-02,btcusdt,binance,sell,-60,1202,17.70009931061342,12.594483464991251
validation,2026-02-02,btcusdt,binance,buy,-30,1004,-17.893037214796475,14.416944008875065
validation,2026-02-02,btcusdt,binance,sell,-30,1202,12.528769857828124,10.03278873688139
validation,2026-02-02,btcusdt,binance,buy,-10,1004,-9.575167794119029,8.212797932430044
validation,2026-02-02,btcusdt,binance,sell,-10,1202,6.65848345793097,6.071380408038604
validation,2026-02-02,btcusdt,binance,buy,-5,1004,-6.075074870495851,5.880237695978
validation,2026-02-02,btcusdt,binance,sell,-5,1202,3.977675666597799,4.448360015684248
validation,2026-02-02,btcusdt,binance,buy,-1,1004,-0.4575207257626983,2.8462790779646
validation,2026-02-02,btcusdt,binance,sell,-1,1202,0.14847130243477835,2.0910341977144435
validation,2026-02-02,btcusdt,binance,buy,0,1004,0.0,0.0
validation,2026-02-02,btcusdt,binance,sell,0,1202,0.0,0.0
validation,2026-02-02,btcusdt,binance,buy,1,1004,0.12322507472133684,2.9703158000128145
validation,2026-02-02,btcusdt,binance,sell,1,1202,-0.07440879612400883,2.180789969216709
validation,2026-02-02,btcusdt,binance,buy,5,1004,0.42979961519511745,6.073894518063472
validation,2026-02-02,btcusdt,binance,sell,5,1202,0.04205412707865593,4.690628961042841
validation,2026-02-02,btcusdt,binance,buy,10,1004,0.2581190288664129,8.215043321452717
validation,2026-02-02,btcusdt,binance,sell,10,1202,0.2157128115259413,6.218723234962983
validation,2026-02-02,btcusdt,binance,buy,30,1004,0.6643069534279639,15.245986161519259
validation,2026-02-02,btcusdt,binance,sell,30,1202,0.6570204763917034,10.719188351251749
validation,2026-02-02,btcusdt,binance,buy,60,1004,-0.011518179600465965,21.660694070368635
validation,2026-02-02,btcusdt,binance,sell,60,1202,2.2143059750469525,14.778547019961476
validation,2026-02-02,btcusdt,binance,buy,120,1004,0.4651988785411616,25.240538793506435
validation,2026-02-02,btcusdt,binance,sell,120,1202,2.560478572903382,19.835668433048113
validation,2026-02-02,btcusdt,binance,buy,300,1004,2.32471064343439,34.15221851256143
validation,2026-02-02,btcusdt,binance,sell,300,1202,4.683909587234076,36.34993000642472
validation,2026-02-02,btcusdt,bybit,buy,-300,1488,-55.17526869958737,45.546380153674136
validation,2026-02-02,btcusdt,bybit,sell,-300,2540,60.12278985881364,26.050100280017997
validation,2026-02-02,btcusdt,bybit,buy,-120,1488,-42.44383761439351,35.851517533136594
validation,2026-02-02,btcusdt,bybit,sell,-120,2540,32.69217202589561,15.0304342067901
validation,2026-02-02,btcusdt,bybit,buy,-60,1488,-34.855658331022696,29.189681579644283
validation,2026-02-02,btcusdt,bybit,sell,-60,2540,25.588130647402814,12.181295203031546
validation,2026-02-02,btcusdt,bybit,buy,-30,1488,-25.60785669505943,17.81101742168979
validation,2026-02-02,btcusdt,bybit,sell,-30,2540,21.066611301919643,12.760563993847576
validation,2026-02-02,btcusdt,bybit,buy,-10,1488,-14.54786293835144,10.19482720755426
validation,2026-02-02,btcusdt,bybit,sell,-10,2540,12.088202803433658,8.139978109203858
validation,2026-02-02,btcusdt,bybit,buy,-5,1488,-10.61264114818537,8.014579598527767
validation,2026-02-02,btcusdt,bybit,sell,-5,2540,9.36117829369107,6.821072125530001
validation,2026-02-02,btcusdt,bybit,buy,-1,1488,-1.4421500952491353,4.6209759041717735
validation,2026-02-02,btcusdt,bybit,sell,-1,2540,0.8293844985208144,3.6431316505520157
validation,2026-02-02,btcusdt,bybit,buy,0,1488,0.0,0.0
validation,2026-02-02,btcusdt,bybit,sell,0,2540,0.0,0.0
validation,2026-02-02,btcusdt,bybit,buy,1,1488,-0.5231260928756556,4.008708394897881
validation,2026-02-02,btcusdt,bybit,sell,1,2540,-0.004813210985327625,3.252842328755652
validation,2026-02-02,btcusdt,bybit,buy,5,1488,-1.214287808381893,7.582172606585428
validation,2026-02-02,btcusdt,bybit,sell,5,2540,1.7122353618305022,6.263566870628583
validation,2026-02-02,btcusdt,bybit,buy,10,1488,-1.1048671859182757,9.421362607425635
validation,2026-02-02,btcusdt,bybit,sell,10,2540,1.425360414438251,8.379872809103093
validation,2026-02-02,btcusdt,bybit,buy,30,1488,-1.6047827698659416,16.999153475092424
validation,2026-02-02,btcusdt,bybit,sell,30,2540,3.558361664075418,12.263358649043818
validation,2026-02-02,btcusdt,bybit,buy,60,1488,-5.2497538820358605,21.75702683368474
validation,2026-02-02,btcusdt,bybit,sell,60,2540,5.343247219974,17.161284798742354
validation,2026-02-02,btcusdt,bybit,buy,120,1488,-6.269763512570635,23.22420201310368
validation,2026-02-02,btcusdt,bybit,sell,120,2540,2.1490607367639987,19.542342036655356
validation,2026-02-02,btcusdt,bybit,buy,300,1488,-3.9638861964174565,30.7454150157046
validation,2026-02-02,btcusdt,bybit,sell,300,2540,-7.250241624161655,32.228734135070695
validation,2026-02-03,btcusdt,binance,buy,-300,795,-35.96760578643932,34.53788839722116
validation,2026-02-03,btcusdt,binance,sell,-300,1744,31.36782169905229,27.316001435385356
validation,2026-02-03,btcusdt,binance,buy,-120,796,-31.147181574255466,24.517620215256756
validation,2026-02-03,btcusdt,binance,sell,-120,1745,21.10625773599859,14.270099766614448
validation,2026-02-03,btcusdt,binance,buy,-60,796,-24.25004759079595,18.606134296576986
validation,2026-02-03,btcusdt,binance,sell,-60,1745,16.01825797526366,10.81723339637317
validation,2026-02-03,btcusdt,binance,buy,-30,796,-17.245339517038943,13.313833091727146
validation,2026-02-03,btcusdt,binance,sell,-30,1745,11.124974297894498,8.420855436178556
validation,2026-02-03,btcusdt,binance,buy,-10,796,-9.193420780557378,7.969929684477649
validation,2026-02-03,btcusdt,binance,sell,-10,1745,6.111978451668913,5.77125956926775
validation,2026-02-03,btcusdt,binance,buy,-5,796,-5.946676619586279,5.690232712561012
validation,2026-02-03,btcusdt,binance,sell,-5,1745,3.655398397130369,4.247809139486618
validation,2026-02-03,btcusdt,binance,buy,-1,796,-0.3487814237158691,2.734269678866697
validation,2026-02-03,btcusdt,binance,sell,-1,1745,0.20538984479335323,2.04035685507397
validation,2026-02-03,btcusdt,binance,buy,0,796,0.0,0.0
validation,2026-02-03,btcusdt,binance,sell,0,1745,0.0,0.0
validation,2026-02-03,btcusdt,binance,buy,1,796,0.03711798867383714,2.6843619901666615
validation,2026-02-03,btcusdt,binance,sell,1,1745,0.008892327349505699,1.9095906604807116
validation,2026-02-03,btcusdt,binance,buy,5,796,0.3662628694502167,5.661724510237355
validation,2026-02-03,btcusdt,binance,sell,5,1745,0.027998939698173683,4.275838718016781
validation,2026-02-03,btcusdt,binance,buy,10,796,0.697614039892008,8.157907217716478
validation,2026-02-03,btcusdt,binance,sell,10,1745,0.10701897610373809,5.778221983241501
validation,2026-02-03,btcusdt,binance,buy,30,795,1.8689682655977513,12.900175677773923
validation,2026-02-03,btcusdt,binance,sell,30,1745,0.40113873390916827,9.851105305797937
validation,2026-02-03,btcusdt,binance,buy,60,795,2.5254565625437486,19.99516957010466
validation,2026-02-03,btcusdt,binance,sell,60,1745,-0.5868368605833362,12.656614999011335
validation,2026-02-03,btcusdt,binance,buy,120,795,1.8803945186974356,28.020146031338474
validation,2026-02-03,btcusdt,binance,sell,120,1745,-1.4730812050481559,18.741570173037676
validation,2026-02-03,btcusdt,binance,buy,300,795,2.854831245076534,33.83028708336019
validation,2026-02-03,btcusdt,binance,sell,300,1745,-4.2232983279962,29.161493826747467
validation,2026-02-03,btcusdt,bybit,buy,-300,795,-57.90852973136005,37.8377209857465
validation,2026-02-03,btcusdt,bybit,sell,-300,5129,49.46868545926169,24.275594121218198
validation,2026-02-03,btcusdt,bybit,buy,-120,796,-47.99484773170817,29.05614576837193
validation,2026-02-03,btcusdt,bybit,sell,-120,5129,28.536523436518532,13.708102532477003
validation,2026-02-03,btcusdt,bybit,buy,-60,796,-35.913850444604265,24.337470404634843
validation,2026-02-03,btcusdt,bybit,sell,-60,5129,22.89198151142973,11.103800378900383
validation,2026-02-03,btcusdt,bybit,buy,-30,796,-23.80882223151035,17.47696414630726
validation,2026-02-03,btcusdt,bybit,sell,-30,5129,17.695648385982267,10.741163261121104
validation,2026-02-03,btcusdt,bybit,buy,-10,796,-13.533403623058419,9.944424669538222
validation,2026-02-03,btcusdt,bybit,sell,-10,5129,11.169661637229497,8.346581750114503
validation,2026-02-03,btcusdt,bybit,buy,-5,796,-9.290211137663444,7.577677241751495
validation,2026-02-03,btcusdt,bybit,sell,-5,5129,8.575536548316732,6.815368172515269
validation,2026-02-03,btcusdt,bybit,buy,-1,796,-1.24824936545373,3.7799186898147505
validation,2026-02-03,btcusdt,bybit,sell,-1,5129,0.8106744840640808,3.4348456745145697
validation,2026-02-03,btcusdt,bybit,buy,0,796,0.0,0.0
validation,2026-02-03,btcusdt,bybit,sell,0,5129,0.0,0.0
validation,2026-02-03,btcusdt,bybit,buy,1,796,0.06309181974414917,3.033389091928228
validation,2026-02-03,btcusdt,bybit,sell,1,5129,0.07754179467669789,2.9027774668766257
validation,2026-02-03,btcusdt,bybit,buy,5,796,0.38464095134841686,7.005510987637091
validation,2026-02-03,btcusdt,bybit,sell,5,5129,0.3148567142451749,6.566427493051321
validation,2026-02-03,btcusdt,bybit,buy,10,796,0.19861695282967787,9.879904584938354
validation,2026-02-03,btcusdt,bybit,sell,10,5129,0.7463356329650512,8.293813998565803
validation,2026-02-03,btcusdt,bybit,buy,30,796,3.0540478873390318,15.268186537087892
validation,2026-02-03,btcusdt,bybit,sell,30,5129,4.135521429954594,15.185257725980929
validation,2026-02-03,btcusdt,bybit,buy,60,796,3.0009681322252506,24.221016267219635
validation,2026-02-03,btcusdt,bybit,sell,60,5129,3.1740957419393148,15.668139658680987
validation,2026-02-03,btcusdt,bybit,buy,120,796,4.473856707629327,34.451319279680014
validation,2026-02-03,btcusdt,bybit,sell,120,5129,-2.4897616124274333,18.38152769354897
validation,2026-02-03,btcusdt,bybit,buy,300,796,8.665809818069903,39.99980339200806
validation,2026-02-03,btcusdt,bybit,sell,300,5129,-8.962332544716515,33.007582821419994
validation,2026-02-04,btcusdt,binance,buy,-300,889,-36.63481837809955,32.9460397218475
validation,2026-02-04,btcusdt,binance,sell,-300,1502,40.82562986050159,31.803166876460374
validation,2026-02-04,btcusdt,binance,buy,-120,889,-29.719164203166812,21.990412304682106
validation,2026-02-04,btcusdt,binance,sell,-120,1502,27.642518648546393,17.81476551278886
validation,2026-02-04,btcusdt,binance,buy,-60,889,-26.153137923833313,19.585020812535834
validation,2026-02-04,btcusdt,binance,sell,-60,1502,19.87577423807272,11.994436803671698
validation,2026-02-04,btcusdt,binance,buy,-30,889,-19.297511466026712,13.988527630837549
validation,2026-02-04,btcusdt,binance,sell,-30,1502,14.303271536250094,9.150942831737447
validation,2026-02-04,btcusdt,binance,buy,-10,889,-10.699174116639258,9.376567464640113
validation,2026-02-04,btcusdt,binance,sell,-10,1502,7.43427759219565,5.889769953396166
validation,2026-02-04,btcusdt,binance,buy,-5,889,-6.928685879509103,6.877016517913186
validation,2026-02-04,btcusdt,binance,sell,-5,1502,4.325814189159279,4.484126053890406
validation,2026-02-04,btcusdt,binance,buy,-1,889,-0.4241128115494588,2.9621215618793317
validation,2026-02-04,btcusdt,binance,sell,-1,1502,0.30988114956167817,1.9994829528567861
validation,2026-02-04,btcusdt,binance,buy,0,889,0.0,0.0
validation,2026-02-04,btcusdt,binance,sell,0,1502,0.0,0.0
validation,2026-02-04,btcusdt,binance,buy,1,889,0.04505385677145032,2.727326577494319
validation,2026-02-04,btcusdt,binance,sell,1,1502,-0.03350783541118823,1.9876441561243905
validation,2026-02-04,btcusdt,binance,buy,5,889,0.06512045085269103,6.454220568890214
validation,2026-02-04,btcusdt,binance,sell,5,1502,0.08581609743565156,4.74004385983688
validation,2026-02-04,btcusdt,binance,buy,10,889,-0.07889979213423137,8.33731768328051
validation,2026-02-04,btcusdt,binance,sell,10,1502,0.2762717087973111,6.337241063349067
validation,2026-02-04,btcusdt,binance,buy,30,889,0.3135799154822506,14.09537951600737
validation,2026-02-04,btcusdt,binance,sell,30,1502,-0.20693985064566614,11.360788544078465
validation,2026-02-04,btcusdt,binance,buy,60,889,-1.26304853800069,19.853609203385982
validation,2026-02-04,btcusdt,binance,sell,60,1502,-0.16526122788546643,17.78296668852975
validation,2026-02-04,btcusdt,binance,buy,120,889,-1.3802051715571964,23.06613749474727
validation,2026-02-04,btcusdt,binance,sell,120,1502,1.6752246329508929,25.84649612752321
validation,2026-02-04,btcusdt,binance,buy,300,889,-6.41267366299394,34.58337099469629
validation,2026-02-04,btcusdt,binance,sell,300,1502,5.464006382229165,41.15219805052885
validation,2026-02-04,btcusdt,bybit,buy,-300,744,-51.238536381988986,31.793579881679747
validation,2026-02-04,btcusdt,bybit,sell,-300,3697,62.16971447745619,28.56511283234931
validation,2026-02-04,btcusdt,bybit,buy,-120,744,-41.146148438638086,26.78771912731652
validation,2026-02-04,btcusdt,bybit,sell,-120,3697,37.35371451584117,15.450247815408805
validation,2026-02-04,btcusdt,bybit,buy,-60,744,-36.076247995102676,24.798214326449333
validation,2026-02-04,btcusdt,bybit,sell,-60,3697,24.945519823558286,12.049077299341542
validation,2026-02-04,btcusdt,bybit,buy,-30,744,-26.79509530431725,17.56781170541551
validation,2026-02-04,btcusdt,bybit,sell,-30,3697,20.00233449382756,9.85348342243188
validation,2026-02-04,btcusdt,bybit,buy,-10,744,-16.175124049572666,12.992704013717141
validation,2026-02-04,btcusdt,bybit,sell,-10,3697,12.716862826271683,7.861623958990559
validation,2026-02-04,btcusdt,bybit,buy,-5,744,-11.74362037513041,9.464409264882821
validation,2026-02-04,btcusdt,bybit,sell,-5,3697,9.42422130292591,6.2691499611851205
validation,2026-02-04,btcusdt,bybit,buy,-1,744,-1.8538902260553156,4.697798493817505
validation,2026-02-04,btcusdt,bybit,sell,-1,3697,1.0020626829015225,3.6446184916484974
validation,2026-02-04,btcusdt,bybit,buy,0,744,0.0,0.0
validation,2026-02-04,btcusdt,bybit,sell,0,3697,0.0,0.0
validation,2026-02-04,btcusdt,bybit,buy,1,744,-0.014899401329280148,3.670241892012511
validation,2026-02-04,btcusdt,bybit,sell,1,3697,-0.17590806628437614,2.837945483950653
validation,2026-02-04,btcusdt,bybit,buy,5,744,-0.9403671695939112,7.736431951877114
validation,2026-02-04,btcusdt,bybit,sell,5,3697,0.9285257290093339,6.097705164786071
validation,2026-02-04,btcusdt,bybit,buy,10,744,-1.570165164262552,9.486466742082628
validation,2026-02-04,btcusdt,bybit,sell,10,3697,1.5077072812051582,8.363337961100752
validation,2026-02-04,btcusdt,bybit,buy,30,744,-1.0578298349107143,15.549055221173832
validation,2026-02-04,btcusdt,bybit,sell,30,3697,1.4222142875338355,12.682447350424871
validation,2026-02-04,btcusdt,bybit,buy,60,744,-4.196073145801642,20.188860321782183
validation,2026-02-04,btcusdt,bybit,sell,60,3697,4.029893509045121,18.16706026700935
validation,2026-02-04,btcusdt,bybit,buy,120,744,-5.0609206146681,22.282041251777486
validation,2026-02-04,btcusdt,bybit,sell,120,3697,6.924017081512232,28.026541016569567
validation,2026-02-04,btcusdt,bybit,buy,300,744,-9.018613580560855,35.04087924782771
validation,2026-02-04,btcusdt,bybit,sell,300,3697,24.376540896767505,48.0653941066621
validation,2026-02-05,btcusdt,binance,buy,-300,2007,-31.488440979553545,61.12719553166656
validation,2026-02-05,btcusdt,binance,sell,-300,3643,49.981534856493184,46.773617975799425
validation,2026-02-05,btcusdt,binance,buy,-120,2007,-33.08099388551694,36.115403093504746
validation,2026-02-05,btcusdt,binance,sell,-120,3643,34.78276056644762,27.60365352955178
validation,2026-02-05,btcusdt,binance,buy,-60,2007,-31.18970397094276,26.595075444360525
validation,2026-02-05,btcusdt,binance,sell,-60,3643,26.680517201345495,19.654684827292748
validation,2026-02-05,btcusdt,binance,buy,-30,2007,-25.930640403915415,18.484394630400498
validation,2026-02-05,btcusdt,binance,sell,-30,3643,20.613957474085755,16.336966958546995
validation,2026-02-05,btcusdt,binance,buy,-10,2007,-14.567428771707217,10.834670918165841
validation,2026-02-05,btcusdt,binance,sell,-10,3643,10.777116408593885,10.110972118733695
validation,2026-02-05,btcusdt,binance,buy,-5,2007,-9.080506742323514,7.731053322922585
validation,2026-02-05,btcusdt,binance,sell,-5,3643,6.453846726654557,7.123965752097696
validation,2026-02-05,btcusdt,binance,buy,-1,2007,-0.5194637047720791,4.056155900906548
validation,2026-02-05,btcusdt,binance,sell,-1,3643,0.4827206770749222,3.1801933488825256
validation,2026-02-05,btcusdt,binance,buy,0,2007,0.0,0.0
validation,2026-02-05,btcusdt,binance,sell,0,3643,0.0,0.0
validation,2026-02-05,btcusdt,binance,buy,1,2007,-0.021616213402329554,3.9532748362125316
validation,2026-02-05,btcusdt,binance,sell,1,3643,-0.19797159253296848,3.2785325906635765
validation,2026-02-05,btcusdt,binance,buy,5,2007,0.47170079310257046,8.746456963320911
validation,2026-02-05,btcusdt,binance,sell,5,3643,-0.4030226635469298,7.543644463750379
validation,2026-02-05,btcusdt,binance,buy,10,2007,0.672897795556671,12.196278186484504
validation,2026-02-05,btcusdt,binance,sell,10,3643,-0.3309485842275988,10.63233439062088
validation,2026-02-05,btcusdt,binance,buy,30,2007,0.14247007821507582,21.501901317776564
validation,2026-02-05,btcusdt,binance,sell,30,3643,0.17514987698094164,17.167798109874482
validation,2026-02-05,btcusdt,binance,buy,60,2007,-0.9207612319911969,29.966650259455346
validation,2026-02-05,btcusdt,binance,sell,60,3643,-0.3013582247818439,25.046783588822272
validation,2026-02-05,btcusdt,binance,buy,120,2007,-2.052207734444222,38.38912665109498
validation,2026-02-05,btcusdt,binance,sell,120,3643,-0.6228886402592749,34.50510557501137
validation,2026-02-05,btcusdt,binance,buy,300,2007,-9.383885869862315,51.85412479776855
validation,2026-02-05,btcusdt,binance,sell,300,3643,-1.9836093944845032,51.59819145005096
validation,2026-02-05,btcusdt,bybit,buy,-300,2887,-70.32601657331217,71.14247334445257
validation,2026-02-05,btcusdt,bybit,sell,-300,21423,91.54490423627578,46.49939726845125
validation,2026-02-05,btcusdt,bybit,buy,-120,2887,-54.608154732548925,39.51495040738812
validation,2026-02-05,btcusdt,bybit,sell,-120,21423,58.03804218711809,31.57212945104206
validation,2026-02-05,btcusdt,bybit,buy,-60,2887,-47.442831296315504,29.565957500431132
validation,2026-02-05,btcusdt,bybit,sell,-60,21423,44.54910506084318,25.270794129316023
validation,2026-02-05,btcusdt,bybit,buy,-30,2887,-36.02200808333291,21.86257333588384
validation,2026-02-05,btcusdt,bybit,sell,-30,21423,34.28411874587311,22.36727342016146
validation,2026-02-05,btcusdt,bybit,buy,-10,2887,-21.32574274222185,13.241298974115589
validation,2026-02-05,btcusdt,bybit,sell,-10,21423,20.67447823902955,13.863554392929325
validation,2026-02-05,btcusdt,bybit,buy,-5,2887,-15.382090244523908,10.545316907466232
validation,2026-02-05,btcusdt,bybit,sell,-5,21423,13.949142706542359,9.880492946363868
validation,2026-02-05,btcusdt,bybit,buy,-1,2887,-2.1779013089643007,5.3475927347818635
validation,2026-02-05,btcusdt,bybit,sell,-1,21423,2.0327293657158267,4.878372353192097
validation,2026-02-05,btcusdt,bybit,buy,0,2887,0.0,0.0
validation,2026-02-05,btcusdt,bybit,sell,0,21423,0.0,0.0
validation,2026-02-05,btcusdt,bybit,buy,1,2887,0.25051348181358907,4.752798110342071
validation,2026-02-05,btcusdt,bybit,sell,1,21423,-0.47763625038081053,4.863118241855294
validation,2026-02-05,btcusdt,bybit,buy,5,2887,-0.059312353463962034,11.140625454216694
validation,2026-02-05,btcusdt,bybit,sell,5,21423,-0.03943866049918146,11.25482365055862
validation,2026-02-05,btcusdt,bybit,buy,10,2887,-0.6950832506415962,14.2242247165684
validation,2026-02-05,btcusdt,bybit,sell,10,21423,-0.3126788838774778,14.11013663183241
validation,2026-02-05,btcusdt,bybit,buy,30,2887,-2.4671415710118905,24.5669532289343
validation,2026-02-05,btcusdt,bybit,sell,30,21423,2.264957877294776,24.541719809822453
validation,2026-02-05,btcusdt,bybit,buy,60,2887,-5.78025779345654,34.05629827255079
validation,2026-02-05,btcusdt,bybit,sell,60,21423,6.654970739140335,34.416919684720675
validation,2026-02-05,btcusdt,bybit,buy,120,2887,-5.9754348398544375,43.295158874317984
validation,2026-02-05,btcusdt,bybit,sell,120,21423,8.638510330488057,46.44053684172265
validation,2026-02-05,btcusdt,bybit,buy,300,2887,-12.532899894827503,56.69696556771463
validation,2026-02-05,btcusdt,bybit,sell,300,21423,13.006813119295268,61.270081724404065
validation,2026-02-06,btcusdt,binance,buy,-300,2782,-42.13465726548269,50.05162505266339
validation,2026-02-06,btcusdt,binance,sell,-300,2080,40.85040740976088,54.558950858106606
validation,2026-02-06,btcusdt,binance,buy,-120,2782,-32.7270278308257,29.399432754939895
validation,2026-02-06,btcusdt,binance,sell,-120,2080,34.638346633777886,34.80832715085671
validation,2026-02-06,btcusdt,binance,buy,-60,2782,-25.732474747229713,19.725447967217903
validation,2026-02-06,btcusdt,binance,sell,-60,2080,27.673279066027646,23.176999190525002
validation,2026-02-06,btcusdt,binance,buy,-30,2782,-19.677809421272773,15.187891878363667
validation,2026-02-06,btcusdt,binance,sell,-30,2080,19.831974849763753,15.832902926028503
validation,2026-02-06,btcusdt,binance,buy,-10,2782,-11.116931838649764,9.541475752107702
validation,2026-02-06,btcusdt,binance,sell,-10,2080,10.927111739379324,10.70333942379008
validation,2026-02-06,btcusdt,binance,buy,-5,2782,-7.137672937853843,7.021122978577905
validation,2026-02-06,btcusdt,binance,sell,-5,2080,6.581411932638021,7.831881326805901
validation,2026-02-06,btcusdt,binance,buy,-1,2782,-0.5635014778808141,3.468005779301649
validation,2026-02-06,btcusdt,binance,sell,-1,2080,0.27598126088091235,4.196301473324987
validation,2026-02-06,btcusdt,binance,buy,0,2782,0.0,0.0
validation,2026-02-06,btcusdt,binance,sell,0,2080,0.0,0.0
validation,2026-02-06,btcusdt,binance,buy,1,2782,-0.02468166351859537,3.342994831431479
validation,2026-02-06,btcusdt,binance,sell,1,2080,0.003450735304811631,3.880764905674699
validation,2026-02-06,btcusdt,binance,buy,5,2782,0.11744332592047761,7.372399669444205
validation,2026-02-06,btcusdt,binance,sell,5,2080,0.46157964411257896,8.7830586808557
validation,2026-02-06,btcusdt,binance,buy,10,2782,0.15479605791698495,10.5375270532471
validation,2026-02-06,btcusdt,binance,sell,10,2080,0.7834018655713696,11.491322702958612
validation,2026-02-06,btcusdt,binance,buy,30,2782,0.08861036586811863,17.076136338370688
validation,2026-02-06,btcusdt,binance,sell,30,2080,1.0489701590452185,18.70941234351916
validation,2026-02-06,btcusdt,binance,buy,60,2782,-0.7785763912865903,22.8617663877401
validation,2026-02-06,btcusdt,binance,sell,60,2080,-0.22986320009073216,24.25458582317647
validation,2026-02-06,btcusdt,binance,buy,120,2782,-2.1972528301069696,32.14171915519366
validation,2026-02-06,btcusdt,binance,sell,120,2080,0.15988676766839277,33.8771116321541
validation,2026-02-06,btcusdt,binance,buy,300,2782,0.5852296568706269,49.74762943055347
validation,2026-02-06,btcusdt,binance,sell,300,2080,-1.234652794289637,53.21657054065511
validation,2026-02-06,btcusdt,bybit,buy,-300,5263,-65.15824335934919,48.563028141410555
validation,2026-02-06,btcusdt,bybit,sell,-300,7101,119.45749271198868,63.33225773098797
validation,2026-02-06,btcusdt,bybit,buy,-120,5263,-45.79068999352733,32.4727580952605
validation,2026-02-06,btcusdt,bybit,sell,-120,7101,87.53890461959945,51.46367519894979
validation,2026-02-06,btcusdt,bybit,buy,-60,5263,-32.79732110256009,22.575052544916144
validation,2026-02-06,btcusdt,bybit,sell,-60,7101,67.65326373877984,31.655773799020253
validation,2026-02-06,btcusdt,bybit,buy,-30,5263,-24.773725567962206,16.939418773457973
validation,2026-02-06,btcusdt,bybit,sell,-30,7101,44.560923419662565,22.82301463087888
validation,2026-02-06,btcusdt,bybit,buy,-10,5263,-14.847365875123906,10.797684840865198
validation,2026-02-06,btcusdt,bybit,sell,-10,7101,27.253796333177092,20.131142395486254
validation,2026-02-06,btcusdt,bybit,buy,-5,5263,-10.57571126570815,8.452474095319197
validation,2026-02-06,btcusdt,bybit,sell,-5,7101,18.94171956077941,13.63026285054438
validation,2026-02-06,btcusdt,bybit,buy,-1,5263,-1.299455093898991,4.363106929040341
validation,2026-02-06,btcusdt,bybit,sell,-1,7101,1.556758645308071,6.948017107492412
validation,2026-02-06,btcusdt,bybit,buy,0,5263,0.0,0.0
validation,2026-02-06,btcusdt,bybit,sell,0,7101,0.0,0.0
validation,2026-02-06,btcusdt,bybit,buy,1,5263,0.12264467127882281,3.9582220193181126
validation,2026-02-06,btcusdt,bybit,sell,1,7101,0.03128476279820508,7.343620831234586
validation,2026-02-06,btcusdt,bybit,buy,5,5263,0.2723360099287547,8.050833722255744
validation,2026-02-06,btcusdt,bybit,sell,5,7101,3.257373399528985,16.200973552000505
validation,2026-02-06,btcusdt,bybit,buy,10,5263,0.06580757499972002,11.407523487621425
validation,2026-02-06,btcusdt,bybit,sell,10,7101,1.2705588778673909,22.457332993260934
validation,2026-02-06,btcusdt,bybit,buy,30,5263,-2.2755192883145625,17.81690551476548
validation,2026-02-06,btcusdt,bybit,sell,30,7101,9.429487058605348,33.98972222258293
validation,2026-02-06,btcusdt,bybit,buy,60,5263,-3.643215558162277,24.344921213457535
validation,2026-02-06,btcusdt,bybit,sell,60,7101,0.8519511156912488,43.215055470802334
validation,2026-02-06,btcusdt,bybit,buy,120,5263,-5.1356384719379236,34.48613156754285
validation,2026-02-06,btcusdt,bybit,sell,120,7101,3.930040784991012,51.60613201631043
validation,2026-02-06,btcusdt,bybit,buy,300,5263,-4.996180960605677,50.74290821668527
validation,2026-02-06,btcusdt,bybit,sell,300,7101,-29.69133709905566,79.59240711075745
validation,2026-02-07,btcusdt,binance,buy,-300,1092,-30.230859373570127,31.533152794381945
validation,2026-02-07,btcusdt,binance,sell,-300,1274,36.309811995683795,34.41814651129711
validation,2026-02-07,btcusdt,binance,buy,-120,1092,-25.310674778277114,20.271314137610045
validation,2026-02-07,btcusdt,binance,sell,-120,1274,25.04564938238329,18.20451931696289
validation,2026-02-07,btcusdt,binance,buy,-60,1092,-20.95348341136651,18.21070509840598
validation,2026-02-07,btcusdt,binance,sell,-60,1274,18.510193258577704,12.41943258993546
validation,2026-02-07,btcusdt,binance,buy,-30,1092,-15.85425809551549,13.998905521448505
validation,2026-02-07,btcusdt,binance,sell,-30,1274,13.135804536957718,9.597952675066201
validation,2026-02-07,btcusdt,binance,buy,-10,1092,-9.150171199250572,9.151801809105631
validation,2026-02-07,btcusdt,binance,sell,-10,1274,7.185188628440799,6.401866523796344
validation,2026-02-07,btcusdt,binance,buy,-5,1092,-5.814375781478101,6.718902954225659
validation,2026-02-07,btcusdt,binance,sell,-5,1274,4.2812679389602515,4.811163664698432
validation,2026-02-07,btcusdt,binance,buy,-1,1092,-0.4040944191072092,3.171362449423209
validation,2026-02-07,btcusdt,binance,sell,-1,1274,0.16269957589393533,2.350305274527932
validation,2026-02-07,btcusdt,binance,buy,0,1092,0.0,0.0
validation,2026-02-07,btcusdt,binance,sell,0,1274,0.0,0.0
validation,2026-02-07,btcusdt,binance,buy,1,1092,0.06521456345110682,2.8673913601005148
validation,2026-02-07,btcusdt,binance,sell,1,1274,0.01533610289223321,2.4018183314615205
validation,2026-02-07,btcusdt,binance,buy,5,1092,-0.12642529844425043,6.9285500777911535
validation,2026-02-07,btcusdt,binance,sell,5,1274,0.2258509262215754,5.010118599169912
validation,2026-02-07,btcusdt,binance,buy,10,1092,-0.5688465553178654,9.264172672931256
validation,2026-02-07,btcusdt,binance,sell,10,1274,0.5728560805548651,6.952249511213825
validation,2026-02-07,btcusdt,binance,buy,30,1092,-0.4606588464496959,12.537008078434239
validation,2026-02-07,btcusdt,binance,sell,30,1274,0.17100194009207223,11.466981460082929
validation,2026-02-07,btcusdt,binance,buy,60,1092,-1.0835905797175034,16.013275088252126
validation,2026-02-07,btcusdt,binance,sell,60,1274,-0.8070013942384056,16.754483511110116
validation,2026-02-07,btcusdt,binance,buy,120,1092,-2.111647614296437,18.46621305435507
validation,2026-02-07,btcusdt,binance,sell,120,1274,-1.3522946459966374,23.226768324655758
validation,2026-02-07,btcusdt,binance,buy,300,1092,-5.561989196445301,29.943659156441083
validation,2026-02-07,btcusdt,binance,sell,300,1274,-1.1562127481379034,29.15190462504385
validation,2026-02-07,btcusdt,bybit,buy,-300,1254,-55.22093292392727,36.90443984965502
validation,2026-02-07,btcusdt,bybit,sell,-300,1746,61.43712984284272,34.9094649175688
validation,2026-02-07,btcusdt,bybit,buy,-120,1254,-42.65073022587858,23.873627453232537
validation,2026-02-07,btcusdt,bybit,sell,-120,1746,37.75017295080046,19.692942152135185
validation,2026-02-07,btcusdt,bybit,buy,-60,1254,-38.29688187099653,25.81076700633648
validation,2026-02-07,btcusdt,bybit,sell,-60,1746,26.25147761346348,13.374126933655518
validation,2026-02-07,btcusdt,bybit,buy,-30,1254,-29.602788234728706,20.397918368247055
validation,2026-02-07,btcusdt,bybit,sell,-30,1746,19.296664707920606,10.83107274122506
validation,2026-02-07,btcusdt,bybit,buy,-10,1254,-18.88423208743531,13.55272382577913
validation,2026-02-07,btcusdt,bybit,sell,-10,1746,12.246622316117653,7.949242783885858
validation,2026-02-07,btcusdt,bybit,buy,-5,1254,-13.391471090854544,10.474483992000955
validation,2026-02-07,btcusdt,bybit,sell,-5,1746,9.077999808817912,7.4756904357954115
validation,2026-02-07,btcusdt,bybit,buy,-1,1254,-1.5067037490731443,5.035809241909455
validation,2026-02-07,btcusdt,bybit,sell,-1,1746,0.9191816439137012,4.680604088795514
validation,2026-02-07,btcusdt,bybit,buy,0,1254,0.0,0.0
validation,2026-02-07,btcusdt,bybit,sell,0,1746,0.0,0.0
validation,2026-02-07,btcusdt,bybit,buy,1,1254,0.17836919218967115,4.6265618254114855
validation,2026-02-07,btcusdt,bybit,sell,1,1746,0.39916680632032636,3.1298566603640396
validation,2026-02-07,btcusdt,bybit,buy,5,1254,-1.0009387259243665,9.993547206691005
validation,2026-02-07,btcusdt,bybit,sell,5,1746,1.0269189428872743,6.7924667962478145
validation,2026-02-07,btcusdt,bybit,buy,10,1254,-2.273260388723942,13.219616385113769
validation,2026-02-07,btcusdt,bybit,sell,10,1746,1.239092150925655,9.502762081091289
validation,2026-02-07,btcusdt,bybit,buy,30,1254,-0.0071584443355057715,18.77127755227241
validation,2026-02-07,btcusdt,bybit,sell,30,1746,1.1782218864074072,14.694834556879568
validation,2026-02-07,btcusdt,bybit,buy,60,1254,-2.407663437383774,23.978063511912794
validation,2026-02-07,btcusdt,bybit,sell,60,1746,-0.09814136139822062,22.367202194518526
validation,2026-02-07,btcusdt,bybit,buy,120,1254,-4.822305286111854,20.350434373749398
validation,2026-02-07,btcusdt,bybit,sell,120,1746,-3.1868392202788693,30.426939524691345
validation,2026-02-07,btcusdt,bybit,buy,300,1254,-10.486451008480199,37.95037352876152
validation,2026-02-07,btcusdt,bybit,sell,300,1746,-6.692866758219999,37.13875072212031
validation,2026-02-08,btcusdt,binance,buy,-300,850,-30.55281228074591,31.99662110028548
validation,2026-02-08,btcusdt,binance,sell,-300,670,28.782823324461862,27.83688626026715
validation,2026-02-08,btcusdt,binance,buy,-120,850,-22.027292775270368,22.585861310550882
validation,2026-02-08,btcusdt,binance,sell,-120,670,21.420653060832667,19.317954685601155
validation,2026-02-08,btcusdt,binance,buy,-60,850,-15.669657416718769,14.235747909086054
validation,2026-02-08,btcusdt,binance,sell,-60,670,16.163704749595404,13.670489477585468
validation,2026-02-08,btcusdt,binance,buy,-30,850,-12.377668763655723,13.256165206403805
validation,2026-02-08,btcusdt,binance,sell,-30,670,11.741192422203158,9.852182077986424
validation,2026-02-08,btcusdt,binance,buy,-10,850,-7.001972521380172,8.311604684519601
validation,2026-02-08,btcusdt,binance,sell,-10,670,6.453279902724865,6.223838727324028
validation,2026-02-08,btcusdt,binance,buy,-5,850,-4.435967625594937,5.971670250525849
validation,2026-02-08,btcusdt,binance,sell,-5,670,3.884982217885878,4.6000386487928795
validation,2026-02-08,btcusdt,binance,buy,-1,850,-0.42762505646144827,2.5239652328227002
validation,2026-02-08,btcusdt,binance,sell,-1,670,0.2379059412527256,2.0133055936654864
validation,2026-02-08,btcusdt,binance,buy,0,850,0.0,0.0
validation,2026-02-08,btcusdt,binance,sell,0,670,0.0,0.0
validation,2026-02-08,btcusdt,binance,buy,1,850,0.13297587859600235,2.516469893737773
validation,2026-02-08,btcusdt,binance,sell,1,670,-0.040646124164860443,2.131532367983914
validation,2026-02-08,btcusdt,binance,buy,5,850,0.09293920555088298,5.245122817677615
validation,2026-02-08,btcusdt,binance,sell,5,670,0.12271519637441274,4.677381174973752
validation,2026-02-08,btcusdt,binance,buy,10,850,-0.08710425583723569,6.525283775606474
validation,2026-02-08,btcusdt,binance,sell,10,670,0.3345546459563727,6.229605069469256
validation,2026-02-08,btcusdt,binance,buy,30,850,-0.6962058955400775,9.556713076081621
validation,2026-02-08,btcusdt,binance,sell,30,670,-0.05429886094739978,10.052165561454075
validation,2026-02-08,btcusdt,binance,buy,60,850,-1.6554318924572133,11.855466327412769
validation,2026-02-08,btcusdt,binance,sell,60,670,-0.636522595421153,13.12830139970272
validation,2026-02-08,btcusdt,binance,buy,120,850,-1.3124882543351564,18.346067979424166
validation,2026-02-08,btcusdt,binance,sell,120,670,-1.6992474757795275,19.05644342676787
validation,2026-02-08,btcusdt,binance,buy,300,850,-4.24590843441018,28.324775791950685
validation,2026-02-08,btcusdt,binance,sell,300,670,-0.2699003502460799,23.646514303893692
validation,2026-02-08,btcusdt,bybit,buy,-300,1778,-64.2432682781884,39.81448646157368
validation,2026-02-08,btcusdt,bybit,sell,-300,758,47.459018125298996,30.261506688863726
validation,2026-02-08,btcusdt,bybit,buy,-120,1778,-48.879072877472815,32.64095322011754
validation,2026-02-08,btcusdt,bybit,sell,-120,758,37.77387091963507,27.60901375752855
validation,2026-02-08,btcusdt,bybit,buy,-60,1778,-32.00944137684205,18.664036196450077
validation,2026-02-08,btcusdt,bybit,sell,-60,758,26.51916223503745,17.48593668474331
validation,2026-02-08,btcusdt,bybit,buy,-30,1778,-29.28941473386614,20.010687826876772
validation,2026-02-08,btcusdt,bybit,sell,-30,758,18.91858006152479,13.283191485651718
validation,2026-02-08,btcusdt,bybit,buy,-10,1778,-20.749768708996736,19.79742226567897
validation,2026-02-08,btcusdt,bybit,sell,-10,758,11.490104664602118,8.250408435420702
validation,2026-02-08,btcusdt,bybit,buy,-5,1778,-15.910277154557814,17.04121920775865
validation,2026-02-08,btcusdt,bybit,sell,-5,758,8.624390727392008,7.0141600880924715
validation,2026-02-08,btcusdt,bybit,buy,-1,1778,-2.401823411570852,7.472304950639073
validation,2026-02-08,btcusdt,bybit,sell,-1,758,1.2572933048802997,3.59010860845891
validation,2026-02-08,btcusdt,bybit,buy,0,1778,0.0,0.0
validation,2026-02-08,btcusdt,bybit,sell,0,758,0.0,0.0
validation,2026-02-08,btcusdt,bybit,buy,1,1778,0.14301942203350748,4.8584709534491175
validation,2026-02-08,btcusdt,bybit,sell,1,758,-0.03291391856691129,2.590119739884414
validation,2026-02-08,btcusdt,bybit,buy,5,1778,0.02841102434689184,9.995736448982084
validation,2026-02-08,btcusdt,bybit,sell,5,758,0.4814963553994789,6.197635598635435
validation,2026-02-08,btcusdt,bybit,buy,10,1778,-0.7456742744276345,9.549232720988439
validation,2026-02-08,btcusdt,bybit,sell,10,758,1.8283963284638927,8.388558117989964
validation,2026-02-08,btcusdt,bybit,buy,30,1778,-1.4099761216171882,16.664844540840285
validation,2026-02-08,btcusdt,bybit,sell,30,758,2.6231732079988275,13.652108731697075
validation,2026-02-08,btcusdt,bybit,buy,60,1778,-1.5605057175740973,16.098081881191746
validation,2026-02-08,btcusdt,bybit,sell,60,758,0.598593783903716,16.22543749198881
validation,2026-02-08,btcusdt,bybit,buy,120,1778,-1.9524579831351936,22.277112104670895
validation,2026-02-08,btcusdt,bybit,sell,120,758,-0.5219647853684328,23.81686315571282
validation,2026-02-08,btcusdt,bybit,buy,300,1778,-15.993173017100586,38.56330361476075
validation,2026-02-08,btcusdt,bybit,sell,300,758,2.4306292785549335,25.84286516364
validation,2026-02-09,btcusdt,binance,buy,-300,817,-34.81000280533905,29.22710482313935
validation,2026-02-09,btcusdt,binance,sell,-300,979,31.267492273104725,24.000317276210264
validation,2026-02-09,btcusdt,binance,buy,-120,817,-25.88355246858659,17.77234023226445
validation,2026-02-09,btcusdt,binance,sell,-120,979,21.529912723649,14.50750573502676
validation,2026-02-09,btcusdt,binance,buy,-60,817,-19.96759976892123,15.299708421876414
validation,2026-02-09,btcusdt,binance,sell,-60,979,16.933145315458784,11.009956713529007
validation,2026-02-09,btcusdt,binance,buy,-30,817,-15.055332277309775,11.583114990419483
validation,2026-02-09,btcusdt,binance,sell,-30,979,12.187225221041933,8.525372871893401
validation,2026-02-09,btcusdt,binance,buy,-10,817,-8.354939341603671,6.390374483503082
validation,2026-02-09,btcusdt,binance,sell,-10,979,6.602181424469821,5.1011810763747185
validation,2026-02-09,btcusdt,binance,buy,-5,817,-5.337940375530658,4.810644174732572
validation,2026-02-09,btcusdt,binance,sell,-5,979,3.863454583308908,3.7839035992896206
validation,2026-02-09,btcusdt,binance,buy,-1,817,-0.3942541267777321,2.563946907370544
validation,2026-02-09,btcusdt,binance,sell,-1,979,0.21086216048303574,2.06763117800095
validation,2026-02-09,btcusdt,binance,buy,0,817,0.0,0.0
validation,2026-02-09,btcusdt,binance,sell,0,979,0.0,0.0
validation,2026-02-09,btcusdt,binance,buy,1,817,-0.042592717267050134,2.284140167339969
validation,2026-02-09,btcusdt,binance,sell,1,979,-0.14664803009461805,1.9979793395578331
validation,2026-02-09,btcusdt,binance,buy,5,817,0.11325480686703585,5.160315472971765
validation,2026-02-09,btcusdt,binance,sell,5,979,0.05707285881773785,3.782868817368636
validation,2026-02-09,btcusdt,binance,buy,10,817,0.09316753469128077,6.793534779326838
validation,2026-02-09,btcusdt,binance,sell,10,979,0.41287904726436014,5.287683349179369
validation,2026-02-09,btcusdt,binance,buy,30,817,-1.4264055686355424,11.05063907250306
validation,2026-02-09,btcusdt,binance,sell,30,979,1.0783698814525395,9.43257699552754
validation,2026-02-09,btcusdt,binance,buy,60,817,-1.8665918470372305,13.607348514425656
validation,2026-02-09,btcusdt,binance,sell,60,979,1.2976347014208047,13.200484982440182
validation,2026-02-09,btcusdt,binance,buy,120,817,-2.1025674479077514,16.938915551402786
validation,2026-02-09,btcusdt,binance,sell,120,979,0.8223580360264655,19.22300354476155
validation,2026-02-09,btcusdt,binance,buy,300,817,-0.7556982326711361,29.194738521235777
validation,2026-02-09,btcusdt,binance,sell,300,979,1.129806488998888,28.042341426972303
validation,2026-02-09,btcusdt,bybit,buy,-300,1165,-60.49010338540718,36.00343098846221
validation,2026-02-09,btcusdt,bybit,sell,-300,1433,44.896556566235304,21.612889777531944
validation,2026-02-09,btcusdt,bybit,buy,-120,1165,-37.3379901013178,20.695756875693405
validation,2026-02-09,btcusdt,bybit,sell,-120,1433,29.8565321124555,16.34231463428736
validation,2026-02-09,btcusdt,bybit,buy,-60,1165,-30.900264669528223,19.567900247979242
validation,2026-02-09,btcusdt,bybit,sell,-60,1433,23.022395489671005,12.178566017311239
validation,2026-02-09,btcusdt,bybit,buy,-30,1165,-24.182116029676024,15.9272850871045
validation,2026-02-09,btcusdt,bybit,sell,-30,1433,16.48993935322077,9.90285034257333
validation,2026-02-09,btcusdt,bybit,buy,-10,1165,-13.906147069006733,8.689814638666851
validation,2026-02-09,btcusdt,bybit,sell,-10,1433,10.52243689775725,6.99104845390061
validation,2026-02-09,btcusdt,bybit,buy,-5,1165,-10.15944829677863,7.6979219491839235
validation,2026-02-09,btcusdt,bybit,sell,-5,1433,7.611628209120862,5.820992279891
validation,2026-02-09,btcusdt,bybit,buy,-1,1165,-1.371025362918832,4.875944329788662
validation,2026-02-09,btcusdt,bybit,sell,-1,1433,0.8302703270334897,3.5282693637413978
validation,2026-02-09,btcusdt,bybit,buy,0,1165,0.0,0.0
validation,2026-02-09,btcusdt,bybit,sell,0,1433,0.0,0.0
validation,2026-02-09,btcusdt,bybit,buy,1,1165,-0.03586271550575298,4.4482824827785405
validation,2026-02-09,btcusdt,bybit,sell,1,1433,0.24944984598578848,2.5854239770677454
validation,2026-02-09,btcusdt,bybit,buy,5,1165,-1.3814270579240757,7.463222777211313
validation,2026-02-09,btcusdt,bybit,sell,5,1433,0.401698482144943,4.534586906508169
validation,2026-02-09,btcusdt,bybit,buy,10,1165,-1.1117649088797867,9.568272370626758
validation,2026-02-09,btcusdt,bybit,sell,10,1433,0.5057326712540218,6.161720527157467
validation,2026-02-09,btcusdt,bybit,buy,30,1165,-3.872738302795495,12.109983846352355
validation,2026-02-09,btcusdt,bybit,sell,30,1433,0.1286323793713304,11.276130592870622
validation,2026-02-09,btcusdt,bybit,buy,60,1165,-4.022679953935257,12.768030451282495
validation,2026-02-09,btcusdt,bybit,sell,60,1433,0.3320344061285122,15.377895048789387
validation,2026-02-09,btcusdt,bybit,buy,120,1165,-5.682528583202924,19.609929555202967
validation,2026-02-09,btcusdt,bybit,sell,120,1433,0.14488561753909418,24.20876344826184
validation,2026-02-09,btcusdt,bybit,buy,300,1165,-8.452213371459434,32.13612392885242
validation,2026-02-09,btcusdt,bybit,sell,300,1433,1.899960212390703,28.2058221785969
validation,2026-02-10,btcusdt,binance,buy,-300,571,-24.484404909644226,26.1044483713905
validation,2026-02-10,btcusdt,binance,sell,-300,821,33.88411648203268,27.359997973472943
validation,2026-02-10,btcusdt,binance,buy,-120,571,-20.463743146834947,16.27565464256
validation,2026-02-10,btcusdt,binance,sell,-120,821,23.63889946183197,18.122317288950164
validation,2026-02-10,btcusdt,binance,buy,-60,571,-17.141776917491853,12.628916779738422
validation,2026-02-10,btcusdt,binance,sell,-60,821,16.900050195279572,12.589499005854275
validation,2026-02-10,btcusdt,binance,buy,-30,571,-12.79553397778222,10.13480713027898
validation,2026-02-10,btcusdt,binance,sell,-30,821,11.634041168706602,9.395798865803298
validation,2026-02-10,btcusdt,binance,buy,-10,571,-7.289551027218191,6.829820034585192
validation,2026-02-10,btcusdt,binance,sell,-10,821,6.382432159478432,6.132225429972483
validation,2026-02-10,btcusdt,binance,buy,-5,571,-4.70758934632662,5.283604753789878
validation,2026-02-10,btcusdt,binance,sell,-5,821,3.798110525168988,4.415532918730629
validation,2026-02-10,btcusdt,binance,buy,-1,571,-0.47477972567384535,2.501214875765286
validation,2026-02-10,btcusdt,binance,sell,-1,821,0.19462084208225747,1.9041198853198449
validation,2026-02-10,btcusdt,binance,buy,0,571,0.0,0.0
validation,2026-02-10,btcusdt,binance,sell,0,821,0.0,0.0
validation,2026-02-10,btcusdt,binance,buy,1,571,-0.07763251683929769,1.9201323547250657
validation,2026-02-10,btcusdt,binance,sell,1,821,0.03460232457995491,1.8452868183653868
validation,2026-02-10,btcusdt,binance,buy,5,571,-0.18787426252431574,4.109881967259984
validation,2026-02-10,btcusdt,binance,sell,5,821,0.1951977682564604,4.120472724544343
validation,2026-02-10,btcusdt,binance,buy,10,571,-0.31677701305646677,5.752586375417398
validation,2026-02-10,btcusdt,binance,sell,10,821,0.6620221172987104,5.780341823771136
validation,2026-02-10,btcusdt,binance,buy,30,571,-0.7683417930597394,9.458156860936171
validation,2026-02-10,btcusdt,binance,sell,30,821,0.2126060322462899,9.459083971102318
validation,2026-02-10,btcusdt,binance,buy,60,571,-0.5857485076065975,12.07802956496314
validation,2026-02-10,btcusdt,binance,sell,60,821,0.13507223695453788,13.465529909171991
validation,2026-02-10,btcusdt,binance,buy,120,571,-1.3317363410057599,15.336186487074015
validation,2026-02-10,btcusdt,binance,sell,120,821,-0.9721184568744452,17.460887421776402
validation,2026-02-10,btcusdt,binance,buy,300,571,-2.323443940917221,21.08328219773325
validation,2026-02-10,btcusdt,binance,sell,300,821,-2.5054585510788114,30.593925024241926
validation,2026-02-10,btcusdt,bybit,buy,-300,590,-44.58976086974664,27.291522081423384
validation,2026-02-10,btcusdt,bybit,sell,-300,1333,68.72657357807147,48.09106545691366
validation,2026-02-10,btcusdt,bybit,buy,-120,590,-33.3977080248497,17.60525839517923
validation,2026-02-10,btcusdt,bybit,sell,-120,1333,37.896252696216884,21.595000847376394
validation,2026-02-10,btcusdt,bybit,buy,-60,590,-26.412160900792923,15.601401807639753
validation,2026-02-10,btcusdt,bybit,sell,-60,1333,27.835451336013502,16.755041623835723
validation,2026-02-10,btcusdt,bybit,buy,-30,590,-22.3897130487448,12.821038688627944
validation,2026-02-10,btcusdt,bybit,sell,-30,1333,23.176411606488085,17.512347502477894
validation,2026-02-10,btcusdt,bybit,buy,-10,590,-13.565377517423894,9.637237313442377
validation,2026-02-10,btcusdt,bybit,sell,-10,1333,17.82049828693729,17.562463625988244
validation,2026-02-10,btcusdt,bybit,buy,-5,590,-10.233707334497472,9.472386988919352
validation,2026-02-10,btcusdt,bybit,sell,-5,1333,13.634409145280554,14.655527836458106
validation,2026-02-10,btcusdt,bybit,buy,-1,590,-2.0264332831637666,6.826022283251656
validation,2026-02-10,btcusdt,bybit,sell,-1,1333,1.1650647333069248,5.90416630079937
validation,2026-02-10,btcusdt,bybit,buy,0,590,0.0,0.0
validation,2026-02-10,btcusdt,bybit,sell,0,1333,0.0,0.0
validation,2026-02-10,btcusdt,bybit,buy,1,590,1.070660963109374,6.341431381764096
validation,2026-02-10,btcusdt,bybit,sell,1,1333,-0.08425051373278226,2.9197691996793953
validation,2026-02-10,btcusdt,bybit,buy,5,590,0.9170224384472037,7.876828145186728
validation,2026-02-10,btcusdt,bybit,sell,5,1333,1.7875695092312047,5.459112771595378
validation,2026-02-10,btcusdt,bybit,buy,10,590,1.029251176534795,9.195937052791637
validation,2026-02-10,btcusdt,bybit,sell,10,1333,2.7758258072725095,7.7358581759971825
validation,2026-02-10,btcusdt,bybit,buy,30,590,0.007692407099326929,11.825140143728335
validation,2026-02-10,btcusdt,bybit,sell,30,1333,2.000181220819738,10.52768695921016
validation,2026-02-10,btcusdt,bybit,buy,60,590,0.9846516159524592,16.96193976629213
validation,2026-02-10,btcusdt,bybit,sell,60,1333,0.5160599244063043,14.017893320587051
validation,2026-02-10,btcusdt,bybit,buy,120,590,-1.0479755168388967,18.31478704924095
validation,2026-02-10,btcusdt,bybit,sell,120,1333,-2.3488314910930232,18.79445770588565
validation,2026-02-10,btcusdt,bybit,buy,300,590,-7.346088442656555,18.64284187691623
validation,2026-02-10,btcusdt,bybit,sell,300,1333,-0.6236042436175154,29.534763790428403
validation,2026-02-11,btcusdt,binance,buy,-300,915,-31.323691185954246,29.850775314852044
validation,2026-02-11,btcusdt,binance,sell,-300,1335,34.57543537115285,26.51593038936602
validation,2026-02-11,btcusdt,binance,buy,-120,915,-23.818938401182425,18.121624471344518
validation,2026-02-11,btcusdt,binance,sell,-120,1335,23.488537558365262,16.65367683219919
validation,2026-02-11,btcusdt,binance,buy,-60,915,-19.326963457778707,16.18873975312101
validation,2026-02-11,btcusdt,binance,sell,-60,1335,16.569397657758326,12.269568033651927
validation,2026-02-11,btcusdt,binance,buy,-30,915,-14.864040404259203,14.081576130875067
validation,2026-02-11,btcusdt,binance,sell,-30,1335,12.160662254838503,9.522607095144666
validation,2026-02-11,btcusdt,binance,buy,-10,915,-8.548956961566706,8.781619136411452
validation,2026-02-11,btcusdt,binance,sell,-10,1335,6.620595730539785,6.593809151139764
validation,2026-02-11,btcusdt,binance,buy,-5,915,-5.602774235142126,6.343446134812912
validation,2026-02-11,btcusdt,binance,sell,-5,1335,3.8789856052174554,4.673263525044616
validation,2026-02-11,btcusdt,binance,buy,-1,915,-0.3144202208051453,3.0563390399343113
validation,2026-02-11,btcusdt,binance,sell,-1,1335,0.1609825030525936,1.9322239694950327
validation,2026-02-11,btcusdt,binance,buy,0,915,0.0,0.0
validation,2026-02-11,btcusdt,binance,sell,0,1335,0.0,0.0
validation,2026-02-11,btcusdt,binance,buy,1,915,0.03156330903723673,2.761030164784985
validation,2026-02-11,btcusdt,binance,sell,1,1335,0.05742909915296504,1.9442414949336897
validation,2026-02-11,btcusdt,binance,buy,5,915,-0.0726710392379736,5.825933783430671
validation,2026-02-11,btcusdt,binance,sell,5,1335,0.17404468104241122,4.431657526581258
validation,2026-02-11,btcusdt,binance,buy,10,915,-0.13679853343368428,8.176740919465258
validation,2026-02-11,btcusdt,binance,sell,10,1335,0.7027612307708612,6.197350964600682
validation,2026-02-11,btcusdt,binance,buy,30,915,-1.2268450409579754,11.270493020593232
validation,2026-02-11,btcusdt,binance,sell,30,1335,0.5755149125401819,10.243928823180964
validation,2026-02-11,btcusdt,binance,buy,60,915,-1.5933365975393707,13.50522285272832
validation,2026-02-11,btcusdt,binance,sell,60,1335,-0.1477086807001539,13.022356662221302
validation,2026-02-11,btcusdt,binance,buy,120,915,-1.3565393196520799,17.319651801809425
validation,2026-02-11,btcusdt,binance,sell,120,1335,1.0468099945850518,19.65494717486923
validation,2026-02-11,btcusdt,binance,buy,300,915,-1.5712240282140402,28.43957664826535
validation,2026-02-11,btcusdt,binance,sell,300,1335,1.1129999979720202,27.573674816125816
validation,2026-02-11,btcusdt,bybit,buy,-300,1463,-59.05492733219218,34.24205691362105
validation,2026-02-11,btcusdt,bybit,sell,-300,2515,49.384716187321345,24.515740073071733
validation,2026-02-11,btcusdt,bybit,buy,-120,1463,-40.84214160774258,27.748061390154927
validation,2026-02-11,btcusdt,bybit,sell,-120,2515,34.46566322525164,15.724984555195135
validation,2026-02-11,btcusdt,bybit,buy,-60,1463,-37.33895523721453,30.08112045857046
validation,2026-02-11,btcusdt,bybit,sell,-60,2515,24.152027439542383,12.913579941359457
validation,2026-02-11,btcusdt,bybit,buy,-30,1463,-30.778460516442014,27.673644375622
validation,2026-02-11,btcusdt,bybit,sell,-30,2515,18.488129588826734,11.758786169094133
validation,2026-02-11,btcusdt,bybit,buy,-10,1463,-20.00620006966351,19.139010531591474
validation,2026-02-11,btcusdt,bybit,sell,-10,2515,12.183218861345688,8.821625076971257
validation,2026-02-11,btcusdt,bybit,buy,-5,1463,-13.865232037817114,12.078537430232103
validation,2026-02-11,btcusdt,bybit,sell,-5,2515,8.35321371112068,6.778737771423249
validation,2026-02-11,btcusdt,bybit,buy,-1,1463,-2.0623240124441686,5.730528957218387
validation,2026-02-11,btcusdt,bybit,sell,-1,2515,1.03150810048969,3.372629383676095
validation,2026-02-11,btcusdt,bybit,buy,0,1463,0.0,0.0
validation,2026-02-11,btcusdt,bybit,sell,0,2515,0.0,0.0
validation,2026-02-11,btcusdt,bybit,buy,1,1463,-0.05789419015889643,5.087046550210675
validation,2026-02-11,btcusdt,bybit,sell,1,2515,0.18847100931755856,2.457355600202448
validation,2026-02-11,btcusdt,bybit,buy,5,1463,0.3737113305560035,13.112370187598499
validation,2026-02-11,btcusdt,bybit,sell,5,2515,0.07836348348386228,5.913188917461012
validation,2026-02-11,btcusdt,bybit,buy,10,1463,1.3469570277002003,15.117431443970414
validation,2026-02-11,btcusdt,bybit,sell,10,2515,1.102256231806654,7.914439431045269
validation,2026-02-11,btcusdt,bybit,buy,30,1463,0.15074972590917407,19.426471037645992
validation,2026-02-11,btcusdt,bybit,sell,30,2515,1.2817624738683846,13.127104753370222
validation,2026-02-11,btcusdt,bybit,buy,60,1463,-5.569142020042713,18.78837214374424
validation,2026-02-11,btcusdt,bybit,sell,60,2515,0.5143888075277757,15.38709924317696
validation,2026-02-11,btcusdt,bybit,buy,120,1463,-3.4127156349860712,21.79333072010247
validation,2026-02-11,btcusdt,bybit,sell,120,2515,2.92048785518353,21.773657146089864
validation,2026-02-11,btcusdt,bybit,buy,300,1463,0.4686597585361002,29.581271389713933
validation,2026-02-11,btcusdt,bybit,sell,300,2515,-1.0148138688886776,27.04255951390875
validation,2026-02-12,btcusdt,binance,buy,-300,738,-22.028075241385018,18.937794023726347
validation,2026-02-12,btcusdt,binance,sell,-300,974,31.673299994188035,21.56054724938256
validation,2026-02-12,btcusdt,binance,buy,-120,738,-18.778271107698977,10.943496743407932
validation,2026-02-12,btcusdt,binance,sell,-120,974,21.68675609679494,15.973839375630062
validation,2026-02-12,btcusdt,binance,buy,-60,738,-15.314548649076446,9.326286281969265
validation,2026-02-12,btcusdt,binance,sell,-60,974,15.435380799731995,11.653679351122198
validation,2026-02-12,btcusdt,binance,buy,-30,738,-11.361938592868885,7.335363664645906
validation,2026-02-12,btcusdt,binance,sell,-30,974,11.127688780619419,8.810932310009525
validation,2026-02-12,btcusdt,binance,buy,-10,738,-6.5113251666993,4.95135708589519
validation,2026-02-12,btcusdt,binance,sell,-10,974,5.932664928046114,5.6501500113285426
validation,2026-02-12,btcusdt,binance,buy,-5,738,-4.261540006429306,3.8864578143279465
validation,2026-02-12,btcusdt,binance,sell,-5,974,3.58814286307781,3.88958762857735
validation,2026-02-12,btcusdt,binance,buy,-1,738,-0.4001031247081456,1.8809454345892969
validation,2026-02-12,btcusdt,binance,sell,-1,974,0.10288793606695133,1.8892268272601198
validation,2026-02-12,btcusdt,binance,buy,0,738,0.0,0.0
validation,2026-02-12,btcusdt,binance,sell,0,974,0.0,0.0
validation,2026-02-12,btcusdt,binance,buy,1,738,-0.00621466885164548,1.8337175630466513
validation,2026-02-12,btcusdt,binance,sell,1,974,-0.05162201868623702,1.8127579922442834
validation,2026-02-12,btcusdt,binance,buy,5,738,-0.20165547422929053,3.936907728996356
validation,2026-02-12,btcusdt,binance,sell,5,974,-0.04060423075246235,4.121432596211112
validation,2026-02-12,btcusdt,binance,buy,10,738,-0.7399675753122111,5.064097672939227
validation,2026-02-12,btcusdt,binance,sell,10,974,0.04933982545064574,5.961726620378219
validation,2026-02-12,btcusdt,binance,buy,30,738,-1.3630060619750086,7.179021909724418
validation,2026-02-12,btcusdt,binance,sell,30,974,-0.06144372931372974,8.267768896190837
validation,2026-02-12,btcusdt,binance,buy,60,738,-1.8008138499756903,10.470920134860155
validation,2026-02-12,btcusdt,binance,sell,60,974,0.1604713877412567,11.597740589445229
validation,2026-02-12,btcusdt,binance,buy,120,738,-2.497682095975702,13.835773748485439
validation,2026-02-12,btcusdt,binance,sell,120,974,1.995162430761664,16.399204690666927
validation,2026-02-12,btcusdt,binance,buy,300,738,-7.210161045010551,22.52031604844343
validation,2026-02-12,btcusdt,binance,sell,300,974,0.7420945106834573,22.936713000991023
validation,2026-02-12,btcusdt,bybit,buy,-300,650,-30.878175301717206,14.789145669016017
validation,2026-02-12,btcusdt,bybit,sell,-300,1445,45.62142841618184,19.467255194094843
validation,2026-02-12,btcusdt,bybit,buy,-120,650,-22.058825511815453,9.45891720159963
validation,2026-02-12,btcusdt,bybit,sell,-120,1445,34.714779769853266,20.827396048035205
validation,2026-02-12,btcusdt,bybit,buy,-60,650,-17.58363053432934,9.083549852868222
validation,2026-02-12,btcusdt,bybit,sell,-60,1445,23.389019525358115,14.048532243967816
validation,2026-02-12,btcusdt,bybit,buy,-30,650,-13.830536158071439,7.371011991012537
validation,2026-02-12,btcusdt,bybit,sell,-30,1445,17.499648081072205,10.784489253641318
validation,2026-02-12,btcusdt,bybit,buy,-10,650,-8.770038601269597,5.8486065774981215
validation,2026-02-12,btcusdt,bybit,sell,-10,1445,11.536216035520798,9.075430999840622
validation,2026-02-12,btcusdt,bybit,buy,-5,650,-6.638366264870481,5.481473775126687
validation,2026-02-12,btcusdt,bybit,sell,-5,1445,7.69396683030584,5.895862277713392
validation,2026-02-12,btcusdt,bybit,buy,-1,650,-0.8497240382516221,2.961899050028336
validation,2026-02-12,btcusdt,bybit,sell,-1,1445,0.9419571544084087,2.6783547302805806
validation,2026-02-12,btcusdt,bybit,buy,0,650,0.0,0.0
validation,2026-02-12,btcusdt,bybit,sell,0,1445,0.0,0.0
validation,2026-02-12,btcusdt,bybit,buy,1,650,-0.0244228791891082,1.8780324725881241
validation,2026-02-12,btcusdt,bybit,sell,1,1445,-0.13875053985772037,2.471463369061137
validation,2026-02-12,btcusdt,bybit,buy,5,650,-0.6645632447151749,3.689478558780444
validation,2026-02-12,btcusdt,bybit,sell,5,1445,-0.3716562469566161,5.8539826771941526
validation,2026-02-12,btcusdt,bybit,buy,10,650,-1.1904270706253908,5.069297497809033
validation,2026-02-12,btcusdt,bybit,sell,10,1445,-0.5300498727687315,7.689416765245301
validation,2026-02-12,btcusdt,bybit,buy,30,650,-1.7297475753843403,6.749092269075799
validation,2026-02-12,btcusdt,bybit,sell,30,1445,0.48159258174076924,9.722031617304724
validation,2026-02-12,btcusdt,bybit,buy,60,650,-2.7621503959685856,10.498993604024172
validation,2026-02-12,btcusdt,bybit,sell,60,1445,-1.950801707738187,12.877502382697157
validation,2026-02-12,btcusdt,bybit,buy,120,650,-3.122849788715391,12.921228658702258
validation,2026-02-12,btcusdt,bybit,sell,120,1445,3.995085932498084,18.828448599976785
validation,2026-02-12,btcusdt,bybit,buy,300,650,-10.559803200142188,21.62444680629652
validation,2026-02-12,btcusdt,bybit,sell,300,1445,5.578209463458234,24.797734302606717
validation,2026-02-13,btcusdt,binance,buy,-300,866,-34.796399771481,33.93988047575072
validation,2026-02-13,btcusdt,binance,sell,-300,534,21.20270385042713,21.01425298726203
validation,2026-02-13,btcusdt,binance,buy,-120,866,-24.17593226822825,20.260692583031453
validation,2026-02-13,btcusdt,binance,sell,-120,534,17.91879442881981,16.332057085330423
validation,2026-02-13,btcusdt,binance,buy,-60,866,-17.255903316328226,13.917148368388354
validation,2026-02-13,btcusdt,binance,sell,-60,534,13.54539089726435,10.856527225996514
validation,2026-02-13,btcusdt,binance,buy,-30,866,-12.239166955142693,10.098721576930876
validation,2026-02-13,btcusdt,binance,sell,-30,534,9.608722024575176,7.644270489399563
validation,2026-02-13,btcusdt,binance,buy,-10,866,-6.569107789859134,6.1386475673388645
validation,2026-02-13,btcusdt,binance,sell,-10,534,4.415683344856742,4.223203497063551
validation,2026-02-13,btcusdt,binance,buy,-5,866,-4.217966813429617,4.765477913525856
validation,2026-02-13,btcusdt,binance,sell,-5,534,2.7477205651767145,2.962208586628819
validation,2026-02-13,btcusdt,binance,buy,-1,866,-0.29840609167945253,2.2299800109590078
validation,2026-02-13,btcusdt,binance,sell,-1,534,0.16584764411830927,1.3333697120245969
validation,2026-02-13,btcusdt,binance,buy,0,866,0.0,0.0
validation,2026-02-13,btcusdt,binance,sell,0,534,0.0,0.0
validation,2026-02-13,btcusdt,binance,buy,1,866,0.07647284167222215,2.307204646665763
validation,2026-02-13,btcusdt,binance,sell,1,534,0.02572256645247276,1.338709248908761
validation,2026-02-13,btcusdt,binance,buy,5,866,0.0873963499427289,4.720690085099101
validation,2026-02-13,btcusdt,binance,sell,5,534,0.004434624767479233,2.91965268514411
validation,2026-02-13,btcusdt,binance,buy,10,866,0.1103192561445085,6.078851289530088
validation,2026-02-13,btcusdt,binance,sell,10,534,0.0008278121699380576,3.9979894452164926
validation,2026-02-13,btcusdt,binance,buy,30,866,0.008070116830816832,10.429670292619067
validation,2026-02-13,btcusdt,binance,sell,30,534,0.28879740482037375,6.939256592931162
validation,2026-02-13,btcusdt,binance,buy,60,866,0.40838164325548904,13.910440144899457
validation,2026-02-13,btcusdt,binance,sell,60,534,0.3695236748736269,10.478076834515162
validation,2026-02-13,btcusdt,binance,buy,120,866,1.8596795723182677,19.921006323560253
validation,2026-02-13,btcusdt,binance,sell,120,534,0.8101812442113038,14.28229970745378
validation,2026-02-13,btcusdt,binance,buy,300,866,2.3351293616943702,28.12134658256544
validation,2026-02-13,btcusdt,binance,sell,300,534,10.47752047771368,30.485099015224005
validation,2026-02-13,btcusdt,bybit,buy,-300,1793,-60.333113688061935,34.75718521625373
validation,2026-02-13,btcusdt,bybit,sell,-300,294,30.125987920651983,29.86947236589295
validation,2026-02-13,btcusdt,bybit,buy,-120,1793,-40.001123777113044,22.44050238621717
validation,2026-02-13,btcusdt,bybit,sell,-120,294,25.187513780495014,23.65729786113072
validation,2026-02-13,btcusdt,bybit,buy,-60,1793,-28.56153914219161,16.76698503621921
validation,2026-02-13,btcusdt,bybit,sell,-60,294,16.984176766363852,14.513030358890965
validation,2026-02-13,btcusdt,bybit,buy,-30,1793,-21.369234702201645,12.521672346197644
validation,2026-02-13,btcusdt,bybit,sell,-30,294,11.040951283965132,9.290708557879109
validation,2026-02-13,btcusdt,bybit,buy,-10,1793,-13.084968483525365,8.926757308595752
validation,2026-02-13,btcusdt,bybit,sell,-10,294,5.006598243519287,4.842170323209985
validation,2026-02-13,btcusdt,bybit,buy,-5,1793,-10.162382723662562,7.558558601199104
validation,2026-02-13,btcusdt,bybit,sell,-5,294,3.452939354782177,3.007852425109571
validation,2026-02-13,btcusdt,bybit,buy,-1,1793,-1.7069381924506088,4.283334650666416
validation,2026-02-13,btcusdt,bybit,sell,-1,294,0.31170241836847723,1.6775044293840657
validation,2026-02-13,btcusdt,bybit,buy,0,1793,0.0,0.0
validation,2026-02-13,btcusdt,bybit,sell,0,294,0.0,0.0
validation,2026-02-13,btcusdt,bybit,buy,1,1793,-0.22939845847196436,3.085538635811886
validation,2026-02-13,btcusdt,bybit,sell,1,294,0.22133651898627352,1.5549409530702423
validation,2026-02-13,btcusdt,bybit,buy,5,1793,-0.8751887295471882,6.927102189870176
validation,2026-02-13,btcusdt,bybit,sell,5,294,0.04294274292560137,3.4899556459319574
validation,2026-02-13,btcusdt,bybit,buy,10,1793,-1.493560063761886,8.003404826741122
validation,2026-02-13,btcusdt,bybit,sell,10,294,-0.006362861016073618,3.937763516441374
validation,2026-02-13,btcusdt,bybit,buy,30,1793,-0.8520145647249671,12.136094188398744
validation,2026-02-13,btcusdt,bybit,sell,30,294,-0.2971067192389435,7.103120330650802
validation,2026-02-13,btcusdt,bybit,buy,60,1793,-4.798406646613234,14.30972068865984
validation,2026-02-13,btcusdt,bybit,sell,60,294,-0.04959234516259095,10.505109181719288
validation,2026-02-13,btcusdt,bybit,buy,120,1793,-2.121696793208887,19.098915415396668
validation,2026-02-13,btcusdt,bybit,sell,120,294,2.7829770811336894,14.710423976755996
validation,2026-02-13,btcusdt,bybit,buy,300,1793,0.23275919148100038,26.797499637773505
validation,2026-02-13,btcusdt,bybit,sell,300,294,25.68584134420614,42.210419607147706
validation,2026-02-14,btcusdt,binance,buy,-300,611,-15.746028986474,13.84362175916573
validation,2026-02-14,btcusdt,binance,sell,-300,380,17.888304248856265,17.57509206538786
validation,2026-02-14,btcusdt,binance,buy,-120,611,-12.094501050898096,11.47118128080089
validation,2026-02-14,btcusdt,binance,sell,-120,380,13.213424621419843,12.990033026864582
validation,2026-02-14,btcusdt,binance,buy,-60,611,-9.176842365132563,9.040100209801766
validation,2026-02-14,btcusdt,binance,sell,-60,380,9.588897427450302,9.100075872796172
validation,2026-02-14,btcusdt,binance,buy,-30,611,-6.581960117658838,7.016957240500288
validation,2026-02-14,btcusdt,binance,sell,-30,380,6.402650179556383,6.252916190727677
validation,2026-02-14,btcusdt,binance,buy,-10,611,-4.0095828278119,5.454002205898386
validation,2026-02-14,btcusdt,binance,sell,-10,380,3.278576666480045,3.791501801012541
validation,2026-02-14,btcusdt,binance,buy,-5,611,-2.649788301973155,4.449048215245695
validation,2026-02-14,btcusdt,binance,sell,-5,380,2.054189915195881,3.066496306293138
validation,2026-02-14,btcusdt,binance,buy,-1,611,-0.23897270129022807,1.8319285012058941
validation,2026-02-14,btcusdt,binance,sell,-1,380,-0.09220275824436541,1.163282033287412
validation,2026-02-14,btcusdt,binance,buy,0,611,0.0,0.0
validation,2026-02-14,btcusdt,binance,sell,0,380,0.0,0.0
validation,2026-02-14,btcusdt,binance,buy,1,611,0.013733585183146903,1.2045890740945284
validation,2026-02-14,btcusdt,binance,sell,1,380,-0.01344022682489349,1.359087415295889
validation,2026-02-14,btcusdt,binance,buy,5,611,-0.11409924714271648,3.4948652031528717
validation,2026-02-14,btcusdt,binance,sell,5,380,0.00658123815938487,2.3214060244256904
validation,2026-02-14,btcusdt,binance,buy,10,611,-0.3926473886207412,4.063020795037228
validation,2026-02-14,btcusdt,binance,sell,10,380,-0.3672420653362442,3.401597379855773
validation,2026-02-14,btcusdt,binance,buy,30,611,-0.08847910902096068,6.225432914024382
validation,2026-02-14,btcusdt,binance,sell,30,380,0.11207401613008047,6.025892937507214
validation,2026-02-14,btcusdt,binance,buy,60,611,-0.1377157825633948,8.164261738488666
validation,2026-02-14,btcusdt,binance,sell,60,380,1.0261729338240535,8.307845175831833
validation,2026-02-14,btcusdt,binance,buy,120,611,-0.7099550664586823,9.27616997713232
validation,2026-02-14,btcusdt,binance,sell,120,380,0.5132505277337995,9.259489922551056
validation,2026-02-14,btcusdt,binance,buy,300,611,-1.8109152439238447,12.535539531131036
validation,2026-02-14,btcusdt,binance,sell,300,380,-0.7600550309916906,15.322376823040237
validation,2026-02-14,btcusdt,bybit,buy,-300,1074,-31.764430028725418,15.4883961663005
validation,2026-02-14,btcusdt,bybit,sell,-300,232,30.02173870055832,15.814380866686058
validation,2026-02-14,btcusdt,bybit,buy,-120,1074,-28.0518531929143,15.62255199830697
validation,2026-02-14,btcusdt,bybit,sell,-120,232,20.850389810550777,11.195422022991604
validation,2026-02-14,btcusdt,bybit,buy,-60,1074,-23.682968786295053,14.959885990467193
validation,2026-02-14,btcusdt,bybit,sell,-60,232,15.275496020590268,8.556651252552012
validation,2026-02-14,btcusdt,bybit,buy,-30,1074,-18.5365910519805,13.649682656457063
validation,2026-02-14,btcusdt,bybit,sell,-30,232,11.130586787159178,7.161119447117193
validation,2026-02-14,btcusdt,bybit,buy,-10,1074,-14.280808083887404,12.109103189260788
validation,2026-02-14,btcusdt,bybit,sell,-10,232,6.613426424682674,5.298560820184014
validation,2026-02-14,btcusdt,bybit,buy,-5,1074,-12.43717259734163,11.534714265042657
validation,2026-02-14,btcusdt,bybit,sell,-5,232,5.020896893239046,4.78217394060115
validation,2026-02-14,btcusdt,bybit,buy,-1,1074,-2.2710881132610394,4.538763389112237
validation,2026-02-14,btcusdt,bybit,sell,-1,232,-0.03702232399334994,1.8682655078459889
validation,2026-02-14,btcusdt,bybit,buy,0,1074,0.0,0.0
validation,2026-02-14,btcusdt,bybit,sell,0,232,0.0,0.0
validation,2026-02-14,btcusdt,bybit,buy,1,1074,1.190804197657828,4.244206352649527
validation,2026-02-14,btcusdt,bybit,sell,1,232,0.00013408943390753067,1.7175637786232738
validation,2026-02-14,btcusdt,bybit,buy,5,1074,-0.4859340200105633,8.22962533324132
validation,2026-02-14,btcusdt,bybit,sell,5,232,0.5996621732462196,3.3340659849624026
validation,2026-02-14,btcusdt,bybit,buy,10,1074,-3.3036872010253147,7.26914468096405
validation,2026-02-14,btcusdt,bybit,sell,10,232,1.2867488993918568,4.374776595604666
validation,2026-02-14,btcusdt,bybit,buy,30,1074,-2.355260836028318,9.594905760443183
validation,2026-02-14,btcusdt,bybit,sell,30,232,3.0772929154380018,7.725963995930664
validation,2026-02-14,btcusdt,bybit,buy,60,1074,-3.4235904391014,11.103440543509166
validation,2026-02-14,btcusdt,bybit,sell,60,232,5.182417013798274,10.143818365859701
validation,2026-02-14,btcusdt,bybit,buy,120,1074,-5.920164735058145,12.110293145889955
validation,2026-02-14,btcusdt,bybit,sell,120,232,4.089651414782829,11.869532279460362
validation,2026-02-14,btcusdt,bybit,buy,300,1074,-9.809508156081883,15.320431928602552
validation,2026-02-14,btcusdt,bybit,sell,300,232,0.17339543067868968,13.93711619278323
validation,2026-02-15,btcusdt,binance,buy,-300,492,-19.554075537006767,21.48598805082218
validation,2026-02-15,btcusdt,binance,sell,-300,699,30.837649370365142,22.415166536391535
validation,2026-02-15,btcusdt,binance,buy,-120,492,-15.795623065359306,16.37868764969212
validation,2026-02-15,btcusdt,binance,sell,-120,699,21.06313143553449,15.030655754751795
validation,2026-02-15,btcusdt,binance,buy,-60,492,-11.185825496867235,11.40547265724901
validation,2026-02-15,btcusdt,binance,sell,-60,699,14.946880486515623,11.881157777044207
validation,2026-02-15,btcusdt,binance,buy,-30,492,-8.841546921487948,9.085375186187765
validation,2026-02-15,btcusdt,binance,sell,-30,699,10.896339365174022,10.49878403823542
validation,2026-02-15,btcusdt,binance,buy,-10,492,-4.751747851501611,5.333881352485667
validation,2026-02-15,btcusdt,binance,sell,-10,699,5.848024333107206,7.197018027784994
validation,2026-02-15,btcusdt,binance,buy,-5,492,-3.1005315824408246,3.9161289697382875
validation,2026-02-15,btcusdt,binance,sell,-5,699,3.7317410978074763,5.5155807732269295
validation,2026-02-15,btcusdt,binance,buy,-1,492,-0.29038094134934495,1.7264396282288548
validation,2026-02-15,btcusdt,binance,sell,-1,699,0.20595782959702733,2.3120601158467924
validation,2026-02-15,btcusdt,binance,buy,0,492,0.0,0.0
validation,2026-02-15,btcusdt,binance,sell,0,699,0.0,0.0
validation,2026-02-15,btcusdt,binance,buy,1,492,-0.08419513759787282,1.4743494833591255
validation,2026-02-15,btcusdt,binance,sell,1,699,0.033148008512572255,2.304327723192815
validation,2026-02-15,btcusdt,binance,buy,5,492,-0.1335203423691036,2.981464774102813
validation,2026-02-15,btcusdt,binance,sell,5,699,0.3782369316120612,4.717267460205802
validation,2026-02-15,btcusdt,binance,buy,10,492,-0.0966743667594714,4.386307800836347
validation,2026-02-15,btcusdt,binance,sell,10,699,0.5378862253075626,5.7997561246881535
validation,2026-02-15,btcusdt,binance,buy,30,492,-0.021334741440992226,6.46414724182655
validation,2026-02-15,btcusdt,binance,sell,30,699,0.17647184435811125,8.440862918146381
validation,2026-02-15,btcusdt,binance,buy,60,492,-0.5492479161830427,8.365101831039292
validation,2026-02-15,btcusdt,binance,sell,60,699,-0.1651890183771169,10.055364768752517
validation,2026-02-15,btcusdt,binance,buy,120,492,-1.4722027987144397,12.402936401776573
validation,2026-02-15,btcusdt,binance,sell,120,699,-0.5571545646005498,13.939610642534133
validation,2026-02-15,btcusdt,binance,buy,300,492,-1.8274524967048242,17.278055099171823
validation,2026-02-15,btcusdt,binance,sell,300,699,-2.772948669846152,24.17374211520346
validation,2026-02-15,btcusdt,bybit,buy,-300,553,-35.26125999372668,20.974283320993944
validation,2026-02-15,btcusdt,bybit,sell,-300,1245,53.74672341920509,26.90665729814638
validation,2026-02-15,btcusdt,bybit,buy,-120,553,-28.040868815212878,18.8135328478189
validation,2026-02-15,btcusdt,bybit,sell,-120,1245,37.046152595753455,18.712624770295765
validation,2026-02-15,btcusdt,bybit,buy,-60,553,-20.20112706605006,13.695823687683642
validation,2026-02-15,btcusdt,bybit,sell,-60,1245,31.19289910106745,20.73053554966463
validation,2026-02-15,btcusdt,bybit,buy,-30,553,-18.79592573155019,13.597597769277671
validation,2026-02-15,btcusdt,bybit,sell,-30,1245,27.436533045684353,22.143017208188496
validation,2026-02-15,btcusdt,bybit,buy,-10,553,-12.168362049132826,9.681044650705115
validation,2026-02-15,btcusdt,bybit,sell,-10,1245,19.370508794811222,17.565933265576128
validation,2026-02-15,btcusdt,bybit,buy,-5,553,-9.924280508405197,8.765031595956474
validation,2026-02-15,btcusdt,bybit,sell,-5,1245,16.80818408624781,16.736378431971914
validation,2026-02-15,btcusdt,bybit,buy,-1,553,-1.392694837452589,4.490004719128856
validation,2026-02-15,btcusdt,bybit,sell,-1,1245,4.191624813863024,6.892242666781615
validation,2026-02-15,btcusdt,bybit,buy,0,553,0.0,0.0
validation,2026-02-15,btcusdt,bybit,sell,0,1245,0.0,0.0
validation,2026-02-15,btcusdt,bybit,buy,1,553,-0.4191490342712105,2.7495792628315576
validation,2026-02-15,btcusdt,bybit,sell,1,1245,-1.1958057286543269,5.3343438034311905
validation,2026-02-15,btcusdt,bybit,buy,5,553,-2.424517026353362,4.490515946488234
validation,2026-02-15,btcusdt,bybit,sell,5,1245,0.16327416555927665,13.582391979175027
validation,2026-02-15,btcusdt,bybit,buy,10,553,-2.298822466129831,6.205110190802649
validation,2026-02-15,btcusdt,bybit,sell,10,1245,4.362677703893964,10.960692344243524
validation,2026-02-15,btcusdt,bybit,buy,30,553,-0.41130950530166255,7.739251272798051
validation,2026-02-15,btcusdt,bybit,sell,30,1245,3.5112297333761893,14.377391573247118
validation,2026-02-15,btcusdt,bybit,buy,60,553,-1.4535901743645558,9.531528088442638
validation,2026-02-15,btcusdt,bybit,sell,60,1245,4.941672120365534,13.566333749225194
validation,2026-02-15,btcusdt,bybit,buy,120,553,-2.6310389650912636,9.377758703548587
validation,2026-02-15,btcusdt,bybit,sell,120,1245,0.11698733429942271,15.981170218286868
validation,2026-02-15,btcusdt,bybit,buy,300,553,-2.4697724039934945,13.815428736843687
validation,2026-02-15,btcusdt,bybit,sell,300,1245,-7.614066480724647,26.77007794377298
validation,2026-02-16,btcusdt,binance,buy,-300,559,-23.089243532857605,23.02438833624071
validation,2026-02-16,btcusdt,binance,sell,-300,549,30.412368533716464,31.987376536585177
validation,2026-02-16,btcusdt,binance,buy,-120,559,-17.740492060348792,16.734575599470674
validation,2026-02-16,btcusdt,binance,sell,-120,549,23.352224449327053,21.07293331069566
validation,2026-02-16,btcusdt,binance,buy,-60,559,-13.419435101037665,12.894590668915885
validation,2026-02-16,btcusdt,binance,sell,-60,549,16.173875718175122,14.584476568951501
validation,2026-02-16,btcusdt,binance,buy,-30,559,-9.908131740196147,8.890623190761362
validation,2026-02-16,btcusdt,binance,sell,-30,549,11.359293239581199,11.335228716661106
validation,2026-02-16,btcusdt,binance,buy,-10,559,-5.513510112079739,5.787715145642325
validation,2026-02-16,btcusdt,binance,sell,-10,549,6.278223951954887,6.9500515724751475
validation,2026-02-16,btcusdt,binance,buy,-5,559,-3.8226389908585667,4.533888167498278
validation,2026-02-16,btcusdt,binance,sell,-5,549,4.006501848629014,5.711895135639368
validation,2026-02-16,btcusdt,binance,buy,-1,559,-0.360260782659233,2.208924019035775
validation,2026-02-16,btcusdt,binance,sell,-1,549,0.28300896862396907,2.135786997925131
validation,2026-02-16,btcusdt,binance,buy,0,559,0.0,0.0
validation,2026-02-16,btcusdt,binance,sell,0,549,0.0,0.0
validation,2026-02-16,btcusdt,binance,buy,1,559,-0.018206319356043384,2.053400404042737
validation,2026-02-16,btcusdt,binance,sell,1,549,-0.10720491352341516,2.5006009109835845
validation,2026-02-16,btcusdt,binance,buy,5,559,0.0351314705879539,3.895678572986286
validation,2026-02-16,btcusdt,binance,sell,5,549,-0.11553704735291079,4.914502747721073
validation,2026-02-16,btcusdt,binance,buy,10,559,-0.36181383765398595,5.084045032388478
validation,2026-02-16,btcusdt,binance,sell,10,549,-0.16442256183324772,6.730048035440399
validation,2026-02-16,btcusdt,binance,buy,30,559,0.011603551349099744,8.344635889153093
validation,2026-02-16,btcusdt,binance,sell,30,549,-0.5516348745326193,11.27420844013927
validation,2026-02-16,btcusdt,binance,buy,60,559,-0.4915138194366749,11.255872372562107
validation,2026-02-16,btcusdt,binance,sell,60,549,-1.821003707952012,15.208633253633714
validation,2026-02-16,btcusdt,binance,buy,120,559,-1.6528684072154691,13.557088115784099
validation,2026-02-16,btcusdt,binance,sell,120,549,-3.3558973841353845,20.021924297156538
validation,2026-02-16,btcusdt,binance,buy,300,559,-4.9083078268547355,15.732988813907
validation,2026-02-16,btcusdt,binance,sell,300,549,-6.734832098512254,31.12545010692569
validation,2026-02-16,btcusdt,bybit,buy,-300,733,-42.930857173596685,27.04858629843393
validation,2026-02-16,btcusdt,bybit,sell,-300,1015,74.410328591467,38.50760581177737
validation,2026-02-16,btcusdt,bybit,buy,-120,733,-35.40028860978108,22.354391285787102
validation,2026-02-16,btcusdt,bybit,sell,-120,1015,56.64678632571873,31.050596159229155
validation,2026-02-16,btcusdt,bybit,buy,-60,733,-29.36517340667403,21.1199333470051
validation,2026-02-16,btcusdt,bybit,sell,-60,1015,40.20676367353347,23.918638077523077
validation,2026-02-16,btcusdt,bybit,buy,-30,733,-21.842742485692536,15.745993427079608
validation,2026-02-16,btcusdt,bybit,sell,-30,1015,32.74482656699957,21.79935186433291
validation,2026-02-16,btcusdt,bybit,buy,-10,733,-13.210615698025164,9.25401317608692
validation,2026-02-16,btcusdt,bybit,sell,-10,1015,21.651831450194635,16.025454557836255
validation,2026-02-16,btcusdt,bybit,buy,-5,733,-10.647583457108194,8.708802131462196
validation,2026-02-16,btcusdt,bybit,sell,-5,1015,19.861339326255123,16.782212669276582
validation,2026-02-16,btcusdt,bybit,buy,-1,733,-1.6425130150950706,4.630442011462796
validation,2026-02-16,btcusdt,bybit,sell,-1,1015,3.98967371810319,8.259926373616171
validation,2026-02-16,btcusdt,bybit,buy,0,733,0.0,0.0
validation,2026-02-16,btcusdt,bybit,sell,0,1015,0.0,0.0
validation,2026-02-16,btcusdt,bybit,buy,1,733,-0.7705692069557848,3.9981187461998573
validation,2026-02-16,btcusdt,bybit,sell,1,1015,-0.6182708090066826,5.567844806850597
validation,2026-02-16,btcusdt,bybit,buy,5,733,-2.1231541835576855,6.017389053477701
validation,2026-02-16,btcusdt,bybit,sell,5,1015,2.877909184440746,7.653115550023009
validation,2026-02-16,btcusdt,bybit,buy,10,733,-0.48356477355211225,8.422847969041609
validation,2026-02-16,btcusdt,bybit,sell,10,1015,3.465928135332687,10.231162004017351
validation,2026-02-16,btcusdt,bybit,buy,30,733,2.62517848933973,10.736492423241044
validation,2026-02-16,btcusdt,bybit,sell,30,1015,-2.054051805729028,15.264342192105913
validation,2026-02-16,btcusdt,bybit,buy,60,733,3.089702012999553,14.795886799648567
validation,2026-02-16,btcusdt,bybit,sell,60,1015,-4.3272517177295295,17.590422807378708
validation,2026-02-16,btcusdt,bybit,buy,120,733,2.94405999441755,16.57286135012545
validation,2026-02-16,btcusdt,bybit,sell,120,1015,-14.055539858426421,27.679601627376048
validation,2026-02-16,btcusdt,bybit,buy,300,733,-4.135894340754069,15.4810022009228
validation,2026-02-16,btcusdt,bybit,sell,300,1015,-23.559973401619057,36.847684093358154
validation,2026-02-17,btcusdt,binance,buy,-300,458,-27.950677728566387,22.503192274667235
validation,2026-02-17,btcusdt,binance,sell,-300,682,31.253756000984385,27.958557664889067
validation,2026-02-17,btcusdt,binance,buy,-120,458,-21.109608078632565,14.692348945534642
validation,2026-02-17,btcusdt,binance,sell,-120,682,20.889822630586973,16.358228096761067
validation,2026-02-17,btcusdt,binance,buy,-60,458,-16.003179856067252,11.452077221107238
validation,2026-02-17,btcusdt,binance,sell,-60,682,15.441412227016675,12.825085736586573
validation,2026-02-17,btcusdt,binance,buy,-30,458,-12.047093741826517,9.188584735112233
validation,2026-02-17,btcusdt,binance,sell,-30,682,11.446045775169061,10.23206638436253
validation,2026-02-17,btcusdt,binance,buy,-10,458,-6.735582277488729,6.169638602432561
validation,2026-02-17,btcusdt,binance,sell,-10,682,6.525294263455903,6.194386289614419
validation,2026-02-17,btcusdt,binance,buy,-5,458,-4.672128486369747,4.557890518627877
validation,2026-02-17,btcusdt,binance,sell,-5,682,3.9492128652439056,4.4688107130119255
validation,2026-02-17,btcusdt,binance,buy,-1,458,-0.45778173699276503,2.2497120291456696
validation,2026-02-17,btcusdt,binance,sell,-1,682,0.34067671976432967,1.7998275617097448
validation,2026-02-17,btcusdt,binance,buy,0,458,0.0,0.0
validation,2026-02-17,btcusdt,binance,sell,0,682,0.0,0.0
validation,2026-02-17,btcusdt,binance,buy,1,458,0.09446129238145068,2.018589847143448
validation,2026-02-17,btcusdt,binance,sell,1,682,-0.0553654869801398,1.8151399332237408
validation,2026-02-17,btcusdt,binance,buy,5,458,0.2353673706915072,4.305935692722073
validation,2026-02-17,btcusdt,binance,sell,5,682,0.0987692758583168,3.8584094203664523
validation,2026-02-17,btcusdt,binance,buy,10,458,0.3465657498222774,5.433303568192659
validation,2026-02-17,btcusdt,binance,sell,10,682,0.18915247494956672,4.973735783476418
validation,2026-02-17,btcusdt,binance,buy,30,458,1.160474967126957,9.39990700180717
validation,2026-02-17,btcusdt,binance,sell,30,682,-0.040586232129717424,9.25523650347103
validation,2026-02-17,btcusdt,binance,buy,60,458,0.7174200685731126,13.202658243158398
validation,2026-02-17,btcusdt,binance,sell,60,682,-0.06683066827598784,11.443010904808004
validation,2026-02-17,btcusdt,binance,buy,120,458,-0.1064408381508521,16.1778157869448
validation,2026-02-17,btcusdt,binance,sell,120,682,-0.5646139486602271,16.470151637373252
validation,2026-02-17,btcusdt,binance,buy,300,458,-3.601811952321326,23.31374460917705
validation,2026-02-17,btcusdt,binance,sell,300,682,-1.21815039161862,28.744790472789923
validation,2026-02-17,btcusdt,bybit,buy,-300,416,-49.491809056878274,24.778401156024653
validation,2026-02-17,btcusdt,bybit,sell,-300,1075,54.67880610964789,33.165783512019324
validation,2026-02-17,btcusdt,bybit,buy,-120,416,-33.92271973441051,15.527246524605268
validation,2026-02-17,btcusdt,bybit,sell,-120,1075,33.64679191812122,16.7679207978284
validation,2026-02-17,btcusdt,bybit,buy,-60,416,-26.199257847759974,14.258832906700617
validation,2026-02-17,btcusdt,bybit,sell,-60,1075,25.875107275862486,15.774247361875945
validation,2026-02-17,btcusdt,bybit,buy,-30,416,-20.903492324107848,13.046407226779198
validation,2026-02-17,btcusdt,bybit,sell,-30,1075,21.32938573402255,13.265567861005378
validation,2026-02-17,btcusdt,bybit,buy,-10,416,-13.90064019772284,10.033660306632243
validation,2026-02-17,btcusdt,bybit,sell,-10,1075,13.847908284223129,8.621628906538584
validation,2026-02-17,btcusdt,bybit,buy,-5,416,-11.112158973376552,7.82549277979333
validation,2026-02-17,btcusdt,bybit,sell,-5,1075,9.381440013677315,6.472981411776215
validation,2026-02-17,btcusdt,bybit,buy,-1,416,-1.7764104179097548,4.511689422867955
validation,2026-02-17,btcusdt,bybit,sell,-1,1075,1.1041923026125584,3.460099680818846
validation,2026-02-17,btcusdt,bybit,buy,0,416,0.0,0.0
validation,2026-02-17,btcusdt,bybit,sell,0,1075,0.0,0.0
validation,2026-02-17,btcusdt,bybit,buy,1,416,0.4226184737560255,3.3046191508315
validation,2026-02-17,btcusdt,bybit,sell,1,1075,0.17665349001214128,2.872896501934235
validation,2026-02-17,btcusdt,bybit,buy,5,416,0.415401722170511,6.185667084533696
validation,2026-02-17,btcusdt,bybit,sell,5,1075,1.6328029374046438,6.4061042820341045
validation,2026-02-17,btcusdt,bybit,buy,10,416,-0.20862405510199641,7.851393046989458
validation,2026-02-17,btcusdt,bybit,sell,10,1075,1.0956895427225697,7.129836918879481
validation,2026-02-17,btcusdt,bybit,buy,30,416,0.768040789715423,11.728920519008506
validation,2026-02-17,btcusdt,bybit,sell,30,1075,1.1092637319372964,10.624539587473127
validation,2026-02-17,btcusdt,bybit,buy,60,416,-2.454914995023075,15.50941490976018
validation,2026-02-17,btcusdt,bybit,sell,60,1075,0.8240062616253013,12.758606789361366
validation,2026-02-17,btcusdt,bybit,buy,120,416,-4.7088112887297235,14.995863623983608
validation,2026-02-17,btcusdt,bybit,sell,120,1075,-3.992343140244889,21.730314820837958
validation,2026-02-17,btcusdt,bybit,buy,300,416,-6.2995456678036374,23.07183630302862
validation,2026-02-17,btcusdt,bybit,sell,300,1075,-11.638421341108112,36.052121580264085
validation,2026-02-18,btcusdt,binance,buy,-300,416,-26.711108196231905,29.489904619348582
validation,2026-02-18,btcusdt,binance,sell,-300,718,27.662836894263357,24.401576159417342
validation,2026-02-18,btcusdt,binance,buy,-120,416,-18.16243327846691,13.660634128251045
validation,2026-02-18,btcusdt,binance,sell,-120,718,20.51680556582902,18.255563953693134
validation,2026-02-18,btcusdt,binance,buy,-60,416,-13.510079288017758,9.49809462117869
validation,2026-02-18,btcusdt,binance,sell,-60,718,16.069344714643243,13.59488740325154
validation,2026-02-18,btcusdt,binance,buy,-30,416,-9.775613827419349,7.000114607930753
validation,2026-02-18,btcusdt,binance,sell,-30,718,10.676204288443474,9.513674933617347
validation,2026-02-18,btcusdt,binance,buy,-10,416,-5.564343507044677,4.570713290886165
validation,2026-02-18,btcusdt,binance,sell,-10,718,5.847827921473393,5.766710408718193
validation,2026-02-18,btcusdt,binance,buy,-5,416,-3.7971331633656766,3.448526860393334
validation,2026-02-18,btcusdt,binance,sell,-5,718,3.7083414081397126,4.3281972944342275
validation,2026-02-18,btcusdt,binance,buy,-1,416,-0.35639685884649425,1.5720822861661135
validation,2026-02-18,btcusdt,binance,sell,-1,718,0.2309526597750156,1.7802261275459603
validation,2026-02-18,btcusdt,binance,buy,0,416,0.0,0.0
validation,2026-02-18,btcusdt,binance,sell,0,718,0.0,0.0
validation,2026-02-18,btcusdt,binance,buy,1,416,-0.016754185752265224,1.3782103456439727
validation,2026-02-18,btcusdt,binance,sell,1,718,-0.186780340354395,1.790504712992585
validation,2026-02-18,btcusdt,binance,buy,5,416,0.04741713346126552,2.9212315426366864
validation,2026-02-18,btcusdt,binance,sell,5,718,-0.20392912914651787,3.724642663245132
validation,2026-02-18,btcusdt,binance,buy,10,416,0.14749525793835688,4.050567276179151
validation,2026-02-18,btcusdt,binance,sell,10,718,-0.19545043260235323,5.620251540066313
validation,2026-02-18,btcusdt,binance,buy,30,416,0.7759499298066252,7.722748078152164
validation,2026-02-18,btcusdt,binance,sell,30,718,-1.3306476905825801,9.306722820853027
validation,2026-02-18,btcusdt,binance,buy,60,416,0.6068355546049158,9.783905390943417
validation,2026-02-18,btcusdt,binance,sell,60,718,-1.0788799942408323,12.182545268762965
validation,2026-02-18,btcusdt,binance,buy,120,416,0.3632687538515301,15.11685989576405
validation,2026-02-18,btcusdt,binance,sell,120,718,-1.2441165076404892,17.43647800576308
validation,2026-02-18,btcusdt,binance,buy,300,416,0.3657375447016976,26.456609963810042
validation,2026-02-18,btcusdt,binance,sell,300,718,2.0527834549987944,19.666040341725704
validation,2026-02-18,btcusdt,bybit,buy,-300,375,-42.75117345398005,32.314615392604786
validation,2026-02-18,btcusdt,bybit,sell,-300,1406,45.50979337974692,23.60431589872885
validation,2026-02-18,btcusdt,bybit,buy,-120,375,-25.90088947512911,17.784902177575237
validation,2026-02-18,btcusdt,bybit,sell,-120,1406,32.26992713389986,20.431009816829267
validation,2026-02-18,btcusdt,bybit,buy,-60,375,-18.399100503576246,11.068260610031366
validation,2026-02-18,btcusdt,bybit,sell,-60,1406,26.509201238739877,15.982135936829206
validation,2026-02-18,btcusdt,bybit,buy,-30,375,-13.669752263076557,9.36116220301192
validation,2026-02-18,btcusdt,bybit,sell,-30,1406,18.037702848908356,11.549212070819326
validation,2026-02-18,btcusdt,bybit,buy,-10,375,-8.206477868073366,5.243033096088765
validation,2026-02-18,btcusdt,bybit,sell,-10,1406,11.923647713626597,7.498419066721157
validation,2026-02-18,btcusdt,bybit,buy,-5,375,-6.263404145184441,4.9447590907780015
validation,2026-02-18,btcusdt,bybit,sell,-5,1406,9.338995764641547,7.069301084249054
validation,2026-02-18,btcusdt,bybit,buy,-1,375,-0.7944611154885388,2.162656602100909
validation,2026-02-18,btcusdt,bybit,sell,-1,1406,1.5585998557849172,3.7663456236937667
validation,2026-02-18,btcusdt,bybit,buy,0,375,0.0,0.0
validation,2026-02-18,btcusdt,bybit,sell,0,1406,0.0,0.0
validation,2026-02-18,btcusdt,bybit,buy,1,375,0.12070633233784654,1.8504784101534373
validation,2026-02-18,btcusdt,bybit,sell,1,1406,-0.10527321228904683,2.970601116649257
validation,2026-02-18,btcusdt,bybit,buy,5,375,-0.2726629594785079,3.565651758419121
validation,2026-02-18,btcusdt,bybit,sell,5,1406,0.0034096071154970375,4.734502653512072
validation,2026-02-18,btcusdt,bybit,buy,10,375,0.2745216574275667,5.513537323374431
validation,2026-02-18,btcusdt,bybit,sell,10,1406,-0.08031049874437667,5.944211224476549
validation,2026-02-18,btcusdt,bybit,buy,30,375,1.7425781075840738,9.847562329142075
validation,2026-02-18,btcusdt,bybit,sell,30,1406,-2.5441589510496376,10.819815815826297
validation,2026-02-18,btcusdt,bybit,buy,60,375,1.4950552528017196,10.484035594573417
validation,2026-02-18,btcusdt,bybit,sell,60,1406,-1.231836795452655,13.251418633076302
validation,2026-02-18,btcusdt,bybit,buy,120,375,3.062132857316919,16.589448924415635
validation,2026-02-18,btcusdt,bybit,sell,120,1406,-1.2474678363336777,19.96554763717533
validation,2026-02-18,btcusdt,bybit,buy,300,375,8.817862494831022,36.81454866518948
validation,2026-02-18,btcusdt,bybit,sell,300,1406,6.329859179864304,20.515840596542162
validation,2026-02-19,btcusdt,binance,buy,-300,431,-24.185452121032462,17.79756384893556
validation,2026-02-19,btcusdt,binance,sell,-300,603,23.751222254019478,16.100075655042684
validation,2026-02-19,btcusdt,binance,buy,-120,431,-19.259735601067927,12.972285806800901
validation,2026-02-19,btcusdt,binance,sell,-120,603,16.57467710511689,10.954152187236655
validation,2026-02-19,btcusdt,binance,buy,-60,431,-15.709713957181085,10.843275180178129
validation,2026-02-19,btcusdt,binance,sell,-60,603,11.427659980938275,7.921599656993812
validation,2026-02-19,btcusdt,binance,buy,-30,431,-11.69068725200475,9.126040077701445
validation,2026-02-19,btcusdt,binance,sell,-30,603,8.568177104213618,6.281666720950486
validation,2026-02-19,btcusdt,binance,buy,-10,431,-6.764727349472671,5.923450265155899
validation,2026-02-19,btcusdt,binance,sell,-10,603,4.672422203682942,4.067749817451468
validation,2026-02-19,btcusdt,binance,buy,-5,431,-4.645051499414739,4.47333347867832
validation,2026-02-19,btcusdt,binance,sell,-5,603,2.8903380162125756,3.008604428977064
validation,2026-02-19,btcusdt,binance,buy,-1,431,-0.6176510499546277,2.1364558652024344
validation,2026-02-19,btcusdt,binance,sell,-1,603,0.18344550925401626,1.558114993016525
validation,2026-02-19,btcusdt,binance,buy,0,431,0.0,0.0
validation,2026-02-19,btcusdt,binance,sell,0,603,0.0,0.0
validation,2026-02-19,btcusdt,binance,buy,1,431,0.045376299252816846,1.5813244555626853
validation,2026-02-19,btcusdt,binance,sell,1,603,-0.0437767615357667,1.3604989042505564
validation,2026-02-19,btcusdt,binance,buy,5,431,0.3426709041408345,3.8271070959082203
validation,2026-02-19,btcusdt,binance,sell,5,603,0.2491485243588099,2.9355745166521316
validation,2026-02-19,btcusdt,binance,buy,10,431,0.4007092715169267,5.144945354907759
validation,2026-02-19,btcusdt,binance,sell,10,603,0.42478165055994244,4.069740213174268
validation,2026-02-19,btcusdt,binance,buy,30,431,-0.7923366548712493,7.143006456889887
validation,2026-02-19,btcusdt,binance,sell,30,603,0.22547030724538136,6.027839716697939
validation,2026-02-19,btcusdt,binance,buy,60,431,-1.7751124326187224,9.755974072246648
validation,2026-02-19,btcusdt,binance,sell,60,603,0.8688288444691145,8.894956587630471
validation,2026-02-19,btcusdt,binance,buy,120,431,-2.329769132622567,12.237421377287328
validation,2026-02-19,btcusdt,binance,sell,120,603,0.6433779923527342,12.52662167231393
validation,2026-02-19,btcusdt,binance,buy,300,431,-0.6839894110552744,17.43636625940249
validation,2026-02-19,btcusdt,binance,sell,300,603,3.7714491703686903,17.70681749864587
validation,2026-02-19,btcusdt,bybit,buy,-300,460,-32.59098586636513,18.911460327391957
validation,2026-02-19,btcusdt,bybit,sell,-300,729,31.206218668971317,14.676780177074159
validation,2026-02-19,btcusdt,bybit,buy,-120,460,-23.89420867213533,14.797636676782881
validation,2026-02-19,btcusdt,bybit,sell,-120,729,21.9437508106492,11.321071793559614
validation,2026-02-19,btcusdt,bybit,buy,-60,460,-20.686843947526896,12.274863974663171
validation,2026-02-19,btcusdt,bybit,sell,-60,729,15.905470888300556,8.071111924957384
validation,2026-02-19,btcusdt,bybit,buy,-30,460,-15.89195776371564,11.159170511361879
validation,2026-02-19,btcusdt,bybit,sell,-30,729,12.83864734633845,6.995410023490364
validation,2026-02-19,btcusdt,bybit,buy,-10,460,-10.267170373666076,7.306958486768936
validation,2026-02-19,btcusdt,bybit,sell,-10,729,8.998248249171217,6.224097150499208
validation,2026-02-19,btcusdt,bybit,buy,-5,460,-7.478182352038901,5.98132106755986
validation,2026-02-19,btcusdt,bybit,sell,-5,729,6.291280612631593,4.72125146603262
validation,2026-02-19,btcusdt,bybit,buy,-1,460,-1.3886252860397625,3.488294347719794
validation,2026-02-19,btcusdt,bybit,sell,-1,729,0.46420890481995886,2.483077420960395
validation,2026-02-19,btcusdt,bybit,buy,0,460,0.0,0.0
validation,2026-02-19,btcusdt,bybit,sell,0,729,0.0,0.0
validation,2026-02-19,btcusdt,bybit,buy,1,460,-0.057994795202365494,1.9230439647437259
validation,2026-02-19,btcusdt,bybit,sell,1,729,0.5399548177453996,1.9311071554450963
validation,2026-02-19,btcusdt,bybit,buy,5,460,0.4915515265915696,4.206801563388416
validation,2026-02-19,btcusdt,bybit,sell,5,729,1.6089460167380407,4.4220651566229
validation,2026-02-19,btcusdt,bybit,buy,10,460,0.3194678116522328,5.302560128897436
validation,2026-02-19,btcusdt,bybit,sell,10,729,2.724259344538425,6.304739797837586
validation,2026-02-19,btcusdt,bybit,buy,30,460,-0.7999121144865505,7.0452419770620605
validation,2026-02-19,btcusdt,bybit,sell,30,729,3.1850447200975305,7.391104573673642
validation,2026-02-19,btcusdt,bybit,buy,60,460,-1.6472599746790568,11.44029581033512
validation,2026-02-19,btcusdt,bybit,sell,60,729,4.898657248575912,8.60679168226297
validation,2026-02-19,btcusdt,bybit,buy,120,460,-2.580683497764572,13.592072112571499
validation,2026-02-19,btcusdt,bybit,sell,120,729,2.6380711764420783,10.783653467513531
validation,2026-02-19,btcusdt,bybit,buy,300,460,-1.721860898835305,18.70925582103309
validation,2026-02-19,btcusdt,bybit,sell,300,729,14.352454676182546,26.60403168659311
validation,2026-02-20,btcusdt,binance,buy,-300,544,-28.660928349257386,27.006478504287447
validation,2026-02-20,btcusdt,binance,sell,-300,475,29.136786487274538,29.58356777719381
validation,2026-02-20,btcusdt,binance,buy,-120,544,-23.091891291081918,23.972572241976845
validation,2026-02-20,btcusdt,binance,sell,-120,475,20.80087499790853,16.844658881927863
validation,2026-02-20,btcusdt,binance,buy,-60,544,-18.949135687665432,19.96143376069015
validation,2026-02-20,btcusdt,binance,sell,-60,475,16.222084203850606,12.24526242476081
validation,2026-02-20,btcusdt,binance,buy,-30,544,-14.694677968088074,13.929392982286307
validation,2026-02-20,btcusdt,binance,sell,-30,475,12.614705339611108,9.056037501099908
validation,2026-02-20,btcusdt,binance,buy,-10,544,-7.981452727142556,8.682837910250987
validation,2026-02-20,btcusdt,binance,sell,-10,475,6.3232823169660906,5.4265219773298385
validation,2026-02-20,btcusdt,binance,buy,-5,544,-5.320294468176462,6.6351635915230744
validation,2026-02-20,btcusdt,binance,sell,-5,475,3.969061614300231,4.069551218779175
validation,2026-02-20,btcusdt,binance,buy,-1,544,-0.48558822251681166,2.704775202446968
validation,2026-02-20,btcusdt,binance,sell,-1,475,0.2763218401115402,2.003178014183645
validation,2026-02-20,btcusdt,binance,buy,0,544,0.0,0.0
validation,2026-02-20,btcusdt,binance,sell,0,475,0.0,0.0
validation,2026-02-20,btcusdt,binance,buy,1,544,0.09834858461281205,2.0501530680619795
validation,2026-02-20,btcusdt,binance,sell,1,475,-0.062010142747622066,1.584183787800953
validation,2026-02-20,btcusdt,binance,buy,5,544,0.22507086212826413,4.796715741563417
validation,2026-02-20,btcusdt,binance,sell,5,475,-0.13507830292437606,4.18558840637123
validation,2026-02-20,btcusdt,binance,buy,10,544,0.33129744875606315,7.94386736995933
validation,2026-02-20,btcusdt,binance,sell,10,475,-0.38817616835068336,5.951362442610117
validation,2026-02-20,btcusdt,binance,buy,30,544,-0.09283444704041323,12.97286395368837
validation,2026-02-20,btcusdt,binance,sell,30,475,0.3296486998945189,9.634790109526762
validation,2026-02-20,btcusdt,binance,buy,60,544,-1.2455779684595167,18.22648927517041
validation,2026-02-20,btcusdt,binance,sell,60,475,0.20335959977558965,14.492241722466277
validation,2026-02-20,btcusdt,binance,buy,120,544,-3.5815064490643636,19.005274335873942
validation,2026-02-20,btcusdt,binance,sell,120,475,1.7325035827439996,19.757422219191987
validation,2026-02-20,btcusdt,binance,buy,300,544,-7.686227986977663,26.989419313768266
validation,2026-02-20,btcusdt,binance,sell,300,475,5.619919446773248,28.948467243514447
validation,2026-02-20,btcusdt,bybit,buy,-300,964,-47.39749037043552,34.94443551466881
validation,2026-02-20,btcusdt,bybit,sell,-300,540,38.986608765686455,29.43796589832819
validation,2026-02-20,btcusdt,bybit,buy,-120,964,-41.53588497641397,35.893593951927585
validation,2026-02-20,btcusdt,bybit,sell,-120,540,27.612784789768927,18.877122863642555
validation,2026-02-20,btcusdt,bybit,buy,-60,964,-34.65716220384124,31.3709723255457
validation,2026-02-20,btcusdt,bybit,sell,-60,540,20.424441158887987,13.687467117999176
validation,2026-02-20,btcusdt,bybit,buy,-30,964,-23.685634110826403,17.816279614143124
validation,2026-02-20,btcusdt,bybit,sell,-30,540,16.52185887862157,10.304693821619699
validation,2026-02-20,btcusdt,bybit,buy,-10,964,-15.739041275274241,12.699296828353845
validation,2026-02-20,btcusdt,bybit,sell,-10,540,8.769135000836647,6.335734776456056
validation,2026-02-20,btcusdt,bybit,buy,-5,964,-12.773131670828533,12.269416590883198
validation,2026-02-20,btcusdt,bybit,sell,-5,540,6.491487376722611,4.469368970874149
validation,2026-02-20,btcusdt,bybit,buy,-1,964,-1.7533450457370414,4.7242559555511585
validation,2026-02-20,btcusdt,bybit,sell,-1,540,0.6340039349075098,2.7500396379421006
validation,2026-02-20,btcusdt,bybit,buy,0,964,0.0,0.0
validation,2026-02-20,btcusdt,bybit,sell,0,540,0.0,0.0
validation,2026-02-20,btcusdt,bybit,buy,1,964,-0.037870119223526844,3.5383447801381953
validation,2026-02-20,btcusdt,bybit,sell,1,540,0.08598146440155055,1.8718558956231832
validation,2026-02-20,btcusdt,bybit,buy,5,964,0.84792211558307,7.731633386784121
validation,2026-02-20,btcusdt,bybit,sell,5,540,0.20306688185222163,4.609513921267887
validation,2026-02-20,btcusdt,bybit,buy,10,964,0.8326011418010612,12.323096892337485
validation,2026-02-20,btcusdt,bybit,sell,10,540,-0.34256845081113063,6.814281103396202
validation,2026-02-20,btcusdt,bybit,buy,30,964,-0.14954534443401712,18.095244555139416
validation,2026-02-20,btcusdt,bybit,sell,30,540,1.098524951626709,11.650865733438007
validation,2026-02-20,btcusdt,bybit,buy,60,964,-1.3987485699557962,28.403624889988293
validation,2026-02-20,btcusdt,bybit,sell,60,540,0.4120775198216405,17.592631100570507
validation,2026-02-20,btcusdt,bybit,buy,120,964,-9.392072784649525,27.239118287623853
validation,2026-02-20,btcusdt,bybit,sell,120,540,2.6917301732661145,23.057508694810654
validation,2026-02-20,btcusdt,bybit,buy,300,964,-17.701039256729477,38.49526288552792
validation,2026-02-20,btcusdt,bybit,sell,300,540,9.177829674553466,33.73577402964167
validation,2026-02-21,btcusdt,binance,buy,-300,207,-12.483556174652344,11.195682389185734
validation,2026-02-21,btcusdt,binance,sell,-300,191,16.63585191130572,11.0996768586579
validation,2026-02-21,btcusdt,binance,buy,-120,207,-10.230792338768083,10.896041418896647
validation,2026-02-21,btcusdt,binance,sell,-120,191,12.846535407897548,9.776509631603828
validation,2026-02-21,btcusdt,binance,buy,-60,207,-8.275622752741754,9.490713151648894
validation,2026-02-21,btcusdt,binance,sell,-60,191,10.050255932624786,7.732821734219197
validation,2026-02-21,btcusdt,binance,buy,-30,207,-6.503645157107097,6.997796401327692
validation,2026-02-21,btcusdt,binance,sell,-30,191,7.742084532597434,6.451827258505099
validation,2026-02-21,btcusdt,binance,buy,-10,207,-4.417862518744554,5.833627927621893
validation,2026-02-21,btcusdt,binance,sell,-10,191,4.601156638707971,4.7857783722365905
validation,2026-02-21,btcusdt,binance,buy,-5,207,-3.2527407818097616,4.92037517152375
validation,2026-02-21,btcusdt,binance,sell,-5,191,2.96458088155016,4.02213065116566
validation,2026-02-21,btcusdt,binance,buy,-1,207,-0.39352795619091363,2.0352006525299937
validation,2026-02-21,btcusdt,binance,sell,-1,191,0.09731388811262746,1.6723622724555818
validation,2026-02-21,btcusdt,binance,buy,0,207,0.0,0.0
validation,2026-02-21,btcusdt,binance,sell,0,191,0.0,0.0
validation,2026-02-21,btcusdt,binance,buy,1,207,0.04512630295971248,1.7535152484992795
validation,2026-02-21,btcusdt,binance,sell,1,191,-0.11443985151440263,1.9041416921276304
validation,2026-02-21,btcusdt,binance,buy,5,207,0.1501946666747817,3.4446783315812244
validation,2026-02-21,btcusdt,binance,sell,5,191,-0.22730182134210267,3.628625221339323
validation,2026-02-21,btcusdt,binance,buy,10,207,0.030469688011184288,4.2355488778589665
validation,2026-02-21,btcusdt,binance,sell,10,191,0.22014711903734702,4.137244952704041
validation,2026-02-21,btcusdt,binance,buy,30,207,-1.1429002480831858,4.463301747719396
validation,2026-02-21,btcusdt,binance,sell,30,191,0.5141129594737676,5.5443332397042635
validation,2026-02-21,btcusdt,binance,buy,60,207,0.11467389129023607,7.712890773942685
validation,2026-02-21,btcusdt,binance,sell,60,191,0.7839394036408911,6.30810268534154
validation,2026-02-21,btcusdt,binance,buy,120,207,-0.6781095721149886,7.590336076309432
validation,2026-02-21,btcusdt,binance,sell,120,191,1.909524024131336,6.26475157579356
validation,2026-02-21,btcusdt,binance,buy,300,207,-0.008825122785517928,8.468013817783687
validation,2026-02-21,btcusdt,binance,sell,300,191,2.209646794134642,9.205444041950386
validation,2026-02-21,btcusdt,bybit,buy,-300,326,-32.64315675614857,16.714411898730088
validation,2026-02-21,btcusdt,bybit,sell,-300,158,21.57765243894083,8.685759480661387
validation,2026-02-21,btcusdt,bybit,buy,-120,326,-31.764745602789002,17.422051287943518
validation,2026-02-21,btcusdt,bybit,sell,-120,158,20.19967672682279,10.086242429449472
validation,2026-02-21,btcusdt,bybit,buy,-60,326,-27.401316282918643,14.891293054971436
validation,2026-02-21,btcusdt,bybit,sell,-60,158,15.930834154907252,9.565645789943426
validation,2026-02-21,btcusdt,bybit,buy,-30,326,-18.358848738604294,8.985058134989524
validation,2026-02-21,btcusdt,bybit,sell,-30,158,15.862597464407893,9.755000440386516
validation,2026-02-21,btcusdt,bybit,buy,-10,326,-16.36064838375548,8.764176619045937
validation,2026-02-21,btcusdt,bybit,sell,-10,158,13.043473226589576,9.366033461273645
validation,2026-02-21,btcusdt,bybit,buy,-5,326,-15.045470561485203,8.737998261493088
validation,2026-02-21,btcusdt,bybit,sell,-5,158,10.750337302428925,8.407404322373488
validation,2026-02-21,btcusdt,bybit,buy,-1,326,-3.6306779754026066,5.889829078775969
validation,2026-02-21,btcusdt,bybit,sell,-1,158,1.673900114424111,3.9793946952260892
validation,2026-02-21,btcusdt,bybit,buy,0,326,0.0,0.0
validation,2026-02-21,btcusdt,bybit,sell,0,158,0.0,0.0
validation,2026-02-21,btcusdt,bybit,buy,1,326,1.7141476220310143,4.231625711820157
validation,2026-02-21,btcusdt,bybit,sell,1,158,-0.22485667582924457,2.17512527474367
validation,2026-02-21,btcusdt,bybit,buy,5,326,-0.6156155661361354,5.112972271427831
validation,2026-02-21,btcusdt,bybit,sell,5,158,2.5638362570532376,4.383184601038445
validation,2026-02-21,btcusdt,bybit,buy,10,326,0.150660102349138,4.773612962686748
validation,2026-02-21,btcusdt,bybit,sell,10,158,4.984940950214883,5.562217837253207
validation,2026-02-21,btcusdt,bybit,buy,30,326,-4.784942879051946,6.501656380900081
validation,2026-02-21,btcusdt,bybit,sell,30,158,7.631077910738561,8.779061365096792
validation,2026-02-21,btcusdt,bybit,buy,60,326,2.5247997617122167,11.639147930792703
validation,2026-02-21,btcusdt,bybit,sell,60,158,5.692846139896705,6.682839647023093
validation,2026-02-21,btcusdt,bybit,buy,120,326,-2.0516694088924696,11.868477591717964
validation,2026-02-21,btcusdt,bybit,sell,120,158,8.676784143923522,9.040638320840465
validation,2026-02-21,btcusdt,bybit,buy,300,326,-1.6027020318454468,12.91286884795945
validation,2026-02-21,btcusdt,bybit,sell,300,158,12.284134364452783,13.367326192587942
validation,2026-02-22,btcusdt,binance,buy,-300,136,-10.400936879808667,8.491276020769964
validation,2026-02-22,btcusdt,binance,sell,-300,284,15.89539218614108,12.432907968570676
validation,2026-02-22,btcusdt,binance,buy,-120,136,-6.925916775968284,5.5703445663708475
validation,2026-02-22,btcusdt,binance,sell,-120,284,9.825449208025237,7.911905856151711
validation,2026-02-22,btcusdt,binance,buy,-60,136,-5.516105079914295,4.503478085815305
validation,2026-02-22,btcusdt,binance,sell,-60,284,6.951980211187343,6.306383164611976
validation,2026-02-22,btcusdt,binance,buy,-30,136,-4.165911079701999,3.8410785943601797
validation,2026-02-22,btcusdt,binance,sell,-30,284,5.465202357505125,5.4999205724913605
validation,2026-02-22,btcusdt,binance,buy,-10,136,-2.736022620687936,3.131695284739782
validation,2026-02-22,btcusdt,binance,sell,-10,284,3.6124068755143304,4.429194835031486
validation,2026-02-22,btcusdt,binance,buy,-5,136,-2.0226698976920034,2.9530894065800304
validation,2026-02-22,btcusdt,binance,sell,-5,284,2.585039952503482,3.9924773108493876
validation,2026-02-22,btcusdt,binance,buy,-1,136,-0.21014543623136595,0.8964112007039917
validation,2026-02-22,btcusdt,binance,sell,-1,284,0.04532480720678108,1.853740658657211
validation,2026-02-22,btcusdt,binance,buy,0,136,0.0,0.0
validation,2026-02-22,btcusdt,binance,sell,0,284,0.0,0.0
validation,2026-02-22,btcusdt,binance,buy,1,136,-0.10585926696981685,0.6664209800443818
validation,2026-02-22,btcusdt,binance,sell,1,284,0.062403408136491714,1.9010503698082988
validation,2026-02-22,btcusdt,binance,buy,5,136,-0.24928936849511635,1.5269143339554503
validation,2026-02-22,btcusdt,binance,sell,5,284,0.40237479116095165,2.337417378519373
validation,2026-02-22,btcusdt,binance,buy,10,136,-0.6105076915665064,1.9221777963353608
validation,2026-02-22,btcusdt,binance,sell,10,284,0.4704747355559542,3.426967530214508
validation,2026-02-22,btcusdt,binance,buy,30,136,-1.0974626621594787,3.6396303553689937
validation,2026-02-22,btcusdt,binance,sell,30,284,1.2025527879786222,4.633914966115814
validation,2026-02-22,btcusdt,binance,buy,60,136,-1.3942831578861168,4.0054530914186675
validation,2026-02-22,btcusdt,binance,sell,60,284,0.9147843459870848,6.26744551283733
validation,2026-02-22,btcusdt,binance,buy,120,136,-1.3293536312014853,5.400062368730135
validation,2026-02-22,btcusdt,binance,sell,120,284,0.8908246468349998,6.50413286029572
validation,2026-02-22,btcusdt,binance,buy,300,136,-0.9351830273740213,6.8082935750125815
validation,2026-02-22,btcusdt,binance,sell,300,284,1.4149702738965657,11.503079336933338
validation,2026-02-22,btcusdt,bybit,buy,-300,49,-10.532026211871765,10.837031750432072
validation,2026-02-22,btcusdt,bybit,sell,-300,398,29.601681672009622,13.380242448669877
validation,2026-02-22,btcusdt,bybit,buy,-120,49,-6.912114152892509,7.354299506093594
validation,2026-02-22,btcusdt,bybit,sell,-120,398,20.533854186234194,12.76408640395591
validation,2026-02-22,btcusdt,bybit,buy,-60,49,-5.30485956248625,5.196451948794471
validation,2026-02-22,btcusdt,bybit,sell,-60,398,14.817331139426509,8.69405598942003
validation,2026-02-22,btcusdt,bybit,buy,-30,49,-4.34540922807674,4.5741915167100435
validation,2026-02-22,btcusdt,bybit,sell,-30,398,12.937487916859663,9.231522627567802
validation,2026-02-22,btcusdt,bybit,buy,-10,49,-2.6664604075494758,3.3962215960085285
validation,2026-02-22,btcusdt,bybit,sell,-10,398,11.53075292491464,9.290430011870153
validation,2026-02-22,btcusdt,bybit,buy,-5,49,-2.067539628730571,3.048073161879967
validation,2026-02-22,btcusdt,bybit,sell,-5,398,10.30874157694763,9.073878120279817
validation,2026-02-22,btcusdt,bybit,buy,-1,49,-0.4840698402445074,1.4966627540892496
validation,2026-02-22,btcusdt,bybit,sell,-1,398,1.7600382589338033,7.072709751948468
validation,2026-02-22,btcusdt,bybit,buy,0,49,0.0,0.0
validation,2026-02-22,btcusdt,bybit,sell,0,398,0.0,0.0
validation,2026-02-22,btcusdt,bybit,buy,1,49,0.0023789576757150817,0.48234922400976
validation,2026-02-22,btcusdt,bybit,sell,1,398,0.7353123260168609,1.9823796930557538
validation,2026-02-22,btcusdt,bybit,buy,5,49,-0.04205639014972627,1.1289355137605843
validation,2026-02-22,btcusdt,bybit,sell,5,398,3.0770736753239913,4.080724998474332
validation,2026-02-22,btcusdt,bybit,buy,10,49,-0.2748822289963047,1.930516057597771
validation,2026-02-22,btcusdt,bybit,sell,10,398,3.353531932975319,4.400730415869898
validation,2026-02-22,btcusdt,bybit,buy,30,49,-1.0016776964404426,3.8036199847139627
validation,2026-02-22,btcusdt,bybit,sell,30,398,6.15773055251885,7.040913353952906
validation,2026-02-22,btcusdt,bybit,buy,60,49,-0.8556855229846462,3.6937882715843706
validation,2026-02-22,btcusdt,bybit,sell,60,398,4.437401173929643,7.356408830785438
validation,2026-02-22,btcusdt,bybit,buy,120,49,-1.7244955782116886,4.841698707915432
validation,2026-02-22,btcusdt,bybit,sell,120,398,4.709104324080391,7.163983921907046
validation,2026-02-22,btcusdt,bybit,buy,300,49,-1.7070618789254546,7.304525837811091
validation,2026-02-22,btcusdt,bybit,sell,300,398,2.6883637489338,10.34188611054854
validation,2026-02-23,btcusdt,binance,buy,-300,621,-19.48697577992701,28.13731172942143
validation,2026-02-23,btcusdt,binance,sell,-300,1188,37.507433218081246,33.54999197493424
validation,2026-02-23,btcusdt,binance,buy,-120,621,-18.193006087341747,16.450860624018112
validation,2026-02-23,btcusdt,binance,sell,-120,1189,25.90325773577996,20.723169947178167
validation,2026-02-23,btcusdt,binance,buy,-60,621,-14.501730973396569,12.128357252919216
validation,2026-02-23,btcusdt,binance,sell,-60,1189,17.607710156917893,14.181765598033259
validation,2026-02-23,btcusdt,binance,buy,-30,621,-11.048756979616728,9.572801296461863
validation,2026-02-23,btcusdt,binance,sell,-30,1189,12.606931625968702,11.250300618672604
validation,2026-02-23,btcusdt,binance,buy,-10,619,-6.637784918316673,6.957004205820882
validation,2026-02-23,btcusdt,binance,sell,-10,1189,6.683040146989442,7.427051129336643
validation,2026-02-23,btcusdt,binance,buy,-5,620,-4.298564373073903,4.895405697635466
validation,2026-02-23,btcusdt,binance,sell,-5,1189,4.050902992803036,5.655711587678805
validation,2026-02-23,btcusdt,binance,buy,-1,621,-0.27565986334209625,2.1622811549263288
validation,2026-02-23,btcusdt,binance,sell,-1,1189,0.2259063288916347,2.3179657416836896
validation,2026-02-23,btcusdt,binance,buy,0,621,0.0,0.0
validation,2026-02-23,btcusdt,binance,sell,0,1189,0.0,0.0
validation,2026-02-23,btcusdt,binance,buy,1,621,0.018189239361145117,1.915084348761617
validation,2026-02-23,btcusdt,binance,sell,1,1189,-0.1329326044834804,2.4323664987999716
validation,2026-02-23,btcusdt,binance,buy,5,621,-0.17332026831791322,3.7272335335771842
validation,2026-02-23,btcusdt,binance,sell,5,1189,0.10637808505925626,5.65651579864572
validation,2026-02-23,btcusdt,binance,buy,10,621,-0.43051576024133903,5.205386315223611
validation,2026-02-23,btcusdt,binance,sell,10,1189,-0.026142517354040783,8.966334161545241
validation,2026-02-23,btcusdt,binance,buy,30,621,-0.7427627968121945,8.167272122380961
validation,2026-02-23,btcusdt,binance,sell,30,1189,-0.7251627172302337,13.530769885690269
validation,2026-02-23,btcusdt,binance,buy,60,621,-0.7123949314050934,10.28226563419747
validation,2026-02-23,btcusdt,binance,sell,60,1189,-0.4142860707770663,15.868574450256865
validation,2026-02-23,btcusdt,binance,buy,120,621,-2.2162299938808103,14.1666926232691
validation,2026-02-23,btcusdt,binance,sell,120,1189,-2.897964892094227,24.565872802275166
validation,2026-02-23,btcusdt,binance,buy,300,621,-4.874432802338105,21.665461668718468
validation,2026-02-23,btcusdt,binance,sell,300,1189,-7.414505153629896,33.72955223213358
validation,2026-02-23,btcusdt,bybit,buy,-300,587,-28.410418651609003,26.989045045351023
validation,2026-02-23,btcusdt,bybit,sell,-300,3879,69.39649300447824,41.62228297612643
validation,2026-02-23,btcusdt,bybit,buy,-120,587,-22.05872325709205,18.144986601318614
validation,2026-02-23,btcusdt,bybit,sell,-120,3879,50.0136498813424,30.158426767361608
validation,2026-02-23,btcusdt,bybit,buy,-60,587,-17.650348451876074,13.542718392568748
validation,2026-02-23,btcusdt,bybit,sell,-60,3879,35.383467878620905,24.36377725688918
validation,2026-02-23,btcusdt,bybit,buy,-30,587,-12.9456819190671,9.06226603121956
validation,2026-02-23,btcusdt,bybit,sell,-30,3879,26.447806764680575,17.38620143657392
validation,2026-02-23,btcusdt,bybit,buy,-10,587,-9.2302057728395,9.819990968293244
validation,2026-02-23,btcusdt,bybit,sell,-10,3879,17.736281166499072,13.433096803087203
validation,2026-02-23,btcusdt,bybit,buy,-5,587,-6.850877559602775,6.967157761594109
validation,2026-02-23,btcusdt,bybit,sell,-5,3879,13.386275466537729,11.8245293893637
validation,2026-02-23,btcusdt,bybit,buy,-1,587,-1.2252032923804774,3.5719940026853587
validation,2026-02-23,btcusdt,bybit,sell,-1,3879,2.2338133243083518,4.909825455754759
validation,2026-02-23,btcusdt,bybit,buy,0,587,0.0,0.0
validation,2026-02-23,btcusdt,bybit,sell,0,3879,0.0,0.0
validation,2026-02-23,btcusdt,bybit,buy,1,587,-0.20525256144606452,2.1157603485052205
validation,2026-02-23,btcusdt,bybit,sell,1,3879,-0.47867335413842815,4.778849001522759
validation,2026-02-23,btcusdt,bybit,buy,5,587,-0.8707144052266249,4.055398255978067
validation,2026-02-23,btcusdt,bybit,sell,5,3879,1.1314637027925,10.691944775858705
validation,2026-02-23,btcusdt,bybit,buy,10,587,-1.0516987429898048,4.769661021224979
validation,2026-02-23,btcusdt,bybit,sell,10,3878,4.3108544319418955,21.125548315268677
validation,2026-02-23,btcusdt,bybit,buy,30,587,-1.194434463951687,7.243524366273726
validation,2026-02-23,btcusdt,bybit,sell,30,3879,5.091898296861518,28.56927160688411
validation,2026-02-23,btcusdt,bybit,buy,60,587,-0.5429944142960714,10.265929577555601
validation,2026-02-23,btcusdt,bybit,sell,60,3879,5.287900373884622,22.288717867413794
validation,2026-02-23,btcusdt,bybit,buy,120,587,-3.4819356795271683,13.666098596389784
validation,2026-02-23,btcusdt,bybit,sell,120,3879,2.1621500366147437,32.33123432223033
validation,2026-02-23,btcusdt,bybit,buy,300,587,-4.83977135999719,20.525817179969327
validation,2026-02-23,btcusdt,bybit,sell,300,3879,-6.403946031908193,36.66958712860787
validation,2026-02-24,btcusdt,binance,buy,-300,618,-24.482902670342458,26.31422726118775
validation,2026-02-24,btcusdt,binance,sell,-300,952,33.65568572196272,34.9473531640261
validation,2026-02-24,btcusdt,binance,buy,-120,618,-21.76599652558255,15.670710667012612
validation,2026-02-24,btcusdt,binance,sell,-120,952,22.09832755553755,25.311498174485376
validation,2026-02-24,btcusdt,binance,buy,-60,618,-17.724395109957296,12.607888391995457
validation,2026-02-24,btcusdt,binance,sell,-60,952,16.47236732726195,18.911878936406644
validation,2026-02-24,btcusdt,binance,buy,-30,618,-13.128022416945909,11.01023173404666
validation,2026-02-24,btcusdt,binance,sell,-30,952,11.524700953629784,12.94858849054169
validation,2026-02-24,btcusdt,binance,buy,-10,618,-6.989966252429617,6.293119319840512
validation,2026-02-24,btcusdt,binance,sell,-10,952,5.831990089200613,7.237844663464328
validation,2026-02-24,btcusdt,binance,buy,-5,618,-4.543550838811305,4.474932075411147
validation,2026-02-24,btcusdt,binance,sell,-5,952,3.712202051095356,5.7444421906979795
validation,2026-02-24,btcusdt,binance,buy,-1,618,-0.3884334159848075,2.0334800335776597
validation,2026-02-24,btcusdt,binance,sell,-1,952,0.2282323191273038,2.4835446658948843
validation,2026-02-24,btcusdt,binance,buy,0,618,0.0,0.0
validation,2026-02-24,btcusdt,binance,sell,0,952,0.0,0.0
validation,2026-02-24,btcusdt,binance,buy,1,618,0.10497227250558289,1.8216285982744647
validation,2026-02-24,btcusdt,binance,sell,1,952,-0.1033665979340281,2.5145984286686733
validation,2026-02-24,btcusdt,binance,buy,5,618,0.08602347280997585,4.701250301820343
validation,2026-02-24,btcusdt,binance,sell,5,952,-0.49177593233487427,5.461085867136267
validation,2026-02-24,btcusdt,binance,buy,10,618,-0.005034821125293456,6.087101910662873
validation,2026-02-24,btcusdt,binance,sell,10,952,-0.8526326672643617,7.198134077890205
validation,2026-02-24,btcusdt,binance,buy,30,618,-0.4652090764813761,8.50387496585556
validation,2026-02-24,btcusdt,binance,sell,30,952,-1.9242109468589708,13.68642544245705
validation,2026-02-24,btcusdt,binance,buy,60,618,-1.1399849982904748,11.323734536134829
validation,2026-02-24,btcusdt,binance,sell,60,952,-2.4350464448156903,19.887934365209606
validation,2026-02-24,btcusdt,binance,buy,120,618,-1.3068283891207604,16.057803758913185
validation,2026-02-24,btcusdt,binance,sell,120,952,-2.2151806417375246,23.828457184764375
validation,2026-02-24,btcusdt,binance,buy,300,618,-0.5175948332135092,20.764082023430383
validation,2026-02-24,btcusdt,binance,sell,300,952,1.6378029512390695,36.524509023442235
validation,2026-02-24,btcusdt,bybit,buy,-300,724,-37.68943094287574,25.32074923125549
validation,2026-02-24,btcusdt,bybit,sell,-300,2492,74.80435144173559,49.43332199823751
validation,2026-02-24,btcusdt,bybit,buy,-120,724,-30.768797641189263,16.303252107491897
validation,2026-02-24,btcusdt,bybit,sell,-120,2492,56.39797427822887,40.44157130554791
validation,2026-02-24,btcusdt,bybit,buy,-60,724,-25.975901072812327,13.628536331182136
validation,2026-02-24,btcusdt,bybit,sell,-60,2492,46.63451161297274,36.17007375732445
validation,2026-02-24,btcusdt,bybit,buy,-30,724,-19.57069880584231,12.438243856727128
validation,2026-02-24,btcusdt,bybit,sell,-30,2492,33.81850559277358,27.433891853831344
validation,2026-02-24,btcusdt,bybit,buy,-10,724,-12.412181961037533,9.531041612649137
validation,2026-02-24,btcusdt,bybit,sell,-10,2492,21.597244615551737,17.765095519146694
validation,2026-02-24,btcusdt,bybit,buy,-5,724,-9.66557156850173,8.332886986619066
validation,2026-02-24,btcusdt,bybit,sell,-5,2492,17.274879948088074,15.78571949565751
validation,2026-02-24,btcusdt,bybit,buy,-1,724,-1.7621862873475447,4.2154216910971805
validation,2026-02-24,btcusdt,bybit,sell,-1,2492,2.9203316688946015,6.570058419899897
validation,2026-02-24,btcusdt,bybit,buy,0,724,0.0,0.0
validation,2026-02-24,btcusdt,bybit,sell,0,2492,0.0,0.0
validation,2026-02-24,btcusdt,bybit,buy,1,724,-0.099546294901078,3.320232798929793
validation,2026-02-24,btcusdt,bybit,sell,1,2492,-0.7606876857935949,6.254991300987192
validation,2026-02-24,btcusdt,bybit,buy,5,724,-1.2510504231853679,7.499550043954492
validation,2026-02-24,btcusdt,bybit,sell,5,2492,1.413366594555382,11.083495002143579
validation,2026-02-24,btcusdt,bybit,buy,10,724,-2.1444061263246987,8.81048694007038
validation,2026-02-24,btcusdt,bybit,sell,10,2492,1.317331651998988,12.674626972802479
validation,2026-02-24,btcusdt,bybit,buy,30,724,-1.7019326277840423,11.685904980030115
validation,2026-02-24,btcusdt,bybit,sell,30,2492,-0.5820669293214634,22.402958285316867
validation,2026-02-24,btcusdt,bybit,buy,60,724,-2.1447905023288945,13.850166723672762
validation,2026-02-24,btcusdt,bybit,sell,60,2492,-1.2517469302782047,28.78046823646527
validation,2026-02-24,btcusdt,bybit,buy,120,724,-3.2830938180856117,17.24392017408314
validation,2026-02-24,btcusdt,bybit,sell,120,2492,2.8596303494490987,27.821789722764432
validation,2026-02-24,btcusdt,bybit,buy,300,724,-1.2231591330233529,23.247436037083986
validation,2026-02-24,btcusdt,bybit,sell,300,2492,22.883604687208045,42.10939568665609
validation,2026-02-25,btcusdt,binance,buy,-300,1256,-37.57298155329353,36.42820512685304
validation,2026-02-25,btcusdt,binance,sell,-300,672,20.114567650538135,32.39198809928639
validation,2026-02-25,btcusdt,binance,buy,-120,1256,-28.160269820399936,28.46457186806563
validation,2026-02-25,btcusdt,binance,sell,-120,672,19.687189983279886,16.110143666110687
validation,2026-02-25,btcusdt,binance,buy,-60,1256,-20.86342566152579,20.337595081893408
validation,2026-02-25,btcusdt,binance,sell,-60,672,16.36330085766881,11.543883683739876
validation,2026-02-25,btcusdt,binance,buy,-30,1256,-14.541910796321888,14.194794699850828
validation,2026-02-25,btcusdt,binance,sell,-30,672,11.579889271517192,8.896843669341614
validation,2026-02-25,btcusdt,binance,buy,-10,1256,-7.7698086952470975,8.25973073611342
validation,2026-02-25,btcusdt,binance,sell,-10,672,6.236744483657539,5.269161001167546
validation,2026-02-25,btcusdt,binance,buy,-5,1256,-4.859071526552435,5.832686553077062
validation,2026-02-25,btcusdt,binance,sell,-5,672,3.6935300579880512,3.9132226878196557
validation,2026-02-25,btcusdt,binance,buy,-1,1256,-0.2684364844630355,2.758307994368727
validation,2026-02-25,btcusdt,binance,sell,-1,672,0.1773184931851874,1.6747565331426926
validation,2026-02-25,btcusdt,binance,buy,0,1256,0.0,0.0
validation,2026-02-25,btcusdt,binance,sell,0,672,0.0,0.0
validation,2026-02-25,btcusdt,binance,buy,1,1256,0.02908529496869788,2.692718594711755
validation,2026-02-25,btcusdt,binance,sell,1,672,-0.08174488890179064,1.6898566009713074
validation,2026-02-25,btcusdt,binance,buy,5,1256,0.4215864846347093,6.350903422388897
validation,2026-02-25,btcusdt,binance,sell,5,672,-0.12323151816474255,3.5513660530915563
validation,2026-02-25,btcusdt,binance,buy,10,1256,0.9301331875620783,8.755066708576718
validation,2026-02-25,btcusdt,binance,sell,10,672,-0.0529814011922181,5.093504527501099
validation,2026-02-25,btcusdt,binance,buy,30,1256,2.2245138637849116,14.966080215896785
validation,2026-02-25,btcusdt,binance,sell,30,672,-0.4810534807023338,8.071845536407617
validation,2026-02-25,btcusdt,binance,buy,60,1256,3.1796844531122272,21.030879831421643
validation,2026-02-25,btcusdt,binance,sell,60,672,0.20183130482218203,10.807584379598405
validation,2026-02-25,btcusdt,binance,buy,120,1256,4.744593273805321,32.97836386359086
validation,2026-02-25,btcusdt,binance,sell,120,672,-0.13609479278191894,14.214851072096893
validation,2026-02-25,btcusdt,binance,buy,300,1256,4.252562661758665,37.57751943665873
validation,2026-02-25,btcusdt,binance,sell,300,672,4.123513897625429,23.280092188174272
validation,2026-02-25,btcusdt,bybit,buy,-300,3917,-72.16515362998588,54.31501260990225
validation,2026-02-25,btcusdt,bybit,sell,-300,594,32.10610555113267,27.328857156138106
validation,2026-02-25,btcusdt,bybit,buy,-120,3917,-54.625513061605076,46.585335832392026
validation,2026-02-25,btcusdt,bybit,sell,-120,594,25.50427862021625,18.11627133114721
validation,2026-02-25,btcusdt,bybit,buy,-60,3917,-41.17067431794787,32.70465439557677
validation,2026-02-25,btcusdt,bybit,sell,-60,594,21.264486257425638,15.131185795295533
validation,2026-02-25,btcusdt,bybit,buy,-30,3917,-30.500856640791707,22.98747343267376
validation,2026-02-25,btcusdt,bybit,sell,-30,594,14.912939921322256,11.689971047492723
validation,2026-02-25,btcusdt,bybit,buy,-10,3917,-19.077015401886097,15.255461534373616
validation,2026-02-25,btcusdt,bybit,sell,-10,594,9.172684390217604,8.168602097149817
validation,2026-02-25,btcusdt,bybit,buy,-5,3917,-13.37685219783282,12.330981626298
validation,2026-02-25,btcusdt,bybit,sell,-5,594,6.650556144852823,6.635847772215272
validation,2026-02-25,btcusdt,bybit,buy,-1,3917,-2.240326151233576,6.198161539390593
validation,2026-02-25,btcusdt,bybit,sell,-1,594,0.4273033734043994,3.044305485016065
validation,2026-02-25,btcusdt,bybit,buy,0,3917,0.0,0.0
validation,2026-02-25,btcusdt,bybit,sell,0,594,0.0,0.0
validation,2026-02-25,btcusdt,bybit,buy,1,3917,0.24989324534624213,5.501099744086362
validation,2026-02-25,btcusdt,bybit,sell,1,594,-0.06690137057764807,2.3664793655548086
validation,2026-02-25,btcusdt,bybit,buy,5,3917,1.1094058368626916,11.367694563673702
validation,2026-02-25,btcusdt,bybit,sell,5,594,-0.7131980445970781,4.863652836758147
validation,2026-02-25,btcusdt,bybit,buy,10,3917,0.6751118042091644,13.166038432544235
validation,2026-02-25,btcusdt,bybit,sell,10,594,-0.9182759320492558,6.1769112465004
validation,2026-02-25,btcusdt,bybit,buy,30,3917,4.77971177063071,18.70686182105121
validation,2026-02-25,btcusdt,bybit,sell,30,594,-1.602073989929431,8.738637721299968
validation,2026-02-25,btcusdt,bybit,buy,60,3917,3.186429362971267,25.545752956238246
validation,2026-02-25,btcusdt,bybit,sell,60,594,-0.4535464566982364,12.503539836114621
validation,2026-02-25,btcusdt,bybit,buy,120,3917,1.088532123475357,47.160724025162736
validation,2026-02-25,btcusdt,bybit,sell,120,594,-1.3152859390841778,14.233394738205016
validation,2026-02-25,btcusdt,bybit,buy,300,3917,-2.407650787908499,44.36289801948588
validation,2026-02-25,btcusdt,bybit,sell,300,594,-0.5595145633717995,22.075233754399896
validation,2026-02-26,btcusdt,binance,buy,-300,665,-22.071367961863423,20.149423404766548
validation,2026-02-26,btcusdt,binance,sell,-300,752,26.418605777175983,23.352924370869925
validation,2026-02-26,btcusdt,binance,buy,-120,666,-17.298718294954938,13.602386348161636
validation,2026-02-26,btcusdt,binance,sell,-120,753,18.426172074197286,14.955047084767532
validation,2026-02-26,btcusdt,binance,buy,-60,666,-13.612198970107281,11.353468893863171
validation,2026-02-26,btcusdt,binance,sell,-60,754,14.434386759264177,12.234137313412417
validation,2026-02-26,btcusdt,binance,buy,-30,666,-10.19361479631295,9.316963629637778
validation,2026-02-26,btcusdt,binance,sell,-30,754,10.19797594623306,9.726105567296731
validation,2026-02-26,btcusdt,binance,buy,-10,666,-5.9238970955312285,6.731952965652622
validation,2026-02-26,btcusdt,binance,sell,-10,754,5.369068644353748,6.132602266059378
validation,2026-02-26,btcusdt,binance,buy,-5,666,-3.754540347491966,5.138992359569594
validation,2026-02-26,btcusdt,binance,sell,-5,754,3.2009240862339587,3.8058475859099987
validation,2026-02-26,btcusdt,binance,buy,-1,666,-0.343106562808358,1.918198169929362
validation,2026-02-26,btcusdt,binance,sell,-1,754,0.17894468498565239,1.6483861571757572
validation,2026-02-26,btcusdt,binance,buy,0,666,0.0,0.0
validation,2026-02-26,btcusdt,binance,sell,0,754,0.0,0.0
validation,2026-02-26,btcusdt,binance,buy,1,666,-0.02672788676077268,1.6534791678735534
validation,2026-02-26,btcusdt,binance,sell,1,754,0.06551812653537659,1.5768924983055392
validation,2026-02-26,btcusdt,binance,buy,5,666,-0.09191714591925797,3.46477878921936
validation,2026-02-26,btcusdt,binance,sell,5,754,0.203009607923153,3.3764314560748603
validation,2026-02-26,btcusdt,binance,buy,10,666,-0.2113419244049656,4.573436064789071
validation,2026-02-26,btcusdt,binance,sell,10,754,0.5383442339558712,4.751235269257207
validation,2026-02-26,btcusdt,binance,buy,30,666,-1.02905440772078,7.3010500315099
validation,2026-02-26,btcusdt,binance,sell,30,754,0.64633351993388,7.6845429486613765
validation,2026-02-26,btcusdt,binance,buy,60,666,-1.0724872964431267,9.972837326692352
validation,2026-02-26,btcusdt,binance,sell,60,754,0.917828454732654,9.824627149754539
validation,2026-02-26,btcusdt,binance,buy,120,666,-1.7763151840260096,13.34292389217947
validation,2026-02-26,btcusdt,binance,sell,120,754,1.7749050695570976,12.94115263491911
validation,2026-02-26,btcusdt,binance,buy,300,665,-3.6418256135615605,17.814628538186874
validation,2026-02-26,btcusdt,binance,sell,300,754,2.8620957639016926,19.52425364757568
validation,2026-02-26,btcusdt,bybit,buy,-300,577,-38.7434211301728,24.487561673089036
validation,2026-02-26,btcusdt,bybit,sell,-300,892,40.64775085368663,26.764381634472322
validation,2026-02-26,btcusdt,bybit,buy,-120,577,-26.963193914759565,16.906395319344686
validation,2026-02-26,btcusdt,bybit,sell,-120,892,29.035105831281168,19.018836808363424
validation,2026-02-26,btcusdt,bybit,buy,-60,577,-21.38383383566906,14.743145783838958
validation,2026-02-26,btcusdt,bybit,sell,-60,892,23.28014648308209,16.461086687662892
validation,2026-02-26,btcusdt,bybit,buy,-30,577,-17.90496210674771,15.661539057423994
validation,2026-02-26,btcusdt,bybit,sell,-30,892,17.05874212529519,13.432483597557642
validation,2026-02-26,btcusdt,bybit,buy,-10,577,-13.736395391173753,14.483623987142995
validation,2026-02-26,btcusdt,bybit,sell,-10,892,10.344146161898706,11.353737971688595
validation,2026-02-26,btcusdt,bybit,buy,-5,577,-11.43238734452949,14.416945697613386
validation,2026-02-26,btcusdt,bybit,sell,-5,892,7.101395969268842,9.016961938286123
validation,2026-02-26,btcusdt,bybit,buy,-1,577,-2.1815345718877133,4.557573220004911
validation,2026-02-26,btcusdt,bybit,sell,-1,892,0.4703489010384327,3.149593903169425
validation,2026-02-26,btcusdt,bybit,buy,0,577,0.0,0.0
validation,2026-02-26,btcusdt,bybit,sell,0,892,0.0,0.0
validation,2026-02-26,btcusdt,bybit,buy,1,577,1.3293617304256546,4.0902590736578865
validation,2026-02-26,btcusdt,bybit,sell,1,892,0.3779591872869302,2.454958832168082
validation,2026-02-26,btcusdt,bybit,buy,5,577,-0.7019113879611171,8.359590494671695
validation,2026-02-26,btcusdt,bybit,sell,5,892,0.7009476311640119,4.574749983064957
validation,2026-02-26,btcusdt,bybit,buy,10,577,-0.8378097385268519,6.497825596143134
validation,2026-02-26,btcusdt,bybit,sell,10,892,1.1072221747838946,5.960809477748361
validation,2026-02-26,btcusdt,bybit,buy,30,577,-2.551433190706316,7.632603199188176
validation,2026-02-26,btcusdt,bybit,sell,30,892,0.34022070678008787,9.371300081710107
validation,2026-02-26,btcusdt,bybit,buy,60,577,-4.8473622281747115,11.421605551743058
validation,2026-02-26,btcusdt,bybit,sell,60,892,1.3050148357084246,11.408658161348656
validation,2026-02-26,btcusdt,bybit,buy,120,577,-5.9935836363938035,16.255710919503784
validation,2026-02-26,btcusdt,bybit,sell,120,892,0.4782125664341723,16.20130417065982
validation,2026-02-26,btcusdt,bybit,buy,300,577,-9.252654584868397,19.381587022776028
validation,2026-02-26,btcusdt,bybit,sell,300,892,1.3192121422699976,23.013138015440724
validation,2026-02-27,btcusdt,binance,buy,-300,460,-21.49927428412873,14.252571155550177
validation,2026-02-27,btcusdt,binance,sell,-300,843,26.159280506796446,16.92198078927949
validation,2026-02-27,btcusdt,binance,buy,-120,460,-16.346593943355813,10.764953073146325
validation,2026-02-27,btcusdt,binance,sell,-120,843,19.229625847361433,14.005160960151555
validation,2026-02-27,btcusdt,binance,buy,-60,460,-13.773127693226371,9.184143352883007
validation,2026-02-27,btcusdt,binance,sell,-60,843,15.029802044363924,11.726750330866695
validation,2026-02-27,btcusdt,binance,buy,-30,460,-10.57542582752099,7.350464340682256
validation,2026-02-27,btcusdt,binance,sell,-30,843,10.41991839244998,9.70373111974522
validation,2026-02-27,btcusdt,binance,buy,-10,460,-5.729774898396109,5.032494539672055
validation,2026-02-27,btcusdt,binance,sell,-10,843,5.741217001010022,6.621493198351191
validation,2026-02-27,btcusdt,binance,buy,-5,460,-3.632066444019664,3.5357799962963945
validation,2026-02-27,btcusdt,binance,sell,-5,843,3.3991627427857374,4.797897794139249
validation,2026-02-27,btcusdt,binance,buy,-1,460,-0.30558697346132574,1.7037455899078875
validation,2026-02-27,btcusdt,binance,sell,-1,843,0.15157710075556152,2.0626020271502425
validation,2026-02-27,btcusdt,binance,buy,0,460,0.0,0.0
validation,2026-02-27,btcusdt,binance,sell,0,843,0.0,0.0
validation,2026-02-27,btcusdt,binance,buy,1,460,0.09294218035609388,1.4695679953177094
validation,2026-02-27,btcusdt,binance,sell,1,843,-0.025324366055814562,2.033318429197499
validation,2026-02-27,btcusdt,binance,buy,5,460,0.1961273443541321,3.274900313510211
validation,2026-02-27,btcusdt,binance,sell,5,843,0.1745717445821596,3.9677177427560855
validation,2026-02-27,btcusdt,binance,buy,10,460,-0.21737730987876808,4.666181145231346
validation,2026-02-27,btcusdt,binance,sell,10,843,0.2905417296222992,4.858638827852155
validation,2026-02-27,btcusdt,binance,buy,30,460,-0.8945302781380203,7.744397792607176
validation,2026-02-27,btcusdt,binance,sell,30,843,0.2276059174095747,8.811441086928152
validation,2026-02-27,btcusdt,binance,buy,60,460,-1.8312032512474274,9.633643788899365
validation,2026-02-27,btcusdt,binance,sell,60,843,0.7856390586133977,10.687804894965852
validation,2026-02-27,btcusdt,binance,buy,120,460,-3.138335620954797,9.938185228702197
validation,2026-02-27,btcusdt,binance,sell,120,843,0.8521582708679795,13.800384561045936
validation,2026-02-27,btcusdt,binance,buy,300,460,-3.8796152200880876,14.989849597617143
validation,2026-02-27,btcusdt,binance,sell,300,843,0.4805053733196566,18.6739977583517
validation,2026-02-27,btcusdt,bybit,buy,-300,376,-25.61543651655904,15.450439853097292
validation,2026-02-27,btcusdt,bybit,sell,-300,1672,37.67186063524985,20.49745762705095
validation,2026-02-27,btcusdt,bybit,buy,-120,376,-19.59987021228648,12.365637908057925
validation,2026-02-27,btcusdt,bybit,sell,-120,1672,29.246725846824678,20.659360576497512
validation,2026-02-27,btcusdt,bybit,buy,-60,376,-16.968319306700362,11.244588140968334
validation,2026-02-27,btcusdt,bybit,sell,-60,1672,25.51726319221812,20.156178739149365
validation,2026-02-27,btcusdt,bybit,buy,-30,376,-13.514172329300441,8.929772343841014
validation,2026-02-27,btcusdt,bybit,sell,-30,1672,21.156534847816477,20.500050262198137
validation,2026-02-27,btcusdt,bybit,buy,-10,376,-8.698103567878844,7.334667918437092
validation,2026-02-27,btcusdt,bybit,sell,-10,1672,14.263451707157065,15.15762872781318
validation,2026-02-27,btcusdt,bybit,buy,-5,376,-6.340327235571331,5.788818490339161
validation,2026-02-27,btcusdt,bybit,sell,-5,1672,11.261033488914265,13.695746778400311
validation,2026-02-27,btcusdt,bybit,buy,-1,376,-1.0507402404448756,2.621011636053225
validation,2026-02-27,btcusdt,bybit,sell,-1,1672,0.9568825759820012,5.294322035490945
validation,2026-02-27,btcusdt,bybit,buy,0,376,0.0,0.0
validation,2026-02-27,btcusdt,bybit,sell,0,1672,0.0,0.0
validation,2026-02-27,btcusdt,bybit,buy,1,376,0.028386075514074443,2.187073015204244
validation,2026-02-27,btcusdt,bybit,sell,1,1672,0.42835542689810774,2.888063967126726
validation,2026-02-27,btcusdt,bybit,buy,5,376,0.041137578282683426,3.8204558555697337
validation,2026-02-27,btcusdt,bybit,sell,5,1672,0.8662025754608843,5.06651021743137
validation,2026-02-27,btcusdt,bybit,buy,10,376,0.13442513304124573,4.642454945291135
validation,2026-02-27,btcusdt,bybit,sell,10,1672,1.130606258509288,6.244529278723223
validation,2026-02-27,btcusdt,bybit,buy,30,376,0.3947733800777572,9.31507141811508
validation,2026-02-27,btcusdt,bybit,sell,30,1672,2.2815621540121978,14.114406076259995
validation,2026-02-27,btcusdt,bybit,buy,60,376,-1.8179256099679175,9.674003470095531
validation,2026-02-27,btcusdt,bybit,sell,60,1672,5.106620717750591,14.175800181526965
validation,2026-02-27,btcusdt,bybit,buy,120,376,-3.0965653690533084,9.64440983076878
validation,2026-02-27,btcusdt,bybit,sell,120,1672,6.116130791171493,18.613692880224967
validation,2026-02-27,btcusdt,bybit,buy,300,376,-6.170132709610206,14.139924362552787
validation,2026-02-27,btcusdt,bybit,sell,300,1672,9.625282354947792,23.502453918799297
validation,2026-02-28,btcusdt,binance,buy,-300,990,-34.78183865565579,32.953432185263416
validation,2026-02-28,btcusdt,binance,sell,-300,926,38.791907691286056,36.739621144738244
validation,2026-02-28,btcusdt,binance,buy,-120,990,-28.243201384205587,21.642433134020862
validation,2026-02-28,btcusdt,binance,sell,-120,926,28.858488468654343,22.821430802899044
validation,2026-02-28,btcusdt,binance,buy,-60,990,-21.550033030499492,15.999582716981095
validation,2026-02-28,btcusdt,binance,sell,-60,926,21.685837080939557,17.117412255560698
validation,2026-02-28,btcusdt,binance,buy,-30,990,-15.409083664978056,11.876650137034089
validation,2026-02-28,btcusdt,binance,sell,-30,926,14.901301770741323,12.058314198199758
validation,2026-02-28,btcusdt,binance,buy,-10,990,-8.77126590577616,7.307741402562863
validation,2026-02-28,btcusdt,binance,sell,-10,926,7.44340449515102,7.68771132790305
validation,2026-02-28,btcusdt,binance,buy,-5,990,-5.511474076378735,5.6375216449173555
validation,2026-02-28,btcusdt,binance,sell,-5,926,4.416623811602745,5.658470786303173
validation,2026-02-28,btcusdt,binance,buy,-1,990,-0.46229328982837126,2.8523022976803665
validation,2026-02-28,btcusdt,binance,sell,-1,926,0.2291741499031402,2.5165002459308377
validation,2026-02-28,btcusdt,binance,buy,0,990,0.0,0.0
validation,2026-02-28,btcusdt,binance,sell,0,926,0.0,0.0
validation,2026-02-28,btcusdt,binance,buy,1,990,0.15573016347177904,2.6296344580631703
validation,2026-02-28,btcusdt,binance,sell,1,926,-0.1721861640291788,2.392039052267571
validation,2026-02-28,btcusdt,binance,buy,5,990,0.46668085972838236,5.565060267585352
validation,2026-02-28,btcusdt,binance,sell,5,926,-0.4937755891696509,5.818792301617594
validation,2026-02-28,btcusdt,binance,buy,10,990,0.7288220688579274,8.09306811485276
validation,2026-02-28,btcusdt,binance,sell,10,926,-1.1386858279253291,8.062286803697223
validation,2026-02-28,btcusdt,binance,buy,30,990,0.8427654495979302,12.802949064753326
validation,2026-02-28,btcusdt,binance,sell,30,926,-2.419213519410602,15.011705064054484
validation,2026-02-28,btcusdt,binance,buy,60,989,1.629802243139002,16.52104497398541
validation,2026-02-28,btcusdt,binance,sell,60,926,-3.988750441320036,20.05358826896553
validation,2026-02-28,btcusdt,binance,buy,120,989,1.7471378538208535,21.11740642196401
validation,2026-02-28,btcusdt,binance,sell,120,925,-4.0505656148435465,27.291261022970197
validation,2026-02-28,btcusdt,binance,buy,300,989,-0.845858067631451,30.30565329721418
validation,2026-02-28,btcusdt,binance,sell,300,925,-2.158922987795601,38.057630792051306
validation,2026-02-28,btcusdt,bybit,buy,-300,2420,-57.54873689409408,27.70941014398704
validation,2026-02-28,btcusdt,bybit,sell,-300,2321,81.73800509944348,39.234786779539164
validation,2026-02-28,btcusdt,bybit,buy,-120,2420,-44.33285978590996,19.86676932359192
validation,2026-02-28,btcusdt,bybit,sell,-120,2321,54.7726635483051,30.09529051280347
validation,2026-02-28,btcusdt,bybit,buy,-60,2420,-34.28165895414748,18.64603822224147
validation,2026-02-28,btcusdt,bybit,sell,-60,2321,43.963082667074744,25.840239592231597
validation,2026-02-28,btcusdt,bybit,buy,-30,2420,-25.35508794761722,15.498175405899268
validation,2026-02-28,btcusdt,bybit,sell,-30,2321,29.846718044253027,19.973133054804986
validation,2026-02-28,btcusdt,bybit,buy,-10,2420,-15.572076587695213,9.16267853855066
validation,2026-02-28,btcusdt,bybit,sell,-10,2321,17.824835305719734,13.10911226418767
validation,2026-02-28,btcusdt,bybit,buy,-5,2420,-11.929270488225667,8.125536433451023
validation,2026-02-28,btcusdt,bybit,sell,-5,2321,12.404787773290655,10.287653491436686
validation,2026-02-28,btcusdt,bybit,buy,-1,2420,-2.3383501615926985,5.172948073021682
validation,2026-02-28,btcusdt,bybit,sell,-1,2321,1.465353261968586,4.957996073408633
validation,2026-02-28,btcusdt,bybit,buy,0,2420,0.0,0.0
validation,2026-02-28,btcusdt,bybit,sell,0,2321,0.0,0.0
validation,2026-02-28,btcusdt,bybit,buy,1,2420,-0.5910405612570039,4.244424733437972
validation,2026-02-28,btcusdt,bybit,sell,1,2321,-0.40122964609614764,5.534569141361614
validation,2026-02-28,btcusdt,bybit,buy,5,2420,-1.0017495905238847,7.6417563198499865
validation,2026-02-28,btcusdt,bybit,sell,5,2321,-1.4431512974315523,9.87921245085148
validation,2026-02-28,btcusdt,bybit,buy,10,2420,-0.449956004959885,10.13956112314482
validation,2026-02-28,btcusdt,bybit,sell,10,2321,-2.285462344558765,12.29027216733502
validation,2026-02-28,btcusdt,bybit,buy,30,2420,-1.59502974692486,15.124612187654732
validation,2026-02-28,btcusdt,bybit,sell,30,2321,-2.1406497189048803,22.120366779755976
validation,2026-02-28,btcusdt,bybit,buy,60,2420,-1.9732502385686936,19.01169905362771
validation,2026-02-28,btcusdt,bybit,sell,60,2321,-0.9192576181712113,25.41975869888461
validation,2026-02-28,btcusdt,bybit,buy,120,2420,-4.768198739990664,21.095062081017026
validation,2026-02-28,btcusdt,bybit,sell,120,2320,3.0516051280074974,32.05606133549963
validation,2026-02-28,btcusdt,bybit,buy,300,2420,-0.7569961620276031,35.373888359678865
validation,2026-02-28,btcusdt,bybit,sell,300,2320,7.081998336389605,49.064508207195004
train,2025-12-01,ethusdt,binance,buy,-300,833,-20.944267977736022,36.41627421881989
train,2025-12-01,ethusdt,binance,sell,-300,1836,36.378929746275,41.048816519118674
train,2025-12-01,ethusdt,binance,buy,-120,834,-20.8662315261566,24.204531510448643
train,2025-12-01,ethusdt,binance,sell,-120,1860,23.698451679302753,25.569943342398687
train,2025-12-01,ethusdt,binance,buy,-60,834,-19.066546688020008,18.44439334633525
train,2025-12-01,ethusdt,binance,sell,-60,1860,18.24151896114434,18.371897385546852
train,2025-12-01,ethusdt,binance,buy,-30,837,-14.724835557822342,13.5909576000409
train,2025-12-01,ethusdt,binance,sell,-30,1861,14.133567712745828,16.222158966029898
train,2025-12-01,ethusdt,binance,buy,-10,837,-9.114346080068184,8.451317697815098
train,2025-12-01,ethusdt,binance,sell,-10,1861,7.790456452646036,10.856673536550925
train,2025-12-01,ethusdt,binance,buy,-5,837,-6.03776783389907,6.034195875027819
train,2025-12-01,ethusdt,binance,sell,-5,1862,4.804807303719749,7.869519346675843
train,2025-12-01,ethusdt,binance,buy,-1,837,-0.45052035556388287,2.6499883787942307
train,2025-12-01,ethusdt,binance,sell,-1,1862,0.32530812315102764,3.4906877289931195
train,2025-12-01,ethusdt,binance,buy,0,837,0.0,0.0
train,2025-12-01,ethusdt,binance,sell,0,1862,0.0,0.0
train,2025-12-01,ethusdt,binance,buy,1,837,0.07521393538435125,2.4521981414032714
train,2025-12-01,ethusdt,binance,sell,1,1862,-0.07005438564362747,3.485148349325849
train,2025-12-01,ethusdt,binance,buy,5,837,0.01606340263762813,5.2544282776927576
train,2025-12-01,ethusdt,binance,sell,5,1862,-0.06609489632461937,7.978921588945059
train,2025-12-01,ethusdt,binance,buy,10,837,-0.1798064036389108,7.262531222199065
train,2025-12-01,ethusdt,binance,sell,10,1862,0.05762109289064176,10.353264661502244
train,2025-12-01,ethusdt,binance,buy,30,837,-1.3595486212401173,12.056044229201442
train,2025-12-01,ethusdt,binance,sell,30,1862,1.58976335608817,14.32736836483333
train,2025-12-01,ethusdt,binance,buy,60,837,-1.4419521163002769,15.525427372216173
train,2025-12-01,ethusdt,binance,sell,60,1862,0.8544380171091558,20.160725663007607
train,2025-12-01,ethusdt,binance,buy,120,837,-4.052831252376054,19.348272197955467
train,2025-12-01,ethusdt,binance,sell,120,1862,-1.1466984453919087,26.58813126404878
train,2025-12-01,ethusdt,binance,buy,300,837,-6.844640700526202,27.676915346139996
train,2025-12-01,ethusdt,binance,sell,300,1862,-8.009837825133129,46.51013744180742
train,2025-12-01,ethusdt,bybit,buy,-300,392,-35.912088081839805,36.60074852395038
train,2025-12-01,ethusdt,bybit,sell,-300,4209,90.58482372557681,60.81778364267181
train,2025-12-01,ethusdt,bybit,buy,-120,393,-29.72089362973573,27.119537482635568
train,2025-12-01,ethusdt,bybit,sell,-120,4302,61.928658266120394,44.98578033398164
train,2025-12-01,ethusdt,bybit,buy,-60,393,-24.50434612210542,21.750247204351393
train,2025-12-01,ethusdt,bybit,sell,-60,4302,47.15835779440456,31.072324551699033
train,2025-12-01,ethusdt,bybit,buy,-30,393,-17.242430710909556,17.151612910450517
train,2025-12-01,ethusdt,bybit,sell,-30,4302,40.78699246315654,29.644578568522412
train,2025-12-01,ethusdt,bybit,buy,-10,393,-12.18448785249467,11.651928689716055
train,2025-12-01,ethusdt,bybit,sell,-10,4302,28.048584085390416,24.06650230762398
train,2025-12-01,ethusdt,bybit,buy,-5,393,-8.945306219689247,8.931544408879638
train,2025-12-01,ethusdt,bybit,sell,-5,4303,20.49812119917441,16.400565657007082
train,2025-12-01,ethusdt,bybit,buy,-1,393,-1.222877200255149,3.8177946339138056
train,2025-12-01,ethusdt,bybit,sell,-1,4303,3.357999037970308,6.0542657531763515
train,2025-12-01,ethusdt,bybit,buy,0,393,0.0,0.0
train,2025-12-01,ethusdt,bybit,sell,0,4303,0.0,0.0
train,2025-12-01,ethusdt,bybit,buy,1,393,0.057546817693664695,3.383257253988565
train,2025-12-01,ethusdt,bybit,sell,1,4303,-0.6970867380603923,6.161342108655709
train,2025-12-01,ethusdt,bybit,buy,5,393,-0.12132218928560237,6.334633632057272
train,2025-12-01,ethusdt,bybit,sell,5,4303,1.7502388204162889,19.400689844489243
train,2025-12-01,ethusdt,bybit,buy,10,393,-0.4367906383022626,8.549883912217517
train,2025-12-01,ethusdt,bybit,sell,10,4303,4.677356954770601,17.92881102519625
train,2025-12-01,ethusdt,bybit,buy,30,393,-1.5924978259350968,11.99078619485305
train,2025-12-01,ethusdt,bybit,sell,30,4303,13.351152341931499,22.99144319351536
train,2025-12-01,ethusdt,bybit,buy,60,393,-0.4714551462900087,16.051913995838824
train,2025-12-01,ethusdt,bybit,sell,60,4303,10.974480343036761,36.662607757932626
train,2025-12-01,ethusdt,bybit,buy,120,393,-4.75358725239505,22.67563664244736
train,2025-12-01,ethusdt,bybit,sell,120,4303,9.043411010012544,43.026589891133156
train,2025-12-01,ethusdt,bybit,buy,300,393,-8.840895758946088,30.1977294390377
train,2025-12-01,ethusdt,bybit,sell,300,4303,-7.259059916862351,60.427014562003514
train,2025-12-02,ethusdt,binance,buy,-300,994,-43.12200189198312,41.07770770111623
train,2025-12-02,ethusdt,binance,sell,-300,660,15.647348186940109,30.971157893917322
train,2025-12-02,ethusdt,binance,buy,-120,994,-31.703947975813843,30.024427546164247
train,2025-12-02,ethusdt,binance,sell,-120,660,14.921864523595653,17.60324198810934
train,2025-12-02,ethusdt,binance,buy,-60,994,-24.457196368519465,20.7596509152991
train,2025-12-02,ethusdt,binance,sell,-60,660,12.169844239604547,12.157570131372118
train,2025-12-02,ethusdt,binance,buy,-30,994,-18.47451732608865,16.938023118663548
train,2025-12-02,ethusdt,binance,sell,-30,660,9.137998236622906,9.131462007101925
train,2025-12-02,ethusdt,binance,buy,-10,994,-10.595028801019124,10.60222974275986
train,2025-12-02,ethusdt,binance,sell,-10,660,5.22698753295944,6.102595626477517
train,2025-12-02,ethusdt,binance,buy,-5,994,-6.571014891605016,7.163886910925296
train,2025-12-02,ethusdt,binance,sell,-5,660,3.4295018817410603,4.436880990446282
train,2025-12-02,ethusdt,binance,buy,-1,994,-0.7577810440280116,3.2120294602451813
train,2025-12-02,ethusdt,binance,sell,-1,660,0.14012051429788458,2.1821298361552044
train,2025-12-02,ethusdt,binance,buy,0,994,0.0,0.0
train,2025-12-02,ethusdt,binance,sell,0,660,0.0,0.0
train,2025-12-02,ethusdt,binance,buy,1,994,0.39009229285749797,3.213671481022288
train,2025-12-02,ethusdt,binance,sell,1,660,0.08724324705867453,1.7394386988550297
train,2025-12-02,ethusdt,binance,buy,5,994,0.7605966117316516,7.621723929103948
train,2025-12-02,ethusdt,binance,sell,5,660,0.22469946393212198,3.474194914083027
train,2025-12-02,ethusdt,binance,buy,10,994,0.7643593208899055,10.973518063305356
train,2025-12-02,ethusdt,binance,sell,10,660,0.5048527111981297,4.746926225518546
train,2025-12-02,ethusdt,binance,buy,30,994,1.1769998710915697,16.533395647711156
train,2025-12-02,ethusdt,binance,sell,30,660,1.2513319330176766,8.012582908201205
train,2025-12-02,ethusdt,binance,buy,60,994,2.295162365222351,22.170127715254896
train,2025-12-02,ethusdt,binance,sell,60,660,1.9142867543381556,11.69738773626101
train,2025-12-02,ethusdt,binance,buy,120,994,3.5823998787518785,28.127679060570035
train,2025-12-02,ethusdt,binance,sell,120,660,4.433466440916068,14.446959760735146
train,2025-12-02,ethusdt,binance,buy,300,994,5.657435883461134,35.87331417702865
train,2025-12-02,ethusdt,binance,sell,300,660,7.043961498617039,23.395165149651643
train,2025-12-02,ethusdt,bybit,buy,-300,1286,-78.42894761264945,43.39462290836638
train,2025-12-02,ethusdt,bybit,sell,-300,263,25.435351164232163,28.55929079538786
train,2025-12-02,ethusdt,bybit,buy,-120,1286,-64.58604713251009,35.736014368458974
train,2025-12-02,ethusdt,bybit,sell,-120,263,18.830505687564713,20.670672119562216
train,2025-12-02,ethusdt,bybit,buy,-60,1286,-46.59066343734376,22.677093594868467
train,2025-12-02,ethusdt,bybit,sell,-60,263,15.096899600551371,14.871372924242616
train,2025-12-02,ethusdt,bybit,buy,-30,1286,-37.22919260064805,21.410736748058188
train,2025-12-02,ethusdt,bybit,sell,-30,263,10.575951888529872,11.007141518602905
train,2025-12-02,ethusdt,bybit,buy,-10,1286,-24.16950662542878,15.659232750246975
train,2025-12-02,ethusdt,bybit,sell,-10,263,6.947363040963726,7.681603642519321
train,2025-12-02,ethusdt,bybit,buy,-5,1286,-16.47664792351647,12.252185918451017
train,2025-12-02,ethusdt,bybit,sell,-5,263,5.415967996389619,4.892957819944559
train,2025-12-02,ethusdt,bybit,buy,-1,1286,-3.032054892479211,6.697965383677232
train,2025-12-02,ethusdt,bybit,sell,-1,263,0.46344692243171487,2.2079168064923675
train,2025-12-02,ethusdt,bybit,buy,0,1286,0.0,0.0
train,2025-12-02,ethusdt,bybit,sell,0,263,0.0,0.0
train,2025-12-02,ethusdt,bybit,buy,1,1286,0.7817317133195437,4.899936598849669
train,2025-12-02,ethusdt,bybit,sell,1,263,0.22716109584295252,1.8626476765686033
train,2025-12-02,ethusdt,bybit,buy,5,1286,3.4650312872066635,10.792067613072266
train,2025-12-02,ethusdt,bybit,sell,5,263,0.09323477107004936,4.117849739203548
train,2025-12-02,ethusdt,bybit,buy,10,1286,0.9029444909941435,14.813422954244409
train,2025-12-02,ethusdt,bybit,sell,10,263,0.018258176303616716,5.415993043200564
train,2025-12-02,ethusdt,bybit,buy,30,1286,-1.6125519645815454,22.02447571674051
train,2025-12-02,ethusdt,bybit,sell,30,263,1.0912429534498056,7.815451699571715
train,2025-12-02,ethusdt,bybit,buy,60,1286,0.643649767826414,28.19871174366194
train,2025-12-02,ethusdt,bybit,sell,60,263,2.2909548843432446,11.814210456382625
train,2025-12-02,ethusdt,bybit,buy,120,1286,2.427796842297857,31.402737019792575
train,2025-12-02,ethusdt,bybit,sell,120,263,6.767901642050968,14.674358245827678
train,2025-12-02,ethusdt,bybit,buy,300,1286,3.2853043780897164,37.64818994965231
train,2025-12-02,ethusdt,bybit,sell,300,263,6.6267687446071175,21.30508455641066
train,2025-12-03,ethusdt,binance,buy,-300,1269,-33.20045575957127,45.224410333952335
train,2025-12-03,ethusdt,binance,sell,-300,625,33.52078825217118,54.869042042811984
train,2025-12-03,ethusdt,binance,buy,-120,1269,-26.773847563332136,31.331948385436267
train,2025-12-03,ethusdt,binance,sell,-120,625,31.55933062647876,31.639276843011036
train,2025-12-03,ethusdt,binance,buy,-60,1269,-19.449485166933922,19.91856686706058
train,2025-12-03,ethusdt,binance,sell,-60,625,24.656366923728825,23.896417152918804
train,2025-12-03,ethusdt,binance,buy,-30,1269,-14.774245378544455,15.653610600605028
train,2025-12-03,ethusdt,binance,sell,-30,625,17.11866676166777,14.834878979166307
train,2025-12-03,ethusdt,binance,buy,-10,1269,-8.532484345162981,9.71968558910684
train,2025-12-03,ethusdt,binance,sell,-10,625,9.548189626454258,9.266536767677996
train,2025-12-03,ethusdt,binance,buy,-5,1269,-5.515398123298019,7.082413344268943
train,2025-12-03,ethusdt,binance,sell,-5,625,5.861994367875778,6.3332184549774
train,2025-12-03,ethusdt,binance,buy,-1,1269,-0.44262709176579634,3.056766146044864
train,2025-12-03,ethusdt,binance,sell,-1,625,0.5866055484002781,2.7766159196498292
train,2025-12-03,ethusdt,binance,buy,0,1269,0.0,0.0
train,2025-12-03,ethusdt,binance,sell,0,625,0.0,0.0
train,2025-12-03,ethusdt,binance,buy,1,1269,0.14363412355746638,2.8655570439012057
train,2025-12-03,ethusdt,binance,sell,1,625,-0.10264467420654698,2.784797806500987
train,2025-12-03,ethusdt,binance,buy,5,1269,0.12672989861685266,6.257014472614156
train,2025-12-03,ethusdt,binance,sell,5,625,-0.31676160589901353,6.721955868430533
train,2025-12-03,ethusdt,binance,buy,10,1269,0.10896719141654675,9.684337649734498
train,2025-12-03,ethusdt,binance,sell,10,625,-0.3315374013488101,9.209353191711633
train,2025-12-03,ethusdt,binance,buy,30,1269,-0.3459959804128197,14.53825332595246
train,2025-12-03,ethusdt,binance,sell,30,625,-1.5329011466056872,16.264977985915415
train,2025-12-03,ethusdt,binance,buy,60,1269,-0.5339230414732682,17.301601124517635
train,2025-12-03,ethusdt,binance,sell,60,625,-2.492747214986108,20.23470085559281
train,2025-12-03,ethusdt,binance,buy,120,1269,-2.4615802253643753,24.87125969156418
train,2025-12-03,ethusdt,binance,sell,120,625,-0.5849780618131675,28.317117702964797
train,2025-12-03,ethusdt,binance,buy,300,1269,-5.198780307348109,36.73420937087498
train,2025-12-03,ethusdt,binance,sell,300,625,1.7434932556092295,34.3155435304865
train,2025-12-03,ethusdt,bybit,buy,-300,1562,-77.52848100093878,64.81011729331591
train,2025-12-03,ethusdt,bybit,sell,-300,470,79.60114651073667,62.85326983163858
train,2025-12-03,ethusdt,bybit,buy,-120,1562,-56.86410291638624,44.5598459748133
train,2025-12-03,ethusdt,bybit,sell,-120,470,61.93118862895057,42.000177312429905
train,2025-12-03,ethusdt,bybit,buy,-60,1562,-42.062076874397796,30.864655328334347
train,2025-12-03,ethusdt,bybit,sell,-60,470,48.07113979945357,32.42422389622563
train,2025-12-03,ethusdt,bybit,buy,-30,1562,-35.07797573595932,28.16964908174748
train,2025-12-03,ethusdt,bybit,sell,-30,470,32.69500811554448,18.19126171144442
train,2025-12-03,ethusdt,bybit,buy,-10,1562,-22.719784255540805,17.164734197720055
train,2025-12-03,ethusdt,bybit,sell,-10,470,19.38441183219298,12.705553128198522
train,2025-12-03,ethusdt,bybit,buy,-5,1562,-16.592977397394424,12.724564345885383
train,2025-12-03,ethusdt,bybit,sell,-5,470,13.372110488880422,9.15059695680469
train,2025-12-03,ethusdt,bybit,buy,-1,1562,-1.7993998985709767,6.574865028873717
train,2025-12-03,ethusdt,bybit,sell,-1,470,1.5194387301115666,4.708469756010522
train,2025-12-03,ethusdt,bybit,buy,0,1562,0.0,0.0
train,2025-12-03,ethusdt,bybit,sell,0,470,0.0,0.0
train,2025-12-03,ethusdt,bybit,buy,1,1562,1.17384454367768,5.470925918040435
train,2025-12-03,ethusdt,bybit,sell,1,470,0.17353077836076036,3.653671297628969
train,2025-12-03,ethusdt,bybit,buy,5,1562,1.7135417534316184,9.994847161339825
train,2025-12-03,ethusdt,bybit,sell,5,470,-1.026458003242397,9.880006765237615
train,2025-12-03,ethusdt,bybit,buy,10,1562,2.318596221483852,14.635841903598223
train,2025-12-03,ethusdt,bybit,sell,10,470,-0.05985820625753193,14.623039281689213
train,2025-12-03,ethusdt,bybit,buy,30,1562,0.22633388904673618,20.235816117049623
train,2025-12-03,ethusdt,bybit,sell,30,470,-6.706861421601241,22.057398026795184
train,2025-12-03,ethusdt,bybit,buy,60,1562,3.1531746180940576,25.406494465282524
train,2025-12-03,ethusdt,bybit,sell,60,470,-7.2969450746510685,24.11946755190265
train,2025-12-03,ethusdt,bybit,buy,120,1562,0.7723241201224523,41.76537427198069
train,2025-12-03,ethusdt,bybit,sell,120,470,-9.271743345011124,35.760799851879206
train,2025-12-03,ethusdt,bybit,buy,300,1562,-10.606133032513721,44.00336919908351
train,2025-12-03,ethusdt,bybit,sell,300,470,-4.830497425148742,31.373610527140865
train,2025-12-04,ethusdt,binance,buy,-300,809,-31.650266336069542,31.959872064930124
train,2025-12-04,ethusdt,binance,sell,-300,978,30.68621614388068,26.22513639233571
train,2025-12-04,ethusdt,binance,buy,-120,809,-23.492393050052694,17.66069148284387
train,2025-12-04,ethusdt,binance,sell,-120,978,24.3895194308834,18.45607229987202
train,2025-12-04,ethusdt,binance,buy,-60,809,-18.598703727127425,13.411138158083936
train,2025-12-04,ethusdt,binance,sell,-60,978,17.726043266242545,13.348857277977913
train,2025-12-04,ethusdt,binance,buy,-30,809,-14.31291848829931,11.110441463801767
train,2025-12-04,ethusdt,binance,sell,-30,978,12.851599735519573,10.016487135548765
train,2025-12-04,ethusdt,binance,buy,-10,809,-8.337090974160319,7.018642716667401
train,2025-12-04,ethusdt,binance,sell,-10,978,7.124991895000175,6.764211380202514
train,2025-12-04,ethusdt,binance,buy,-5,809,-5.24301502750073,5.208540017591162
train,2025-12-04,ethusdt,binance,sell,-5,978,4.381865833113437,5.149111372148957
train,2025-12-04,ethusdt,binance,buy,-1,809,-0.5054490735681263,2.2780036734911344
train,2025-12-04,ethusdt,binance,sell,-1,978,0.19194208773277507,2.126877514891277
train,2025-12-04,ethusdt,binance,buy,0,809,0.0,0.0
train,2025-12-04,ethusdt,binance,sell,0,978,0.0,0.0
train,2025-12-04,ethusdt,binance,buy,1,809,0.017256755391998536,2.266416575148558
train,2025-12-04,ethusdt,binance,sell,1,978,0.013063038923620023,2.1162571699761052
train,2025-12-04,ethusdt,binance,buy,5,809,-0.11787591829916755,4.985283853010773
train,2025-12-04,ethusdt,binance,sell,5,978,0.034965186176467176,4.516153471236557
train,2025-12-04,ethusdt,binance,buy,10,809,-0.531786793037213,6.594285974471847
train,2025-12-04,ethusdt,binance,sell,10,978,0.13930981179474514,6.108122257206063
train,2025-12-04,ethusdt,binance,buy,30,809,-1.330798426711696,10.82103344932468
train,2025-12-04,ethusdt,binance,sell,30,978,-0.647254678113422,9.599566228415199
train,2025-12-04,ethusdt,binance,buy,60,809,-1.864935666793769,13.571851318688488
train,2025-12-04,ethusdt,binance,sell,60,978,-1.6944864021344321,13.246976091306744
train,2025-12-04,ethusdt,binance,buy,120,809,-3.029482662095722,20.979698880720953
train,2025-12-04,ethusdt,binance,sell,120,978,-0.8556839563967102,19.033641000167762
train,2025-12-04,ethusdt,binance,buy,300,809,-2.49830933983284,31.770971089729557
train,2025-12-04,ethusdt,binance,sell,300,978,-1.784573295770809,25.92683795279471
train,2025-12-04,ethusdt,bybit,buy,-300,634,-66.96760824041421,38.29684091713775
train,2025-12-04,ethusdt,bybit,sell,-300,1046,50.56942068789219,28.73248662994411
train,2025-12-04,ethusdt,bybit,buy,-120,634,-42.4517931465142,23.35006077139335
train,2025-12-04,ethusdt,bybit,sell,-120,1046,40.46003156082254,21.304349800142646
train,2025-12-04,ethusdt,bybit,buy,-60,634,-31.626579747756207,17.395400901160453
train,2025-12-04,ethusdt,bybit,sell,-60,1046,29.176145360242945,15.921283728474643
train,2025-12-04,ethusdt,bybit,buy,-30,634,-26.8841156679901,14.950056703332026
train,2025-12-04,ethusdt,bybit,sell,-30,1046,21.25153464197726,12.869571720943332
train,2025-12-04,ethusdt,bybit,buy,-10,634,-16.37023211924883,9.55345139348925
train,2025-12-04,ethusdt,bybit,sell,-10,1046,14.752483873676804,10.53463771383565
train,2025-12-04,ethusdt,bybit,buy,-5,634,-11.539953781144932,6.739198393998402
train,2025-12-04,ethusdt,bybit,sell,-5,1046,10.935366479726078,8.599332774625429
train,2025-12-04,ethusdt,bybit,buy,-1,634,-1.9222892039498267,3.7310018935011593
train,2025-12-04,ethusdt,bybit,sell,-1,1046,1.025486573154527,5.140842100961201
train,2025-12-04,ethusdt,bybit,buy,0,634,0.0,0.0
train,2025-12-04,ethusdt,bybit,sell,0,1046,0.0,0.0
train,2025-12-04,ethusdt,bybit,buy,1,634,0.2339734046160294,3.322337212400177
train,2025-12-04,ethusdt,bybit,sell,1,1046,-0.1509354510293351,4.052576352142531
train,2025-12-04,ethusdt,bybit,buy,5,634,0.834496625042551,7.255403275855236
train,2025-12-04,ethusdt,bybit,sell,5,1046,1.6346547953828992,6.018580956542623
train,2025-12-04,ethusdt,bybit,buy,10,634,0.8436624948933076,10.538200481661166
train,2025-12-04,ethusdt,bybit,sell,10,1046,1.6013429000186443,6.95809180516605
train,2025-12-04,ethusdt,bybit,buy,30,634,-1.3793048044628013,16.59044861894856
train,2025-12-04,ethusdt,bybit,sell,30,1046,0.003672590015845326,11.709105626499186
train,2025-12-04,ethusdt,bybit,buy,60,634,-1.9428391106309892,17.318787875597533
train,2025-12-04,ethusdt,bybit,sell,60,1046,-4.532637670213353,15.357287238486187
train,2025-12-04,ethusdt,bybit,buy,120,634,0.47321970088722853,31.799505967700373
train,2025-12-04,ethusdt,bybit,sell,120,1046,-3.2520852773886246,24.4917033264783
train,2025-12-04,ethusdt,bybit,buy,300,634,-2.9546060150394213,38.065626859429315
train,2025-12-04,ethusdt,bybit,sell,300,1046,-6.214793728689943,28.508914093377783
train,2025-12-05,ethusdt,binance,buy,-300,793,-30.449137097391827,34.73538550879737
train,2025-12-05,ethusdt,binance,sell,-300,1135,37.77615421216181,28.873523846660294
train,2025-12-05,ethusdt,binance,buy,-120,793,-23.33747144449906,20.896004641729093
train,2025-12-05,ethusdt,binance,sell,-120,1135,25.045347502837632,16.754251802015236
train,2025-12-05,ethusdt,binance,buy,-60,793,-17.95700390845145,15.756593508536302
train,2025-12-05,ethusdt,binance,sell,-60,1135,19.362645664078652,13.136695832621637
train,2025-12-05,ethusdt,binance,buy,-30,793,-13.868373898493862,12.148536315885917
train,2025-12-05,ethusdt,binance,sell,-30,1135,14.527580267009428,10.267258872793915
train,2025-12-05,ethusdt,binance,buy,-10,793,-8.082660231246063,7.5999660856294
train,2025-12-05,ethusdt,binance,sell,-10,1135,7.690609138917154,7.124173141496427
train,2025-12-05,ethusdt,binance,buy,-5,793,-5.223238078276295,5.559993076941766
train,2025-12-05,ethusdt,binance,sell,-5,1135,4.766065128663421,5.300139268186969
train,2025-12-05,ethusdt,binance,buy,-1,793,-0.2701254140562409,2.3677778456701115
train,2025-12-05,ethusdt,binance,sell,-1,1135,0.24053599769338516,2.5682182479916125
train,2025-12-05,ethusdt,binance,buy,0,793,0.0,0.0
train,2025-12-05,ethusdt,binance,sell,0,1135,0.0,0.0
train,2025-12-05,ethusdt,binance,buy,1,793,0.014449873797639541,2.18814695717193
train,2025-12-05,ethusdt,binance,sell,1,1135,0.03309886412095433,2.652751189927071
train,2025-12-05,ethusdt,binance,buy,5,793,0.03128913776655076,4.903136115684035
train,2025-12-05,ethusdt,binance,sell,5,1135,0.10610344881384813,5.372441445792128
train,2025-12-05,ethusdt,binance,buy,10,793,0.14498655435516697,6.887083601277935
train,2025-12-05,ethusdt,binance,sell,10,1135,0.5419982298700748,7.295892890821373
train,2025-12-05,ethusdt,binance,buy,30,793,-0.4716227260877027,10.985150364863069
train,2025-12-05,ethusdt,binance,sell,30,1135,1.8018117934201632,11.087727566477577
train,2025-12-05,ethusdt,binance,buy,60,793,-0.26094686323160526,14.997230681885883
train,2025-12-05,ethusdt,binance,sell,60,1135,1.803943328234027,14.88420068740202
train,2025-12-05,ethusdt,binance,buy,120,793,-1.2024735774269728,20.284698393992983
train,2025-12-05,ethusdt,binance,sell,120,1135,0.16970707982840644,20.31193555655484
train,2025-12-05,ethusdt,binance,buy,300,793,-1.0330426870418064,29.75453876276487
train,2025-12-05,ethusdt,binance,sell,300,1135,-3.3178783567712737,30.276354464062383
train,2025-12-05,ethusdt,bybit,buy,-300,458,-57.66161564751984,42.573551380629695
train,2025-12-05,ethusdt,bybit,sell,-300,1449,59.885503966680545,24.585573268441674
train,2025-12-05,ethusdt,bybit,buy,-120,458,-37.20653755003934,22.705304165394523
train,2025-12-05,ethusdt,bybit,sell,-120,1449,37.981155490745785,16.89326777843349
train,2025-12-05,ethusdt,bybit,buy,-60,458,-29.46222460338727,19.832230054501167
train,2025-12-05,ethusdt,bybit,sell,-60,1449,29.618472545381632,13.466434070730939
train,2025-12-05,ethusdt,bybit,buy,-30,458,-22.083632024027548,14.468489899595873
train,2025-12-05,ethusdt,bybit,sell,-30,1449,23.560075871997487,12.357569429247649
train,2025-12-05,ethusdt,bybit,buy,-10,458,-13.069379610180988,8.87542823933502
train,2025-12-05,ethusdt,bybit,sell,-10,1449,15.56061574156321,11.42568441488004
train,2025-12-05,ethusdt,bybit,buy,-5,458,-9.687113602119675,6.49720543230883
train,2025-12-05,ethusdt,bybit,sell,-5,1449,11.090435324741842,8.995480026113961
train,2025-12-05,ethusdt,bybit,buy,-1,458,-1.3113827068834125,4.559707060757693
train,2025-12-05,ethusdt,bybit,sell,-1,1449,1.3420188016284864,4.276085036624868
train,2025-12-05,ethusdt,bybit,buy,0,458,0.0,0.0
train,2025-12-05,ethusdt,bybit,sell,0,1449,0.0,0.0
train,2025-12-05,ethusdt,bybit,buy,1,458,-0.009806963605702114,2.7088442449351757
train,2025-12-05,ethusdt,bybit,sell,1,1449,0.10383598295070622,3.675791390580921
train,2025-12-05,ethusdt,bybit,buy,5,458,0.25709388898335633,6.1814993854313185
train,2025-12-05,ethusdt,bybit,sell,5,1449,0.8971632084696323,6.4870104113124345
train,2025-12-05,ethusdt,bybit,buy,10,458,0.8069373892966867,9.6122751236087
train,2025-12-05,ethusdt,bybit,sell,10,1449,1.3829431921906172,10.016000250978307
train,2025-12-05,ethusdt,bybit,buy,30,458,0.44294883815558006,13.271372650963405
train,2025-12-05,ethusdt,bybit,sell,30,1449,5.2168661558761515,14.116897840655964
train,2025-12-05,ethusdt,bybit,buy,60,458,1.622901220721158,18.0560643991283
train,2025-12-05,ethusdt,bybit,sell,60,1449,3.1600283919764727,20.881553873019158
train,2025-12-05,ethusdt,bybit,buy,120,458,0.6986665112881941,24.844698407115786
train,2025-12-05,ethusdt,bybit,sell,120,1449,1.1441103260728187,25.42790740416346
train,2025-12-05,ethusdt,bybit,buy,300,458,-3.515266563173905,35.61308633005736
train,2025-12-05,ethusdt,bybit,sell,300,1449,-1.9717922300846067,35.45356995629839
train,2025-12-06,ethusdt,binance,buy,-300,363,-21.09386009248098,23.549232840787944
train,2025-12-06,ethusdt,binance,sell,-300,391,14.275637254426387,17.769323357222646
train,2025-12-06,ethusdt,binance,buy,-120,363,-13.87419294394999,16.066288414050852
train,2025-12-06,ethusdt,binance,sell,-120,391,11.217260455225647,13.353849176763099
train,2025-12-06,ethusdt,binance,buy,-60,363,-10.725699232887184,13.005105324646978
train,2025-12-06,ethusdt,binance,sell,-60,391,9.776586611634292,11.245530925844342
train,2025-12-06,ethusdt,binance,buy,-30,363,-8.054050759029725,11.054017879137199
train,2025-12-06,ethusdt,binance,sell,-30,391,7.377601900380966,9.989118239271505
train,2025-12-06,ethusdt,binance,buy,-10,363,-4.623457126578509,6.697442677462118
train,2025-12-06,ethusdt,binance,sell,-10,391,4.212421503079514,6.116602973723832
train,2025-12-06,ethusdt,binance,buy,-5,363,-2.9764671503401203,4.779335487784008
train,2025-12-06,ethusdt,binance,sell,-5,391,2.379427019394724,4.0893057283523495
train,2025-12-06,ethusdt,binance,buy,-1,363,-0.2966493433780531,1.9107456868405701
train,2025-12-06,ethusdt,binance,sell,-1,391,0.19691617208805173,1.3283058872034064
train,2025-12-06,ethusdt,binance,buy,0,363,0.0,0.0
train,2025-12-06,ethusdt,binance,sell,0,391,0.0,0.0
train,2025-12-06,ethusdt,binance,buy,1,363,0.04317179646374477,1.7075779904306398
train,2025-12-06,ethusdt,binance,sell,1,391,-0.029132991826023025,1.0806573912314565
train,2025-12-06,ethusdt,binance,buy,5,363,0.24830974075915505,3.8675947928425463
train,2025-12-06,ethusdt,binance,sell,5,391,-0.2539494567515287,2.880063356921662
train,2025-12-06,ethusdt,binance,buy,10,363,0.23598218754337572,5.071289763741141
train,2025-12-06,ethusdt,binance,sell,10,391,-0.1570352305465652,4.344783997111687
train,2025-12-06,ethusdt,binance,buy,30,363,-0.6484144405852861,8.134957190373141
train,2025-12-06,ethusdt,binance,sell,30,391,0.09889124898860896,5.1441061828200825
train,2025-12-06,ethusdt,binance,buy,60,363,-0.8723906255325881,9.58166289919951
train,2025-12-06,ethusdt,binance,sell,60,391,0.48140634965593104,7.03736654675998
train,2025-12-06,ethusdt,binance,buy,120,363,-1.2239176303391874,12.000411381285538
train,2025-12-06,ethusdt,binance,sell,120,391,0.5159533835773038,8.914793271444433
train,2025-12-06,ethusdt,binance,buy,300,363,-2.8573041871528053,16.161040608840345
train,2025-12-06,ethusdt,binance,sell,300,391,0.735283868321811,12.28614441886951
train,2025-12-06,ethusdt,bybit,buy,-300,200,-46.56085447999973,30.85005107109539
train,2025-12-06,ethusdt,bybit,sell,-300,196,19.45404374354649,20.513456467939232
train,2025-12-06,ethusdt,bybit,buy,-120,200,-31.31743821657053,21.606694629150436
train,2025-12-06,ethusdt,bybit,sell,-120,196,18.004398381399866,17.05005188320558
train,2025-12-06,ethusdt,bybit,buy,-60,200,-24.735761924224818,18.536152964556496
train,2025-12-06,ethusdt,bybit,sell,-60,196,16.713381384024853,15.267839692163212
train,2025-12-06,ethusdt,bybit,buy,-30,200,-21.168397603083545,18.378463147114616
train,2025-12-06,ethusdt,bybit,sell,-30,196,14.273619304549472,14.729875872581925
train,2025-12-06,ethusdt,bybit,buy,-10,200,-12.94844664417407,13.212708507384525
train,2025-12-06,ethusdt,bybit,sell,-10,196,9.1890008683896,10.421194244539103
train,2025-12-06,ethusdt,bybit,buy,-5,200,-9.136047589712698,8.352352608822445
train,2025-12-06,ethusdt,bybit,sell,-5,196,5.919982794009729,7.3751115351191725
train,2025-12-06,ethusdt,bybit,buy,-1,200,-1.4496806735440573,4.222303350537091
train,2025-12-06,ethusdt,bybit,sell,-1,196,0.8096007370189328,1.947197061371691
train,2025-12-06,ethusdt,bybit,buy,0,200,0.0,0.0
train,2025-12-06,ethusdt,bybit,sell,0,196,0.0,0.0
train,2025-12-06,ethusdt,bybit,buy,1,200,0.10924179456495428,2.34552982535678
train,2025-12-06,ethusdt,bybit,sell,1,196,-0.44076425631354366,1.8380019759831723
train,2025-12-06,ethusdt,bybit,buy,5,200,0.5820456851515862,4.4747002074637185
train,2025-12-06,ethusdt,bybit,sell,5,196,-1.2251296230178634,4.356715749017446
train,2025-12-06,ethusdt,bybit,buy,10,200,0.4513190074657753,6.853043451042212
train,2025-12-06,ethusdt,bybit,sell,10,196,-1.105615859142815,6.4892219792328545
train,2025-12-06,ethusdt,bybit,buy,30,200,-4.123401558523292,12.519827090179302
train,2025-12-06,ethusdt,bybit,sell,30,196,-0.656497324465271,6.331025070368419
train,2025-12-06,ethusdt,bybit,buy,60,200,-3.1802240056324624,16.495529317162124
train,2025-12-06,ethusdt,bybit,sell,60,196,0.6584214863840183,8.013988339262596
train,2025-12-06,ethusdt,bybit,buy,120,200,-2.840903628536181,18.523966729436943
train,2025-12-06,ethusdt,bybit,sell,120,196,0.3142698664017945,9.152784447619686
train,2025-12-06,ethusdt,bybit,buy,300,200,-7.18640733802318,21.33308417679743
train,2025-12-06,ethusdt,bybit,sell,300,196,0.917068820334655,11.105267765085705
train,2025-12-07,ethusdt,binance,buy,-300,692,-33.70422726639343,50.84627859704792
train,2025-12-07,ethusdt,binance,sell,-300,805,46.72409122748156,64.92788388106015
train,2025-12-07,ethusdt,binance,buy,-120,692,-27.80379233367853,34.42826474154908
train,2025-12-07,ethusdt,binance,sell,-120,805,34.38603636118305,49.771822716811116
train,2025-12-07,ethusdt,binance,buy,-60,692,-21.948948849084317,23.604962214716476
train,2025-12-07,ethusdt,binance,sell,-60,805,26.79280125852514,39.51406431954438
train,2025-12-07,ethusdt,binance,buy,-30,692,-16.802997131417158,19.292107724136798
train,2025-12-07,ethusdt,binance,sell,-30,805,18.066239514195733,25.047847425294478
train,2025-12-07,ethusdt,binance,buy,-10,692,-9.917501411850312,13.079883361968722
train,2025-12-07,ethusdt,binance,sell,-10,805,9.613056373080443,17.458869276475028
train,2025-12-07,ethusdt,binance,buy,-5,692,-6.572421910153852,9.835197961354455
train,2025-12-07,ethusdt,binance,sell,-5,805,5.955180735022411,11.887233218177963
train,2025-12-07,ethusdt,binance,buy,-1,692,-0.32947715650550646,4.905091542549175
train,2025-12-07,ethusdt,binance,sell,-1,805,0.39798172734986614,4.516659542091095
train,2025-12-07,ethusdt,binance,buy,0,692,0.0,0.0
train,2025-12-07,ethusdt,binance,sell,0,805,0.0,0.0
train,2025-12-07,ethusdt,binance,buy,1,692,0.396944379043812,4.465694271605328
train,2025-12-07,ethusdt,binance,sell,1,805,-0.34124295156947865,5.309991718416987
train,2025-12-07,ethusdt,binance,buy,5,692,0.6320000226101319,8.325300854934948
train,2025-12-07,ethusdt,binance,sell,5,805,-0.6650854510409009,12.773368259024329
train,2025-12-07,ethusdt,binance,buy,10,692,0.8896804204852461,12.094355260469294
train,2025-12-07,ethusdt,binance,sell,10,805,-1.1860283624477066,16.347086012240993
train,2025-12-07,ethusdt,binance,buy,30,692,0.2518768444499486,16.82125415922228
train,2025-12-07,ethusdt,binance,sell,30,805,-3.3465556352161077,25.75365618791455
train,2025-12-07,ethusdt,binance,buy,60,692,-0.3738669489327672,19.533356141663475
train,2025-12-07,ethusdt,binance,sell,60,805,-5.873876705307676,35.31796475028775
train,2025-12-07,ethusdt,binance,buy,120,692,2.488077235777444,29.849994819547703
train,2025-12-07,ethusdt,binance,sell,120,805,-8.908219757563437,44.427978259297994
train,2025-12-07,ethusdt,binance,buy,300,692,4.251309858261377,38.04239534505519
train,2025-12-07,ethusdt,binance,sell,300,805,-12.278691555649129,55.659065118280786
train,2025-12-07,ethusdt,bybit,buy,-300,650,-67.41602314748235,52.61253570422385
train,2025-12-07,ethusdt,bybit,sell,-300,1661,160.05860232406056,106.99980612122121
train,2025-12-07,ethusdt,bybit,buy,-120,650,-54.355182570815735,40.31682097057473
train,2025-12-07,ethusdt,bybit,sell,-120,1661,128.7082139696003,95.81370322312041
train,2025-12-07,ethusdt,bybit,buy,-60,650,-39.254900963980894,32.153644694306735
train,2025-12-07,ethusdt,bybit,sell,-60,1661,113.95569718863497,90.23147962061462
train,2025-12-07,ethusdt,bybit,buy,-30,650,-33.5658163983549,26.947673810131157
train,2025-12-07,ethusdt,bybit,sell,-30,1661,80.57263593623705,59.95636973650939
train,2025-12-07,ethusdt,bybit,buy,-10,650,-23.673275035157964,20.938878964550003
train,2025-12-07,ethusdt,bybit,sell,-10,1661,57.77908629052973,47.013585761058366
train,2025-12-07,ethusdt,bybit,buy,-5,650,-17.800423106238824,16.09770995941519
train,2025-12-07,ethusdt,bybit,sell,-5,1661,39.04216005185191,30.127020467672583
train,2025-12-07,ethusdt,bybit,buy,-1,650,-3.7835167417457076,8.093976570264745
train,2025-12-07,ethusdt,bybit,sell,-1,1661,7.551770488255608,14.616540980218781
train,2025-12-07,ethusdt,bybit,buy,0,650,0.0,0.0
train,2025-12-07,ethusdt,bybit,sell,0,1661,0.0,0.0
train,2025-12-07,ethusdt,bybit,buy,1,650,-0.08058839550719628,7.714095080944188
train,2025-12-07,ethusdt,bybit,sell,1,1661,-5.381139867890962,15.330428670621677
train,2025-12-07,ethusdt,bybit,buy,5,650,0.34211052602862274,13.977808509344705
train,2025-12-07,ethusdt,bybit,sell,5,1661,-5.786004016493529,34.1737049275574
train,2025-12-07,ethusdt,bybit,buy,10,650,-0.6474711712263582,18.511005393663815
train,2025-12-07,ethusdt,bybit,sell,10,1661,6.6486660976979675,45.658222731340246
train,2025-12-07,ethusdt,bybit,buy,30,650,-1.4926588084005816,22.619120861297628
train,2025-12-07,ethusdt,bybit,sell,30,1661,-18.364168912595318,81.4446631654002
train,2025-12-07,ethusdt,bybit,buy,60,650,-3.4547764901934204,26.423101137752425
train,2025-12-07,ethusdt,bybit,sell,60,1661,-15.358275933137945,71.84962868438357
train,2025-12-07,ethusdt,bybit,buy,120,650,5.479420795615586,37.25233617163113
train,2025-12-07,ethusdt,bybit,sell,120,1661,-6.360240131074501,82.30466118915443
train,2025-12-07,ethusdt,bybit,buy,300,650,13.36835529127475,42.10015420343789
train,2025-12-07,ethusdt,bybit,sell,300,1661,-25.212250868352207,77.79679176346848
train,2025-12-08,ethusdt,binance,buy,-300,777,-38.49573886854471,33.25682172439382
train,2025-12-08,ethusdt,binance,sell,-300,640,32.13810851072388,33.16227394970657
train,2025-12-08,ethusdt,binance,buy,-120,777,-29.518810008989334,21.670795582851735
train,2025-12-08,ethusdt,binance,sell,-120,640,25.129530851649935,18.8278558948369
train,2025-12-08,ethusdt,binance,buy,-60,777,-21.97513898264728,16.758872693343356
train,2025-12-08,ethusdt,binance,sell,-60,640,18.62480412487061,13.149508594586123
train,2025-12-08,ethusdt,binance,buy,-30,777,-16.003841248305967,12.029135979269594
train,2025-12-08,ethusdt,binance,sell,-30,640,13.655908077789581,10.36316517761676
train,2025-12-08,ethusdt,binance,buy,-10,777,-8.64204033456812,8.017941629849973
train,2025-12-08,ethusdt,binance,sell,-10,640,7.71861355509464,7.085960897731854
train,2025-12-08,ethusdt,binance,buy,-5,777,-5.6572858013724625,6.094798092625414
train,2025-12-08,ethusdt,binance,sell,-5,640,4.851810447044172,5.800600049728025
train,2025-12-08,ethusdt,binance,buy,-1,777,-0.3979686144263498,2.534498336701473
train,2025-12-08,ethusdt,binance,sell,-1,640,0.18356967454624112,2.4872385385433673
train,2025-12-08,ethusdt,binance,buy,0,777,0.0,0.0
train,2025-12-08,ethusdt,binance,sell,0,640,0.0,0.0
train,2025-12-08,ethusdt,binance,buy,1,777,0.10187966662668962,2.5295683733113576
train,2025-12-08,ethusdt,binance,sell,1,640,0.02632323305294062,2.5891019367534307
train,2025-12-08,ethusdt,binance,buy,5,777,0.025941999909024422,6.154711322303085
train,2025-12-08,ethusdt,binance,sell,5,640,0.5003062461895121,5.515742882458554
train,2025-12-08,ethusdt,binance,buy,10,777,0.22522603385256626,7.900009789007905
train,2025-12-08,ethusdt,binance,sell,10,640,0.39667067149328394,6.97554154697675
train,2025-12-08,ethusdt,binance,buy,30,777,-0.17716599303629266,12.57702802608859
train,2025-12-08,ethusdt,binance,sell,30,640,0.7264117824066025,10.978148009104377
train,2025-12-08,ethusdt,binance,buy,60,777,-1.0407971603419468,16.30684761613374
train,2025-12-08,ethusdt,binance,sell,60,640,0.6889168498811322,15.970076665915782
train,2025-12-08,ethusdt,binance,buy,120,777,0.5199379509659258,20.583952816372395
train,2025-12-08,ethusdt,binance,sell,120,640,1.283374888953598,20.57301924566068
train,2025-12-08,ethusdt,binance,buy,300,777,-4.047879322816591,37.288025531706495
train,2025-12-08,ethusdt,binance,sell,300,640,4.467546714492746,29.604311094590702
train,2025-12-08,ethusdt,bybit,buy,-300,555,-62.32859181310197,32.1158897178342
train,2025-12-08,ethusdt,bybit,sell,-300,540,58.33638052485486,36.61275911192643
train,2025-12-08,ethusdt,bybit,buy,-120,555,-45.39595033278462,22.311112591118757
train,2025-12-08,ethusdt,bybit,sell,-120,540,42.19740307370312,23.900302160526778
train,2025-12-08,ethusdt,bybit,buy,-60,555,-35.73517083028466,18.688940564036482
train,2025-12-08,ethusdt,bybit,sell,-60,540,31.35028742247949,16.54896729105345
train,2025-12-08,ethusdt,bybit,buy,-30,555,-27.61119361397327,15.381928494740762
train,2025-12-08,ethusdt,bybit,sell,-30,540,25.3186878275275,16.430412569971747
train,2025-12-08,ethusdt,bybit,buy,-10,555,-17.950639237098777,12.6085250688652
train,2025-12-08,ethusdt,bybit,sell,-10,540,17.600556304600655,12.698203130226485
train,2025-12-08,ethusdt,bybit,buy,-5,555,-14.296559451750962,11.475725474125706
train,2025-12-08,ethusdt,bybit,sell,-5,540,14.785790064110996,11.91840463049501
train,2025-12-08,ethusdt,bybit,buy,-1,555,-3.1979504893737967,6.264146532248763
train,2025-12-08,ethusdt,bybit,sell,-1,540,2.4489287430856344,5.486497336384081
train,2025-12-08,ethusdt,bybit,buy,0,555,0.0,0.0
train,2025-12-08,ethusdt,bybit,sell,0,540,0.0,0.0
train,2025-12-08,ethusdt,bybit,buy,1,555,0.36937491279159906,4.226626698695063
train,2025-12-08,ethusdt,bybit,sell,1,540,0.208749097126629,4.365314244019626
train,2025-12-08,ethusdt,bybit,buy,5,555,-1.2897660039653838,8.182894726748547
train,2025-12-08,ethusdt,bybit,sell,5,540,4.00171229934817,7.792121833217463
train,2025-12-08,ethusdt,bybit,buy,10,555,-2.183163525672978,9.725968651009346
train,2025-12-08,ethusdt,bybit,sell,10,540,4.147802274668988,7.8322560989127545
train,2025-12-08,ethusdt,bybit,buy,30,555,-0.27900711316329824,16.908337189859793
train,2025-12-08,ethusdt,bybit,sell,30,540,4.371325850134166,11.89780009417507
train,2025-12-08,ethusdt,bybit,buy,60,555,-5.1143234311937,20.818865569384986
train,2025-12-08,ethusdt,bybit,sell,60,540,8.136526828109995,20.134446809846224
train,2025-12-08,ethusdt,bybit,buy,120,555,-4.7250327786850725,20.878620100171176
train,2025-12-08,ethusdt,bybit,sell,120,540,11.395106182703529,24.31413957826225
train,2025-12-08,ethusdt,bybit,buy,300,555,-13.493016105315007,46.20503054377895
train,2025-12-08,ethusdt,bybit,sell,300,540,14.664571566294804,30.745063593983787
train,2025-12-09,ethusdt,binance,buy,-300,1050,-41.50556517723676,40.726862367411016
train,2025-12-09,ethusdt,binance,sell,-300,716,25.636621480206028,34.30526643584609
train,2025-12-09,ethusdt,binance,buy,-120,1050,-31.78864154535802,29.413621566192944
train,2025-12-09,ethusdt,binance,sell,-120,716,21.437378876171024,21.07954696547088
train,2025-12-09,ethusdt,binance,buy,-60,1050,-24.557630168158802,23.686594732847475
train,2025-12-09,ethusdt,binance,sell,-60,716,17.954276992622376,14.305066775362146
train,2025-12-09,ethusdt,binance,buy,-30,1050,-19.00974463365789,18.344600289372586
train,2025-12-09,ethusdt,binance,sell,-30,716,12.946088180007928,9.426598765363721
train,2025-12-09,ethusdt,binance,buy,-10,1050,-10.617260145086131,10.499314308438
train,2025-12-09,ethusdt,binance,sell,-10,716,7.316968559220077,6.230289389991385
train,2025-12-09,ethusdt,binance,buy,-5,1050,-6.786940518492206,7.62589111274669
train,2025-12-09,ethusdt,binance,sell,-5,716,4.612239654979567,4.443693383697798
train,2025-12-09,ethusdt,binance,buy,-1,1050,-0.7068766475083688,3.4704924271900466
train,2025-12-09,ethusdt,binance,sell,-1,716,0.35333502864845506,2.181072628016778
train,2025-12-09,ethusdt,binance,buy,0,1050,0.0,0.0
train,2025-12-09,ethusdt,binance,sell,0,716,0.0,0.0
train,2025-12-09,ethusdt,binance,buy,1,1050,0.21865525401739022,3.3960314352693635
train,2025-12-09,ethusdt,binance,sell,1,716,-0.058829444171533934,2.007528090676
train,2025-12-09,ethusdt,binance,buy,5,1050,0.4680232623090302,7.57999735460077
train,2025-12-09,ethusdt,binance,sell,5,716,0.14477385860817635,4.215757036636096
train,2025-12-09,ethusdt,binance,buy,10,1050,0.7718017292442656,10.265353088160788
train,2025-12-09,ethusdt,binance,sell,10,716,0.11941756422987561,5.836267742793575
train,2025-12-09,ethusdt,binance,buy,30,1050,1.832636145433578,17.32804644516062
train,2025-12-09,ethusdt,binance,sell,30,716,0.13587445339290471,10.008046513257016
train,2025-12-09,ethusdt,binance,buy,60,1050,2.418329080076166,22.39208039852551
train,2025-12-09,ethusdt,binance,sell,60,716,1.080986852486389,14.43768013253776
train,2025-12-09,ethusdt,binance,buy,120,1050,2.8480669720345695,25.912943935633276
train,2025-12-09,ethusdt,binance,sell,120,716,3.35789141681419,18.31650357889605
train,2025-12-09,ethusdt,binance,buy,300,1050,8.991222083927347,34.89521756104246
train,2025-12-09,ethusdt,binance,sell,300,716,4.511190009673107,28.956396459108152
train,2025-12-09,ethusdt,bybit,buy,-300,1714,-78.32916297151868,37.89661919869024
train,2025-12-09,ethusdt,bybit,sell,-300,407,38.235290894902036,31.222652157085832
train,2025-12-09,ethusdt,bybit,buy,-120,1714,-58.43508892390214,30.769766544543142
train,2025-12-09,ethusdt,bybit,sell,-120,407,31.263401158935242,22.166273222553148
train,2025-12-09,ethusdt,bybit,buy,-60,1714,-46.453597298069596,25.667973342130015
train,2025-12-09,ethusdt,bybit,sell,-60,407,24.345909404343008,18.086773085323163
train,2025-12-09,ethusdt,bybit,buy,-30,1714,-36.957977057758725,19.3192220551653
train,2025-12-09,ethusdt,bybit,sell,-30,407,15.82012418131481,10.976109190633663
train,2025-12-09,ethusdt,bybit,buy,-10,1714,-23.945567603403074,13.812236209682045
train,2025-12-09,ethusdt,bybit,sell,-10,407,9.346696928049367,7.038847501883126
train,2025-12-09,ethusdt,bybit,buy,-5,1714,-18.946184098819234,12.932371155430701
train,2025-12-09,ethusdt,bybit,sell,-5,407,6.999008534211787,5.236256397703213
train,2025-12-09,ethusdt,bybit,buy,-1,1714,-3.6367442981834484,6.315987769451373
train,2025-12-09,ethusdt,bybit,sell,-1,407,0.350416369573495,2.7446994860451435
train,2025-12-09,ethusdt,bybit,buy,0,1714,0.0,0.0
train,2025-12-09,ethusdt,bybit,sell,0,407,0.0,0.0
train,2025-12-09,ethusdt,bybit,buy,1,1714,0.45314526053951054,5.360613246762
train,2025-12-09,ethusdt,bybit,sell,1,407,-0.07487246186285543,2.2559638948683522
train,2025-12-09,ethusdt,bybit,buy,5,1714,0.3352453416600063,8.444961059684644
train,2025-12-09,ethusdt,bybit,sell,5,407,-0.01618745889651192,4.253179355887646
train,2025-12-09,ethusdt,bybit,buy,10,1714,1.0274632947074294,11.80366941536941
train,2025-12-09,ethusdt,bybit,sell,10,407,0.29831377768195855,6.056328905076247
train,2025-12-09,ethusdt,bybit,buy,30,1714,2.049222695459101,21.04595248629083
train,2025-12-09,ethusdt,bybit,sell,30,407,0.22522895658761916,10.50241317791922
train,2025-12-09,ethusdt,bybit,buy,60,1714,1.4105701778074682,25.2397104239527
train,2025-12-09,ethusdt,bybit,sell,60,407,1.6486597871544884,15.6735253539439
train,2025-12-09,ethusdt,bybit,buy,120,1714,2.794667664326837,28.096463718286184
train,2025-12-09,ethusdt,bybit,sell,120,407,4.816209535446954,18.291386473444824
train,2025-12-09,ethusdt,bybit,buy,300,1714,10.844541307095016,36.886798342538015
train,2025-12-09,ethusdt,bybit,sell,300,407,3.107294256174379,28.522915651358847
train,2025-12-10,ethusdt,binance,buy,-300,996,-32.977375143732,40.44404429988688
train,2025-12-10,ethusdt,binance,sell,-300,810,32.27795859135865,34.364047880536084
train,2025-12-10,ethusdt,binance,buy,-120,996,-25.565184002588644,27.389618126854916
train,2025-12-10,ethusdt,binance,sell,-120,810,26.39931173278511,26.705303795288614
train,2025-12-10,ethusdt,binance,buy,-60,996,-21.238470855499283,22.578542777881644
train,2025-12-10,ethusdt,binance,sell,-60,810,23.36525258451862,22.507107347302096
train,2025-12-10,ethusdt,binance,buy,-30,996,-17.033711237142146,17.535389678031375
train,2025-12-10,ethusdt,binance,sell,-30,810,19.43059243427107,21.123791739477323
train,2025-12-10,ethusdt,binance,buy,-10,996,-9.635272731022697,10.291813786354787
train,2025-12-10,ethusdt,binance,sell,-10,810,10.619447736289455,12.663036676247659
train,2025-12-10,ethusdt,binance,buy,-5,996,-6.109901172732329,7.125888676178712
train,2025-12-10,ethusdt,binance,sell,-5,810,6.669967485553401,9.075822849068905
train,2025-12-10,ethusdt,binance,buy,-1,996,-0.5944853554907581,3.1908532670709153
train,2025-12-10,ethusdt,binance,sell,-1,810,0.42845486764573437,3.5837003487797343
train,2025-12-10,ethusdt,binance,buy,0,996,0.0,0.0
train,2025-12-10,ethusdt,binance,sell,0,810,0.0,0.0
train,2025-12-10,ethusdt,binance,buy,1,996,0.045334368993188094,3.1322495053456842
train,2025-12-10,ethusdt,binance,sell,1,810,-0.267135343527057,3.721314739161442
train,2025-12-10,ethusdt,binance,buy,5,996,0.16394277934010135,7.440416331051304
train,2025-12-10,ethusdt,binance,sell,5,810,-0.3139668197245415,8.442739750210905
train,2025-12-10,ethusdt,binance,buy,10,996,0.20943219019640788,10.714067272290487
train,2025-12-10,ethusdt,binance,sell,10,810,-0.6534418227702912,11.327833320360547
train,2025-12-10,ethusdt,binance,buy,30,996,-1.0815400465094507,20.23275181738004
train,2025-12-10,ethusdt,binance,sell,30,810,-0.4631039646538955,16.421341341582675
train,2025-12-10,ethusdt,binance,buy,60,996,-2.518302289766859,21.77719050489208
train,2025-12-10,ethusdt,binance,sell,60,810,2.3159927138869336,18.0458142777292
train,2025-12-10,ethusdt,binance,buy,120,996,-3.7762436961166306,29.82247973734032
train,2025-12-10,ethusdt,binance,sell,120,810,1.4108380153280402,23.063760764694333
train,2025-12-10,ethusdt,binance,buy,300,996,-7.911105184716875,43.8942739091278
train,2025-12-10,ethusdt,binance,sell,300,810,3.0927908135401068,32.0490802078362
train,2025-12-10,ethusdt,bybit,buy,-300,1041,-63.84127688825808,36.44386361972969
train,2025-12-10,ethusdt,bybit,sell,-300,784,50.84772751004544,38.68368783900008
train,2025-12-10,ethusdt,bybit,buy,-120,1041,-49.517009216894316,32.526845954904694
train,2025-12-10,ethusdt,bybit,sell,-120,784,44.0609741970371,30.95771696819173
train,2025-12-10,ethusdt,bybit,buy,-60,1041,-38.38324017626694,32.65634002142592
train,2025-12-10,ethusdt,bybit,sell,-60,784,41.573205345115724,31.44484131361388
train,2025-12-10,ethusdt,bybit,buy,-30,1041,-31.56449680016604,26.251064820349164
train,2025-12-10,ethusdt,bybit,sell,-30,784,39.091984428954795,36.504540016830845
train,2025-12-10,ethusdt,bybit,buy,-10,1041,-17.576261311034553,14.40155494616454
train,2025-12-10,ethusdt,bybit,sell,-10,784,23.353815300912704,23.54087790979167
train,2025-12-10,ethusdt,bybit,buy,-5,1041,-11.715048455982402,10.424597836218364
train,2025-12-10,ethusdt,bybit,sell,-5,784,18.09831241167518,18.21984234233004
train,2025-12-10,ethusdt,bybit,buy,-1,1041,-2.0340769452429166,5.517079455766911
train,2025-12-10,ethusdt,bybit,sell,-1,784,3.1950979531693666,7.6394903481579925
train,2025-12-10,ethusdt,bybit,buy,0,1041,0.0,0.0
train,2025-12-10,ethusdt,bybit,sell,0,784,0.0,0.0
train,2025-12-10,ethusdt,bybit,buy,1,1041,-0.023455254557946816,4.266845557467789
train,2025-12-10,ethusdt,bybit,sell,1,784,-0.5155662570032373,7.797891370967573
train,2025-12-10,ethusdt,bybit,buy,5,1041,0.48261571578160356,10.08451019931766
train,2025-12-10,ethusdt,bybit,sell,5,784,1.180304010143273,15.987851149557702
train,2025-12-10,ethusdt,bybit,buy,10,1041,-1.1458206402151476,14.702584320860488
train,2025-12-10,ethusdt,bybit,sell,10,784,3.4826480798819293,18.347583801583227
train,2025-12-10,ethusdt,bybit,buy,30,1041,-5.988195203880749,39.432698493049486
train,2025-12-10,ethusdt,bybit,sell,30,784,6.955904026255446,23.19350910967495
train,2025-12-10,ethusdt,bybit,buy,60,1041,-7.698096978987083,33.5321643873582
train,2025-12-10,ethusdt,bybit,sell,60,784,10.27890923520925,21.670666395726716
train,2025-12-10,ethusdt,bybit,buy,120,1041,-8.50958019487677,43.24297216924685
train,2025-12-10,ethusdt,bybit,sell,120,784,7.500949522342862,25.80401645785287
train,2025-12-10,ethusdt,bybit,buy,300,1041,-35.007459723324295,55.909402560446516
train,2025-12-10,ethusdt,bybit,sell,300,784,16.890847348662717,37.14548935155047
train,2025-12-11,ethusdt,binance,buy,-300,784,-30.227788260557535,30.460096259492605
train,2025-12-11,ethusdt,binance,sell,-300,1231,32.65682033283872,23.983015612592553
train,2025-12-11,ethusdt,binance,buy,-120,784,-25.627479782825265,21.463856091872433
train,2025-12-11,ethusdt,binance,sell,-120,1231,23.432459382711286,17.516085612100163
train,2025-12-11,ethusdt,binance,buy,-60,784,-20.156707619461162,15.038835592234761
train,2025-12-11,ethusdt,binance,sell,-60,1231,18.168341463173174,14.018237921013686
train,2025-12-11,ethusdt,binance,buy,-30,784,-14.440388186383661,11.809527819762836
train,2025-12-11,ethusdt,binance,sell,-30,1231,13.034814308269734,10.027641844202128
train,2025-12-11,ethusdt,binance,buy,-10,784,-7.643518070285999,6.9315062864742965
train,2025-12-11,ethusdt,binance,sell,-10,1231,7.15835660218024,6.772125244858333
train,2025-12-11,ethusdt,binance,buy,-5,784,-4.914635037406766,5.231440500509635
train,2025-12-11,ethusdt,binance,sell,-5,1231,4.324910307592237,5.009757327709658
train,2025-12-11,ethusdt,binance,buy,-1,784,-0.29667958031986785,2.3996447553272677
train,2025-12-11,ethusdt,binance,sell,-1,1231,0.2163532180740167,2.2929773175740578
train,2025-12-11,ethusdt,binance,buy,0,784,0.0,0.0
train,2025-12-11,ethusdt,binance,sell,0,1231,0.0,0.0
train,2025-12-11,ethusdt,binance,buy,1,784,0.08774476564265421,2.366780953495256
train,2025-12-11,ethusdt,binance,sell,1,1231,-0.06946283841397287,2.316292136862649
train,2025-12-11,ethusdt,binance,buy,5,784,0.16163168802625275,5.044203994460325
train,2025-12-11,ethusdt,binance,sell,5,1231,-0.08059576484156895,4.984572481338378
train,2025-12-11,ethusdt,binance,buy,10,784,0.5699549464938667,6.982134895923303
train,2025-12-11,ethusdt,binance,sell,10,1231,-0.051220587870764264,6.681926827188732
train,2025-12-11,ethusdt,binance,buy,30,784,0.8952516280394335,10.406990821223477
train,2025-12-11,ethusdt,binance,sell,30,1231,0.6377805263567213,11.564067445392919
train,2025-12-11,ethusdt,binance,buy,60,784,0.5647991287994547,15.05915152248169
train,2025-12-11,ethusdt,binance,sell,60,1231,1.5280186817490555,16.83772102767622
train,2025-12-11,ethusdt,binance,buy,120,784,-2.159033654586443,19.125753224010364
train,2025-12-11,ethusdt,binance,sell,120,1231,2.4110889639280964,18.730988738504102
train,2025-12-11,ethusdt,binance,buy,300,784,-5.776318217234655,28.574524612254894
train,2025-12-11,ethusdt,binance,sell,300,1231,-2.0525002553573857,27.17062073811994
train,2025-12-11,ethusdt,bybit,buy,-300,445,-46.024842445531846,25.086301992246753
train,2025-12-11,ethusdt,bybit,sell,-300,1548,49.86234390421522,27.83660460666754
train,2025-12-11,ethusdt,bybit,buy,-120,445,-38.409876062642645,21.075683473859918
train,2025-12-11,ethusdt,bybit,sell,-120,1548,36.51533910172667,23.800761215933246
train,2025-12-11,ethusdt,bybit,buy,-60,445,-30.33937305856032,16.92749253988839
train,2025-12-11,ethusdt,bybit,sell,-60,1548,28.977534114205366,18.95609333616577
train,2025-12-11,ethusdt,bybit,buy,-30,445,-21.73216379635067,15.802388776599711
train,2025-12-11,ethusdt,bybit,sell,-30,1548,20.626275494545688,13.473895988418152
train,2025-12-11,ethusdt,bybit,buy,-10,445,-12.882199181831465,9.858536447606307
train,2025-12-11,ethusdt,bybit,sell,-10,1548,13.644065237123971,10.273755386955184
train,2025-12-11,ethusdt,bybit,buy,-5,445,-9.579934540132447,7.954422468950512
train,2025-12-11,ethusdt,bybit,sell,-5,1548,9.074101916130994,7.350252089660063
train,2025-12-11,ethusdt,bybit,buy,-1,445,-1.448851804222824,3.5200487155748514
train,2025-12-11,ethusdt,bybit,sell,-1,1548,1.2774542275958427,4.424243931559476
train,2025-12-11,ethusdt,bybit,buy,0,445,0.0,0.0
train,2025-12-11,ethusdt,bybit,sell,0,1548,0.0,0.0
train,2025-12-11,ethusdt,bybit,buy,1,445,-0.17662049366042118,3.195728957731257
train,2025-12-11,ethusdt,bybit,sell,1,1548,0.26213304706559715,3.0632011134762243
train,2025-12-11,ethusdt,bybit,buy,5,445,0.1144004587612836,5.21469536468133
train,2025-12-11,ethusdt,bybit,sell,5,1548,0.3861871112889151,7.0385927583110455
train,2025-12-11,ethusdt,bybit,buy,10,445,0.8108100096876946,7.9904514659597
train,2025-12-11,ethusdt,bybit,sell,10,1548,-0.0948739961088961,9.10077925732585
train,2025-12-11,ethusdt,bybit,buy,30,445,2.341484178608232,11.95574743185504
train,2025-12-11,ethusdt,bybit,sell,30,1548,3.180953037430411,16.403002068268854
train,2025-12-11,ethusdt,bybit,buy,60,445,2.7694724306436598,17.606600789152488
train,2025-12-11,ethusdt,bybit,sell,60,1548,8.383091210628526,29.10682446133323
train,2025-12-11,ethusdt,bybit,buy,120,445,-0.4596212632031152,24.9284297688236
train,2025-12-11,ethusdt,bybit,sell,120,1548,9.693247479283446,25.125107318253686
train,2025-12-11,ethusdt,bybit,buy,300,445,-7.254729632776479,31.44191194625566
train,2025-12-11,ethusdt,bybit,sell,300,1548,7.23367146457314,36.24636576669067
train,2025-12-12,ethusdt,binance,buy,-300,523,-17.77485150846737,34.74899161414185
train,2025-12-12,ethusdt,binance,sell,-300,1008,42.595225450555084,36.25073094419504
train,2025-12-12,ethusdt,binance,buy,-120,523,-19.25071792791102,20.084198714142143
train,2025-12-12,ethusdt,binance,sell,-120,1008,31.232420574257336,25.86517977342263
train,2025-12-12,ethusdt,binance,buy,-60,523,-16.465303462393422,14.112309761946376
train,2025-12-12,ethusdt,binance,sell,-60,1008,22.056050442543768,17.327416698906333
train,2025-12-12,ethusdt,binance,buy,-30,523,-13.302266578551816,11.694977889850389
train,2025-12-12,ethusdt,binance,sell,-30,1008,16.334799466129873,13.84283618429989
train,2025-12-12,ethusdt,binance,buy,-10,523,-8.620395516965734,8.397656937726966
train,2025-12-12,ethusdt,binance,sell,-10,1008,8.329045284482582,7.833804301509287
train,2025-12-12,ethusdt,binance,buy,-5,523,-5.489431814587503,5.998147709265949
train,2025-12-12,ethusdt,binance,sell,-5,1008,5.010355677100894,5.678946503582025
train,2025-12-12,ethusdt,binance,buy,-1,523,-0.4475800968018869,2.509188489945393
train,2025-12-12,ethusdt,binance,sell,-1,1008,0.43124386897376743,2.774191268604146
train,2025-12-12,ethusdt,binance,buy,0,523,0.0,0.0
train,2025-12-12,ethusdt,binance,sell,0,1008,0.0,0.0
train,2025-12-12,ethusdt,binance,buy,1,523,-0.03127644470855966,2.1744241410503657
train,2025-12-12,ethusdt,binance,sell,1,1008,-0.060261826236092525,2.9047370271226907
train,2025-12-12,ethusdt,binance,buy,5,523,-0.25807228514765573,4.590080979635306
train,2025-12-12,ethusdt,binance,sell,5,1008,0.10686910411363619,6.484082601788714
train,2025-12-12,ethusdt,binance,buy,10,523,-0.4429599759002414,6.849227649673701
train,2025-12-12,ethusdt,binance,sell,10,1008,0.38060392732934983,8.955704433485357
train,2025-12-12,ethusdt,binance,buy,30,523,-1.7125320451563735,10.622332960723547
train,2025-12-12,ethusdt,binance,sell,30,1008,0.48817230122178257,13.040895406938862
train,2025-12-12,ethusdt,binance,buy,60,523,-2.58884822128166,13.364320677671946
train,2025-12-12,ethusdt,binance,sell,60,1008,-0.09096142867122035,16.247202750212143
train,2025-12-12,ethusdt,binance,buy,120,523,-2.835517620685654,18.639570212636315
train,2025-12-12,ethusdt,binance,sell,120,1008,-2.4220107249155856,25.00141889088981
train,2025-12-12,ethusdt,binance,buy,300,523,-8.491240077684902,31.12879950114079
train,2025-12-12,ethusdt,binance,sell,300,1008,-11.468856661897993,40.63950046891536
train,2025-12-12,ethusdt,bybit,buy,-300,172,-36.69677282040554,30.002715758532098
train,2025-12-12,ethusdt,bybit,sell,-300,1981,72.36817149251843,33.83405392818946
train,2025-12-12,ethusdt,bybit,buy,-120,172,-32.26876795297582,21.087296799236466
train,2025-12-12,ethusdt,bybit,sell,-120,1981,55.32258620850146,27.34142218808133
train,2025-12-12,ethusdt,bybit,buy,-60,172,-23.819221696247986,17.884070556591674
train,2025-12-12,ethusdt,bybit,sell,-60,1981,37.578528669108074,19.708513458279132
train,2025-12-12,ethusdt,bybit,buy,-30,172,-18.66273146514551,14.58994894978421
train,2025-12-12,ethusdt,bybit,sell,-30,1981,30.593433885111626,16.945783422627247
train,2025-12-12,ethusdt,bybit,buy,-10,172,-11.716023626693136,8.77566863364575
train,2025-12-12,ethusdt,bybit,sell,-10,1981,16.95870287776176,9.375731734145166
train,2025-12-12,ethusdt,bybit,buy,-5,172,-8.500663438789719,6.502630954620073
train,2025-12-12,ethusdt,bybit,sell,-5,1981,11.92837923995852,7.4877582793511355
train,2025-12-12,ethusdt,bybit,buy,-1,172,-0.9367484977308932,2.669205651792865
train,2025-12-12,ethusdt,bybit,sell,-1,1981,1.0842902986692493,4.636678566312423
train,2025-12-12,ethusdt,bybit,buy,0,172,0.0,0.0
train,2025-12-12,ethusdt,bybit,sell,0,1981,0.0,0.0
train,2025-12-12,ethusdt,bybit,buy,1,172,0.25704376659167993,3.0927491840916232
train,2025-12-12,ethusdt,bybit,sell,1,1981,-0.1288931674476211,3.939219001666987
train,2025-12-12,ethusdt,bybit,buy,5,172,0.288221147811355,5.626451158398271
train,2025-12-12,ethusdt,bybit,sell,5,1981,0.357595591512269,8.447124115041031
train,2025-12-12,ethusdt,bybit,buy,10,172,0.6512709746801973,7.534659189159357
train,2025-12-12,ethusdt,bybit,sell,10,1981,1.1703163705480135,12.356647275428191
train,2025-12-12,ethusdt,bybit,buy,30,172,-1.518837875941838,11.384410948045037
train,2025-12-12,ethusdt,bybit,sell,30,1981,1.8324864153965317,17.10445741594903
train,2025-12-12,ethusdt,bybit,buy,60,172,-5.4938101715874454,14.281176003387989
train,2025-12-12,ethusdt,bybit,sell,60,1981,0.5682168217063118,21.28802635892054
train,2025-12-12,ethusdt,bybit,buy,120,172,-5.1770421400461135,19.047404592767876
train,2025-12-12,ethusdt,bybit,sell,120,1981,-3.182105405221562,35.8436427989687
train,2025-12-12,ethusdt,bybit,buy,300,172,-12.440107319016454,31.67517948556809
train,2025-12-12,ethusdt,bybit,sell,300,1981,-13.440541149163368,48.967313087294805
train,2025-12-13,ethusdt,binance,buy,-300,263,-19.777313795528617,18.29240310286298
train,2025-12-13,ethusdt,binance,sell,-300,339,13.3892415637641,14.91058591403378
train,2025-12-13,ethusdt,binance,buy,-120,263,-14.337969757380378,14.177620428671704
train,2025-12-13,ethusdt,binance,sell,-120,339,9.759119972747326,13.428595225559482
train,2025-12-13,ethusdt,binance,buy,-60,263,-11.324226433480877,11.379742764889551
train,2025-12-13,ethusdt,binance,sell,-60,339,6.972127960345292,8.84312317237835
train,2025-12-13,ethusdt,binance,buy,-30,263,-7.792722308603846,7.656454391732835
train,2025-12-13,ethusdt,binance,sell,-30,339,5.637435950286905,7.363239846228311
train,2025-12-13,ethusdt,binance,buy,-10,263,-4.839291805535921,5.208822401884548
train,2025-12-13,ethusdt,binance,sell,-10,339,3.1169341702653477,4.814304811629935
train,2025-12-13,ethusdt,binance,buy,-5,263,-3.198313511312919,3.8498670020639327
train,2025-12-13,ethusdt,binance,sell,-5,339,2.124375651910354,3.888931940282234
train,2025-12-13,ethusdt,binance,buy,-1,263,-0.6184079338288504,1.9061684537255208
train,2025-12-13,ethusdt,binance,sell,-1,339,0.18531587805623242,1.6738787040142076
train,2025-12-13,ethusdt,binance,buy,0,263,0.0,0.0
train,2025-12-13,ethusdt,binance,sell,0,339,0.0,0.0
train,2025-12-13,ethusdt,binance,buy,1,263,0.11070465740089745,1.4999483748516549
train,2025-12-13,ethusdt,binance,sell,1,339,-0.01250338165694319,1.7324489537003671
train,2025-12-13,ethusdt,binance,buy,5,263,0.7983631370598234,3.8223314950751957
train,2025-12-13,ethusdt,binance,sell,5,339,-0.009311947006054982,3.209084813194902
train,2025-12-13,ethusdt,binance,buy,10,263,0.8009462707282893,4.6004217519104555
train,2025-12-13,ethusdt,binance,sell,10,339,0.12177293107363221,4.4525009686992805
train,2025-12-13,ethusdt,binance,buy,30,263,0.45073547640256145,6.864515846936443
train,2025-12-13,ethusdt,binance,sell,30,339,0.250640242765766,6.236766864706686
train,2025-12-13,ethusdt,binance,buy,60,263,0.9742287182317219,9.615538202735785
train,2025-12-13,ethusdt,binance,sell,60,339,0.7725497548496069,6.793099731947334
train,2025-12-13,ethusdt,binance,buy,120,263,1.813800574773782,13.186247569616482
train,2025-12-13,ethusdt,binance,sell,120,339,1.6584024348519346,12.529248100532097
train,2025-12-13,ethusdt,binance,buy,300,263,3.024378782465529,17.05468405305075
train,2025-12-13,ethusdt,binance,sell,300,339,6.137369751941251,15.72589966406329
train,2025-12-13,ethusdt,bybit,buy,-300,136,-36.426467107251014,17.95933389233447
train,2025-12-13,ethusdt,bybit,sell,-300,208,32.13756483421082,20.52540808288699
train,2025-12-13,ethusdt,bybit,buy,-120,136,-29.11632556599696,17.076773862150006
train,2025-12-13,ethusdt,bybit,sell,-120,208,29.871663233383728,22.32016894611781
train,2025-12-13,ethusdt,bybit,buy,-60,136,-23.757802974741125,13.349250881759556
train,2025-12-13,ethusdt,bybit,sell,-60,208,19.790569639613487,15.267709412937437
train,2025-12-13,ethusdt,bybit,buy,-30,136,-14.824268577342446,7.514590437131274
train,2025-12-13,ethusdt,bybit,sell,-30,208,18.852157435265408,14.85956589987854
train,2025-12-13,ethusdt,bybit,buy,-10,136,-10.859832788206663,6.196943478041881
train,2025-12-13,ethusdt,bybit,sell,-10,208,14.093300561784131,11.371868847796797
train,2025-12-13,ethusdt,bybit,buy,-5,136,-8.355517577171286,4.518519533479208
train,2025-12-13,ethusdt,bybit,sell,-5,208,11.31781543403071,10.289522875997791
train,2025-12-13,ethusdt,bybit,buy,-1,136,-0.46090231029306983,3.093350691036274
train,2025-12-13,ethusdt,bybit,sell,-1,208,1.3803169257603345,5.35643556459159
train,2025-12-13,ethusdt,bybit,buy,0,136,0.0,0.0
train,2025-12-13,ethusdt,bybit,sell,0,208,0.0,0.0
train,2025-12-13,ethusdt,bybit,buy,1,136,0.565275817317379,1.9795085921236317
train,2025-12-13,ethusdt,bybit,sell,1,208,0.35761479312631117,3.8103954517621044
train,2025-12-13,ethusdt,bybit,buy,5,136,1.2833595732117409,4.920340899701715
train,2025-12-13,ethusdt,bybit,sell,5,208,2.6047698403973945,8.046396186729913
train,2025-12-13,ethusdt,bybit,buy,10,136,1.5367105215008596,6.806801607049181
train,2025-12-13,ethusdt,bybit,sell,10,208,3.30500597829554,7.8359397609557515
train,2025-12-13,ethusdt,bybit,buy,30,136,0.10106058322206145,9.150010723076191
train,2025-12-13,ethusdt,bybit,sell,30,208,4.731210310427434,7.8691308915028815
train,2025-12-13,ethusdt,bybit,buy,60,136,1.39786641503876,14.213578991747582
train,2025-12-13,ethusdt,bybit,sell,60,208,2.563339799559098,10.808595931426826
train,2025-12-13,ethusdt,bybit,buy,120,136,4.008192895142262,17.892280601955445
train,2025-12-13,ethusdt,bybit,sell,120,208,9.980878719334736,19.555031759283196
train,2025-12-13,ethusdt,bybit,buy,300,136,11.172550031956392,23.411125874272205
train,2025-12-13,ethusdt,bybit,sell,300,208,25.4735788843145,25.28124268826636
train,2025-12-14,ethusdt,binance,buy,-300,354,-16.49040076545285,25.491901582961123
train,2025-12-14,ethusdt,binance,sell,-300,710,24.32038918878075,23.129175816669935
train,2025-12-14,ethusdt,binance,buy,-120,354,-15.10907506341413,18.546274617564787
train,2025-12-14,ethusdt,binance,sell,-120,710,19.298712452805823,20.13477089812352
train,2025-12-14,ethusdt,binance,buy,-60,354,-13.035283625456746,13.537498464967106
train,2025-12-14,ethusdt,binance,sell,-60,710,16.356529453444463,17.6716417796422
train,2025-12-14,ethusdt,binance,buy,-30,354,-9.875329061096043,9.761248747586452
train,2025-12-14,ethusdt,binance,sell,-30,710,12.335671786297363,14.456993637350617
train,2025-12-14,ethusdt,binance,buy,-10,354,-6.199717853495141,6.739117156271272
train,2025-12-14,ethusdt,binance,sell,-10,710,6.207363612513729,8.656533841617987
train,2025-12-14,ethusdt,binance,buy,-5,354,-4.41984469480337,5.352096867327633
train,2025-12-14,ethusdt,binance,sell,-5,710,3.726928378192087,6.1307585363329045
train,2025-12-14,ethusdt,binance,buy,-1,354,-0.5399589712722676,2.2643672288618117
train,2025-12-14,ethusdt,binance,sell,-1,710,0.33782293245370676,2.230250173533742
train,2025-12-14,ethusdt,binance,buy,0,354,0.0,0.0
train,2025-12-14,ethusdt,binance,sell,0,710,0.0,0.0
train,2025-12-14,ethusdt,binance,buy,1,354,0.1683161524736607,1.9927373402754422
train,2025-12-14,ethusdt,binance,sell,1,710,-0.10328129914216345,2.291937666477543
train,2025-12-14,ethusdt,binance,buy,5,354,0.05133666604505374,4.479075766511625
train,2025-12-14,ethusdt,binance,sell,5,710,-0.2383974080989521,6.443054940477039
train,2025-12-14,ethusdt,binance,buy,10,354,-0.21492675761026972,5.898243303446068
train,2025-12-14,ethusdt,binance,sell,10,710,-0.06806058178865419,8.299487937139
train,2025-12-14,ethusdt,binance,buy,30,354,-0.09444183152110076,9.003218634502975
train,2025-12-14,ethusdt,binance,sell,30,710,0.16384164730669987,14.641384262215572
train,2025-12-14,ethusdt,binance,buy,60,354,-1.4508889222688999,12.08096839190727
train,2025-12-14,ethusdt,binance,sell,60,710,0.7611178534846529,15.73875215400494
train,2025-12-14,ethusdt,binance,buy,120,354,-2.2150401573302863,15.461610331738214
train,2025-12-14,ethusdt,binance,sell,120,710,3.1929154012561622,21.26212655693423
train,2025-12-14,ethusdt,binance,buy,300,354,-3.4371762426986963,16.47985468139462
train,2025-12-14,ethusdt,binance,sell,300,710,5.979677247979531,22.214920703820923
train,2025-12-14,ethusdt,bybit,buy,-300,128,-28.137652995110948,26.403958466820455
train,2025-12-14,ethusdt,bybit,sell,-300,1109,61.68837986434998,31.017281795623045
train,2025-12-14,ethusdt,bybit,buy,-120,128,-24.663760329523562,18.789808008598513
train,2025-12-14,ethusdt,bybit,sell,-120,1109,57.99611565459134,33.29050438056435
train,2025-12-14,ethusdt,bybit,buy,-60,128,-19.717566960751803,15.595642340402238
train,2025-12-14,ethusdt,bybit,sell,-60,1109,49.71142801221825,29.99758009253967
train,2025-12-14,ethusdt,bybit,buy,-30,128,-14.855776874066162,12.59254590300406
train,2025-12-14,ethusdt,bybit,sell,-30,1109,42.13763636948471,28.351360694724328
train,2025-12-14,ethusdt,bybit,buy,-10,128,-10.371439314308288,9.568953320529406
train,2025-12-14,ethusdt,bybit,sell,-10,1109,26.290919302644436,20.09926686264774
train,2025-12-14,ethusdt,bybit,buy,-5,128,-8.258698434576448,8.580984386966339
train,2025-12-14,ethusdt,bybit,sell,-5,1109,20.325621333517738,16.70294111204497
train,2025-12-14,ethusdt,bybit,buy,-1,128,-0.7183549427707683,3.056994275612216
train,2025-12-14,ethusdt,bybit,sell,-1,1109,2.9902596471702885,7.662920613340211
train,2025-12-14,ethusdt,bybit,buy,0,128,0.0,0.0
train,2025-12-14,ethusdt,bybit,sell,0,1109,0.0,0.0
train,2025-12-14,ethusdt,bybit,buy,1,128,0.44323382275527723,2.862159386284173
train,2025-12-14,ethusdt,bybit,sell,1,1109,-1.0320643996016872,6.4220841842639
train,2025-12-14,ethusdt,bybit,buy,5,128,-1.3495739886670868,7.069701604510874
train,2025-12-14,ethusdt,bybit,sell,5,1109,1.3056007185641179,12.500638249568665
train,2025-12-14,ethusdt,bybit,buy,10,128,-1.747843902824198,7.484306215051368
train,2025-12-14,ethusdt,bybit,sell,10,1109,2.6239810492156694,13.752775598394146
train,2025-12-14,ethusdt,bybit,buy,30,128,-1.7693868677680145,9.939805466996775
train,2025-12-14,ethusdt,bybit,sell,30,1109,6.443476755746463,29.354161270802777
train,2025-12-14,ethusdt,bybit,buy,60,128,-3.483139845480792,12.919206681872337
train,2025-12-14,ethusdt,bybit,sell,60,1109,15.224408336110711,29.52016256183152
train,2025-12-14,ethusdt,bybit,buy,120,128,-5.077441854113481,16.369709142009032
train,2025-12-14,ethusdt,bybit,sell,120,1109,34.115534246465,38.573283043531994
train,2025-12-14,ethusdt,bybit,buy,300,128,-8.662205399956193,17.253199410096663
train,2025-12-14,ethusdt,bybit,sell,300,1109,33.24025887882231,29.40815075983379
train,2025-12-15,ethusdt,binance,buy,-300,713,-26.662718222535087,35.026560051962754
train,2025-12-15,ethusdt,binance,sell,-300,1402,40.927508747405376,36.83125701040339
train,2025-12-15,ethusdt,binance,buy,-120,713,-24.4991242377177,26.245002306362817
train,2025-12-15,ethusdt,binance,sell,-120,1402,26.8536495974621,21.987826901674758
train,2025-12-15,ethusdt,binance,buy,-60,713,-21.354552590156135,18.695905739320335
train,2025-12-15,ethusdt,binance,sell,-60,1402,19.970212030190932,15.815328449940523
train,2025-12-15,ethusdt,binance,buy,-30,713,-16.356073952972768,15.236479268659949
train,2025-12-15,ethusdt,binance,sell,-30,1402,14.638535914909813,12.490329712584371
train,2025-12-15,ethusdt,binance,buy,-10,713,-9.939617165768695,9.771880409360461
train,2025-12-15,ethusdt,binance,sell,-10,1402,7.9784327684920155,8.101234392442487
train,2025-12-15,ethusdt,binance,buy,-5,713,-6.58264941683877,7.14158287849833
train,2025-12-15,ethusdt,binance,sell,-5,1402,4.695787049346009,5.5792836698267685
train,2025-12-15,ethusdt,binance,buy,-1,713,-0.6265829795124339,2.991015926268119
train,2025-12-15,ethusdt,binance,sell,-1,1402,0.33608110375542055,2.766732345293674
train,2025-12-15,ethusdt,binance,buy,0,713,0.0,0.0
train,2025-12-15,ethusdt,binance,sell,0,1402,0.0,0.0
train,2025-12-15,ethusdt,binance,buy,1,713,0.2169107823800237,2.757144158278313
train,2025-12-15,ethusdt,binance,sell,1,1402,-0.14312904704226453,2.8521390823260204
train,2025-12-15,ethusdt,binance,buy,5,713,0.10129903951293423,6.827914024070584
train,2025-12-15,ethusdt,binance,sell,5,1402,-0.13519447474566967,6.60952096696445
train,2025-12-15,ethusdt,binance,buy,10,713,-0.35907999508375066,9.07555737898758
train,2025-12-15,ethusdt,binance,sell,10,1402,-0.23004787455825512,9.105668553128357
train,2025-12-15,ethusdt,binance,buy,30,713,-0.5202019578804147,13.692644484411579
train,2025-12-15,ethusdt,binance,sell,30,1402,0.6271879096482147,12.46358931811122
train,2025-12-15,ethusdt,binance,buy,60,713,0.16782882599354423,18.978365081047972
train,2025-12-15,ethusdt,binance,sell,60,1402,0.29029828639032046,19.27093592000927
train,2025-12-15,ethusdt,binance,buy,120,713,-1.418573532805431,22.45476951755559
train,2025-12-15,ethusdt,binance,sell,120,1402,-0.5902754454274046,23.89571073511171
train,2025-12-15,ethusdt,binance,buy,300,713,-1.2368539321969134,30.27073038527488
train,2025-12-15,ethusdt,binance,sell,300,1402,-10.431781873366656,40.61931458845995
train,2025-12-15,ethusdt,bybit,buy,-300,610,-48.345299527596964,27.835696933189737
train,2025-12-15,ethusdt,bybit,sell,-300,3285,66.26514789215982,36.469824802215236
train,2025-12-15,ethusdt,bybit,buy,-120,610,-41.13544198525726,23.488169224440874
train,2025-12-15,ethusdt,bybit,sell,-120,3285,42.825043618082006,22.74815869334876
train,2025-12-15,ethusdt,bybit,buy,-60,610,-35.60258909970778,20.32482881111013
train,2025-12-15,ethusdt,bybit,sell,-60,3285,32.14137712490663,18.06999732776845
train,2025-12-15,ethusdt,bybit,buy,-30,610,-28.779856527349402,17.859219995924185
train,2025-12-15,ethusdt,bybit,sell,-30,3285,25.456542534709744,16.787871840027154
train,2025-12-15,ethusdt,bybit,buy,-10,610,-19.926838727654946,12.696773021188196
train,2025-12-15,ethusdt,bybit,sell,-10,3285,16.35854497744673,11.573419102536686
train,2025-12-15,ethusdt,bybit,buy,-5,610,-15.170699049594315,10.08229566677318
train,2025-12-15,ethusdt,bybit,sell,-5,3285,11.172826319385107,7.962194488568846
train,2025-12-15,ethusdt,bybit,buy,-1,610,-2.7613780860306827,5.007454908679906
train,2025-12-15,ethusdt,bybit,sell,-1,3285,1.570369834107639,3.776536130693122
train,2025-12-15,ethusdt,bybit,buy,0,610,0.0,0.0
train,2025-12-15,ethusdt,bybit,sell,0,3285,0.0,0.0
train,2025-12-15,ethusdt,bybit,buy,1,610,0.9333872798667918,4.087380336945274
train,2025-12-15,ethusdt,bybit,sell,1,3285,-0.24768630594489538,3.9747594207807224
train,2025-12-15,ethusdt,bybit,buy,5,610,0.8603980554385408,8.588410567383752
train,2025-12-15,ethusdt,bybit,sell,5,3285,0.0334945916648859,9.448447113975716
train,2025-12-15,ethusdt,bybit,buy,10,610,0.5904866147910303,11.613971306851017
train,2025-12-15,ethusdt,bybit,sell,10,3285,0.1269590660114104,12.256369259329741
train,2025-12-15,ethusdt,bybit,buy,30,610,-3.779991691929087,12.277565846208919
train,2025-12-15,ethusdt,bybit,sell,30,3285,4.0435662021203145,15.414612749257296
train,2025-12-15,ethusdt,bybit,buy,60,610,-2.9667776856252948,18.653501799372563
train,2025-12-15,ethusdt,bybit,sell,60,3285,6.249877075852565,26.41106275397415
train,2025-12-15,ethusdt,bybit,buy,120,610,-6.633777564926711,21.30729060088979
train,2025-12-15,ethusdt,bybit,sell,120,3285,7.279599957005653,27.899866042155864
train,2025-12-15,ethusdt,bybit,buy,300,610,-7.525118298307213,28.146225606839852
train,2025-12-15,ethusdt,bybit,sell,300,3285,-7.042911757398591,45.83915459796298
train,2025-12-16,ethusdt,binance,buy,-300,655,-28.00399234956038,34.49042901881604
train,2025-12-16,ethusdt,binance,sell,-300,953,28.558406671723006,33.19052695499487
train,2025-12-16,ethusdt,binance,buy,-120,655,-24.03544985324212,21.466755816825785
train,2025-12-16,ethusdt,binance,sell,-120,953,21.677912213765527,22.174857672377907
train,2025-12-16,ethusdt,binance,buy,-60,655,-19.609548114330874,15.014901619320092
train,2025-12-16,ethusdt,binance,sell,-60,953,17.276086487433023,17.267464572320645
train,2025-12-16,ethusdt,binance,buy,-30,655,-15.613319729172103,12.498569548390996
train,2025-12-16,ethusdt,binance,sell,-30,953,13.651921441649407,13.784033024522671
train,2025-12-16,ethusdt,binance,buy,-10,655,-9.406638315070765,8.620733769758216
train,2025-12-16,ethusdt,binance,sell,-10,953,7.7993629596343474,9.786911511239298
train,2025-12-16,ethusdt,binance,buy,-5,655,-6.12228809113605,5.825221481770729
train,2025-12-16,ethusdt,binance,sell,-5,953,5.046295837190025,7.122029107281548
train,2025-12-16,ethusdt,binance,buy,-1,655,-0.742992092703197,2.731663563180727
train,2025-12-16,ethusdt,binance,sell,-1,953,0.4733462555236219,2.8843721186013225
train,2025-12-16,ethusdt,binance,buy,0,655,0.0,0.0
train,2025-12-16,ethusdt,binance,sell,0,953,0.0,0.0
train,2025-12-16,ethusdt,binance,buy,1,655,0.1747431686107108,2.476044817474748
train,2025-12-16,ethusdt,binance,sell,1,953,-0.142918293127821,2.7312058007882722
train,2025-12-16,ethusdt,binance,buy,5,655,0.03724368924652026,5.922364741895331
train,2025-12-16,ethusdt,binance,sell,5,953,0.12420101678672937,6.803433456744157
train,2025-12-16,ethusdt,binance,buy,10,655,-0.4964896542641383,8.427089727690552
train,2025-12-16,ethusdt,binance,sell,10,953,0.49737593413480263,8.53039310141923
train,2025-12-16,ethusdt,binance,buy,30,655,-1.0330631067587674,13.493450952767924
train,2025-12-16,ethusdt,binance,sell,30,953,1.3511898069413126,13.141515074775002
train,2025-12-16,ethusdt,binance,buy,60,655,-1.4872381533958114,18.406504173857172
train,2025-12-16,ethusdt,binance,sell,60,953,1.8690713046876721,16.67189876919252
train,2025-12-16,ethusdt,binance,buy,120,655,-4.793999191589632,21.82153449014575
train,2025-12-16,ethusdt,binance,sell,120,953,3.220874210420137,21.876240679445488
train,2025-12-16,ethusdt,binance,buy,300,655,-8.361458186880215,35.52079711829664
train,2025-12-16,ethusdt,binance,sell,300,953,6.109979246132994,34.769465476525795
train,2025-12-16,ethusdt,bybit,buy,-300,386,-45.04086990333797,27.49399011819954
train,2025-12-16,ethusdt,bybit,sell,-300,1355,70.39872910603539,43.78225240992553
train,2025-12-16,ethusdt,bybit,buy,-120,386,-34.03586654895134,20.0767110255902
train,2025-12-16,ethusdt,bybit,sell,-120,1355,53.849666845984636,32.880078383415096
train,2025-12-16,ethusdt,bybit,buy,-60,386,-27.945012624038075,15.777908824810414
train,2025-12-16,ethusdt,bybit,sell,-60,1355,43.525357177013404,28.487622416086207
train,2025-12-16,ethusdt,bybit,buy,-30,386,-21.975235723624937,15.300959492744092
train,2025-12-16,ethusdt,bybit,sell,-30,1355,35.979484729606234,24.291643182384234
train,2025-12-16,ethusdt,bybit,buy,-10,386,-15.096564981287436,11.481922652388745
train,2025-12-16,ethusdt,bybit,sell,-10,1355,27.673514192327254,21.7755524108034
train,2025-12-16,ethusdt,bybit,buy,-5,386,-10.878497067455365,8.395208098443472
train,2025-12-16,ethusdt,bybit,sell,-5,1355,21.28010754537544,17.68915445427258
train,2025-12-16,ethusdt,bybit,buy,-1,386,-1.7837915534336948,3.8661651777439623
train,2025-12-16,ethusdt,bybit,sell,-1,1355,4.872712401147149,8.114529314069705
train,2025-12-16,ethusdt,bybit,buy,0,386,0.0,0.0
train,2025-12-16,ethusdt,bybit,sell,0,1355,0.0,0.0
train,2025-12-16,ethusdt,bybit,buy,1,386,0.3638363733222723,3.188764402077107
train,2025-12-16,ethusdt,bybit,sell,1,1355,-1.7747591945478274,6.643598728566077
train,2025-12-16,ethusdt,bybit,buy,5,386,0.4038410445268134,7.619364350181539
train,2025-12-16,ethusdt,bybit,sell,5,1355,-1.689450461902207,16.638043569095874
train,2025-12-16,ethusdt,bybit,buy,10,386,-1.9301831131016467,9.742844900735554
train,2025-12-16,ethusdt,bybit,sell,10,1355,2.4066897873066853,17.383719477124302
train,2025-12-16,ethusdt,bybit,buy,30,386,-4.054894497287228,14.211684017917612
train,2025-12-16,ethusdt,bybit,sell,30,1355,7.517511346545525,20.668351164699303
train,2025-12-16,ethusdt,bybit,buy,60,386,-4.494773235646852,19.59068570564622
train,2025-12-16,ethusdt,bybit,sell,60,1355,16.089208701856343,28.218469366311943
train,2025-12-16,ethusdt,bybit,buy,120,386,-9.433914803791167,23.237799481484842
train,2025-12-16,ethusdt,bybit,sell,120,1355,24.926605925654297,39.20085558898742
train,2025-12-16,ethusdt,bybit,buy,300,386,-26.04698890771957,48.5824713485076
train,2025-12-16,ethusdt,bybit,sell,300,1355,39.0991254176907,51.41217868310044
train,2025-12-17,ethusdt,binance,buy,-300,672,-40.94840791155523,64.72628861367518
train,2025-12-17,ethusdt,binance,sell,-300,1297,38.459887451399986,45.63602067335621
train,2025-12-17,ethusdt,binance,buy,-120,672,-29.65326094084107,32.004264535989115
train,2025-12-17,ethusdt,binance,sell,-120,1297,29.75356119941138,29.466084391399583
train,2025-12-17,ethusdt,binance,buy,-60,672,-24.924614434335588,22.420133153811328
train,2025-12-17,ethusdt,binance,sell,-60,1297,23.036320876796875,22.546630276910772
train,2025-12-17,ethusdt,binance,buy,-30,672,-18.989555731962188,15.11785341033041
train,2025-12-17,ethusdt,binance,sell,-30,1297,16.8926997350088,15.93334188353089
train,2025-12-17,ethusdt,binance,buy,-10,672,-10.8370466557328,9.10322387949706
train,2025-12-17,ethusdt,binance,sell,-10,1297,9.31092714453874,11.073122577104645
train,2025-12-17,ethusdt,binance,buy,-5,672,-7.161293074618017,6.672666984798019
train,2025-12-17,ethusdt,binance,sell,-5,1297,5.593393859972779,8.041349053068844
train,2025-12-17,ethusdt,binance,buy,-1,672,-0.8581707188876799,3.06367322787733
train,2025-12-17,ethusdt,binance,sell,-1,1297,0.35130166489762027,3.041126750732731
train,2025-12-17,ethusdt,binance,buy,0,672,0.0,0.0
train,2025-12-17,ethusdt,binance,sell,0,1297,0.0,0.0
train,2025-12-17,ethusdt,binance,buy,1,672,0.03975708431913336,3.1030641250887285
train,2025-12-17,ethusdt,binance,sell,1,1297,-0.204543103390445,3.0366834935047167
train,2025-12-17,ethusdt,binance,buy,5,672,-0.49278248044980827,7.146168170440217
train,2025-12-17,ethusdt,binance,sell,5,1297,-0.06362532388401282,7.260795778192215
train,2025-12-17,ethusdt,binance,buy,10,672,-0.7481251673379181,9.726490563053668
train,2025-12-17,ethusdt,binance,sell,10,1297,-0.09712257175339199,9.624222773390283
train,2025-12-17,ethusdt,binance,buy,30,672,-0.3759535655474056,15.56629969200043
train,2025-12-17,ethusdt,binance,sell,30,1297,-0.6331564105880344,16.13441003827371
train,2025-12-17,ethusdt,binance,buy,60,672,0.7535422186298442,22.017273582874044
train,2025-12-17,ethusdt,binance,sell,60,1297,0.3664068507445835,22.166672271195683
train,2025-12-17,ethusdt,binance,buy,120,672,-1.1168244434716488,31.823209283938635
train,2025-12-17,ethusdt,binance,sell,120,1297,-0.4010397592593575,25.122274744954623
train,2025-12-17,ethusdt,binance,buy,300,672,7.016108542160724,58.61432117634228
train,2025-12-17,ethusdt,binance,sell,300,1297,-3.7348905657622886,38.22542712770629
train,2025-12-17,ethusdt,bybit,buy,-300,551,-99.26385812422824,68.92030394503239
train,2025-12-17,ethusdt,bybit,sell,-300,3003,72.78961599299598,46.9982010930319
train,2025-12-17,ethusdt,bybit,buy,-120,551,-55.66341568855817,35.04224616832369
train,2025-12-17,ethusdt,bybit,sell,-120,3003,56.24886552760258,34.20202374068535
train,2025-12-17,ethusdt,bybit,buy,-60,551,-44.647053596986055,27.049641295648254
train,2025-12-17,ethusdt,bybit,sell,-60,3003,44.81454346793935,30.6053394599737
train,2025-12-17,ethusdt,bybit,buy,-30,551,-30.570388506163454,17.15474079903592
train,2025-12-17,ethusdt,bybit,sell,-30,3003,32.720622399955516,22.47580867657977
train,2025-12-17,ethusdt,bybit,buy,-10,551,-17.20634638586763,9.345052257291
train,2025-12-17,ethusdt,bybit,sell,-10,3003,23.01406005505538,18.165364536431692
train,2025-12-17,ethusdt,bybit,buy,-5,551,-12.080935991957475,6.383826120612101
train,2025-12-17,ethusdt,bybit,sell,-5,3003,18.399744619156866,15.863311515864565
train,2025-12-17,ethusdt,bybit,buy,-1,551,-2.409689657747126,3.8991158828853516
train,2025-12-17,ethusdt,bybit,sell,-1,3003,2.7070056139335574,5.755233612123092
train,2025-12-17,ethusdt,bybit,buy,0,551,0.0,0.0
train,2025-12-17,ethusdt,bybit,sell,0,3003,0.0,0.0
train,2025-12-17,ethusdt,bybit,buy,1,551,0.47866641871574994,4.137491350725761
train,2025-12-17,ethusdt,bybit,sell,1,3003,-1.3359843767222703,5.274591325243286
train,2025-12-17,ethusdt,bybit,buy,5,551,-1.7491104542102656,8.797659687339173
train,2025-12-17,ethusdt,bybit,sell,5,3003,0.056935710810522754,11.422949995399282
train,2025-12-17,ethusdt,bybit,buy,10,551,-2.034453156282963,13.428676360846385
train,2025-12-17,ethusdt,bybit,sell,10,3003,1.9952078797826387,12.35946318973523
train,2025-12-17,ethusdt,bybit,buy,30,551,0.31661840023766114,21.28899712944333
train,2025-12-17,ethusdt,bybit,sell,30,3003,1.6716340463193513,19.061325862529145
train,2025-12-17,ethusdt,bybit,buy,60,551,4.693526345816723,26.213439212316235
train,2025-12-17,ethusdt,bybit,sell,60,3003,7.084285557371444,27.453162962122803
train,2025-12-17,ethusdt,bybit,buy,120,551,-0.731138109245744,35.24843067533172
train,2025-12-17,ethusdt,bybit,sell,120,3003,2.6127763433797893,26.23146443716514
train,2025-12-17,ethusdt,bybit,buy,300,551,15.594160806153875,54.26249993672898
train,2025-12-17,ethusdt,bybit,sell,300,3003,-2.272795340944461,41.0814541671123
train,2025-12-18,ethusdt,binance,buy,-300,886,-31.310353184895654,44.978067076385976
train,2025-12-18,ethusdt,binance,sell,-300,1047,44.68577468518663,50.88280500882383
train,2025-12-18,ethusdt,binance,buy,-120,886,-31.243770064618108,28.469656177436953
train,2025-12-18,ethusdt,binance,sell,-120,1047,29.121029431899565,27.93829801666092
train,2025-12-18,ethusdt,binance,buy,-60,886,-25.603147339702012,22.421456162049733
train,2025-12-18,ethusdt,binance,sell,-60,1047,21.60308289449666,20.856734964184472
train,2025-12-18,ethusdt,binance,buy,-30,886,-20.81078832249843,16.70887188845568
train,2025-12-18,ethusdt,binance,sell,-30,1047,17.539504771785953,15.867413324412826
train,2025-12-18,ethusdt,binance,buy,-10,886,-12.82445605008664,10.826991732889727
train,2025-12-18,ethusdt,binance,sell,-10,1047,10.432298904526435,10.89345603773877
train,2025-12-18,ethusdt,binance,buy,-5,886,-8.21100751697834,7.361316682035408
train,2025-12-18,ethusdt,binance,sell,-5,1047,6.5137847420424935,8.0894447238373
train,2025-12-18,ethusdt,binance,buy,-1,886,-0.81310873861309,3.600525717949713
train,2025-12-18,ethusdt,binance,sell,-1,1047,0.3879671058163209,3.5037415243711068
train,2025-12-18,ethusdt,binance,buy,0,886,0.0,0.0
train,2025-12-18,ethusdt,binance,sell,0,1047,0.0,0.0
train,2025-12-18,ethusdt,binance,buy,1,886,0.08291429992380919,3.3010421542231034
train,2025-12-18,ethusdt,binance,sell,1,1047,0.031899941583273944,3.408160506616125
train,2025-12-18,ethusdt,binance,buy,5,886,-0.11591907590358999,8.129205821672402
train,2025-12-18,ethusdt,binance,sell,5,1047,0.22354597904866863,7.664138694983792
train,2025-12-18,ethusdt,binance,buy,10,886,-0.4149275793840391,10.330705830166291
train,2025-12-18,ethusdt,binance,sell,10,1047,0.5717776980488601,9.554406119909368
train,2025-12-18,ethusdt,binance,buy,30,886,-0.46045327669379627,16.024349352868178
train,2025-12-18,ethusdt,binance,sell,30,1047,1.1342640004060642,14.245068385569214
train,2025-12-18,ethusdt,binance,buy,60,886,1.2196416205342597,20.572012280969854
train,2025-12-18,ethusdt,binance,sell,60,1047,-0.2221579513187649,20.55052712880665
train,2025-12-18,ethusdt,binance,buy,120,886,-0.06708903411522164,28.45894324500752
train,2025-12-18,ethusdt,binance,sell,120,1047,-3.232450621826174,29.2363904427061
train,2025-12-18,ethusdt,binance,buy,300,886,-2.5468371748494008,42.751765585016265
train,2025-12-18,ethusdt,binance,sell,300,1047,-11.698312347570992,53.263031504477155
train,2025-12-18,ethusdt,bybit,buy,-300,921,-59.845763262234684,34.375272182419465
train,2025-12-18,ethusdt,bybit,sell,-300,1543,80.43833588950194,52.070652354332125
train,2025-12-18,ethusdt,bybit,buy,-120,921,-51.405658938201626,27.54794186520329
train,2025-12-18,ethusdt,bybit,sell,-120,1543,52.01610842522646,29.795562697843252
train,2025-12-18,ethusdt,bybit,buy,-60,921,-42.053318163221725,28.826231476629232
train,2025-12-18,ethusdt,bybit,sell,-60,1543,39.066590187445435,22.05205970086236
train,2025-12-18,ethusdt,bybit,buy,-30,921,-32.30975383236306,20.4322127762301
train,2025-12-18,ethusdt,bybit,sell,-30,1543,32.620365827147836,19.193238530767644
train,2025-12-18,ethusdt,bybit,buy,-10,921,-20.131146586474575,13.255033792302548
train,2025-12-18,ethusdt,bybit,sell,-10,1543,22.835571661327347,15.954342905106586
train,2025-12-18,ethusdt,bybit,buy,-5,921,-14.114595578359282,8.948341161330942
train,2025-12-18,ethusdt,bybit,sell,-5,1543,17.316957161004154,12.43615721036162
train,2025-12-18,ethusdt,bybit,buy,-1,921,-1.971799850795724,5.34111997093773
train,2025-12-18,ethusdt,bybit,sell,-1,1543,2.7109788046643577,5.790525690153868
train,2025-12-18,ethusdt,bybit,buy,0,921,0.0,0.0
train,2025-12-18,ethusdt,bybit,sell,0,1543,0.0,0.0
train,2025-12-18,ethusdt,bybit,buy,1,921,0.7115056564993468,4.613181150063646
train,2025-12-18,ethusdt,bybit,sell,1,1543,-0.20630393853157297,5.234011960558212
train,2025-12-18,ethusdt,bybit,buy,5,921,-0.2833713808254851,10.861272089191317
train,2025-12-18,ethusdt,bybit,sell,5,1543,1.9247163046432676,10.986239808553858
train,2025-12-18,ethusdt,bybit,buy,10,921,-2.1067689304278674,13.532983012891485
train,2025-12-18,ethusdt,bybit,sell,10,1543,3.391541176037639,13.120514728883837
train,2025-12-18,ethusdt,bybit,buy,30,921,-3.25629223368453,19.059490915553493
train,2025-12-18,ethusdt,bybit,sell,30,1543,5.268657864908911,15.110486265436704
train,2025-12-18,ethusdt,bybit,buy,60,921,-2.38394597617009,22.316118669865034
train,2025-12-18,ethusdt,bybit,sell,60,1543,2.451717366471956,24.411043691196127
train,2025-12-18,ethusdt,bybit,buy,120,921,-5.736466573285851,29.372936961266483
train,2025-12-18,ethusdt,bybit,sell,120,1543,-3.9068612638159497,32.99899999590932
train,2025-12-18,ethusdt,bybit,buy,300,921,-13.675931857683251,44.085457766394335
train,2025-12-18,ethusdt,bybit,sell,300,1543,-18.514875541267827,65.68074095850366
train,2025-12-19,ethusdt,binance,buy,-300,950,-38.964505306467224,42.66788873788594
train,2025-12-19,ethusdt,binance,sell,-300,573,28.00092859020335,37.44355142616987
train,2025-12-19,ethusdt,binance,buy,-120,950,-32.681263324868205,28.379402279881397
train,2025-12-19,ethusdt,binance,sell,-120,573,28.61086047614641,28.730137902657148
train,2025-12-19,ethusdt,binance,buy,-60,950,-24.772046651941587,20.529132629525076
train,2025-12-19,ethusdt,binance,sell,-60,573,20.887157794965447,19.572379395318677
train,2025-12-19,ethusdt,binance,buy,-30,950,-19.172178850429297,15.32999802385121
train,2025-12-19,ethusdt,binance,sell,-30,573,16.411842286121193,14.547153968503597
train,2025-12-19,ethusdt,binance,buy,-10,950,-11.299651840501555,9.846136448989625
train,2025-12-19,ethusdt,binance,sell,-10,573,9.267090634484257,9.141455915382073
train,2025-12-19,ethusdt,binance,buy,-5,950,-7.721608795183953,7.706292104439081
train,2025-12-19,ethusdt,binance,sell,-5,573,6.209742638029283,7.1645290018351275
train,2025-12-19,ethusdt,binance,buy,-1,950,-0.7199826302148579,3.332273944879181
train,2025-12-19,ethusdt,binance,sell,-1,573,0.4465151611204736,2.961811774031724
train,2025-12-19,ethusdt,binance,buy,0,950,0.0,0.0
train,2025-12-19,ethusdt,binance,sell,0,573,0.0,0.0
train,2025-12-19,ethusdt,binance,buy,1,950,0.1305233118887458,3.256351241304902
train,2025-12-19,ethusdt,binance,sell,1,573,0.06742025693514894,2.6039091955057962
train,2025-12-19,ethusdt,binance,buy,5,950,-0.197684197357142,7.034085145972764
train,2025-12-19,ethusdt,binance,sell,5,573,0.11943080862445032,6.244495687951284
train,2025-12-19,ethusdt,binance,buy,10,950,0.275042768692074,9.496005411493778
train,2025-12-19,ethusdt,binance,sell,10,573,0.11128101411123703,7.562934412352128
train,2025-12-19,ethusdt,binance,buy,30,950,0.38051168737915647,14.657476746104713
train,2025-12-19,ethusdt,binance,sell,30,573,-0.00320808047816108,13.441904942821084
train,2025-12-19,ethusdt,binance,buy,60,950,1.7495739166683721,19.867795086358544
train,2025-12-19,ethusdt,binance,sell,60,573,-0.49205709947708337,17.94088999415204
train,2025-12-19,ethusdt,binance,buy,120,950,2.7383725142067323,26.532996634224734
train,2025-12-19,ethusdt,binance,sell,120,573,0.11252534779148755,28.329024432678825
train,2025-12-19,ethusdt,binance,buy,300,950,-0.08954676444395437,47.82158297592792
train,2025-12-19,ethusdt,binance,sell,300,573,11.781111260877445,41.60716604558041
train,2025-12-19,ethusdt,bybit,buy,-300,1053,-66.37296184754145,37.31737970451111
train,2025-12-19,ethusdt,bybit,sell,-300,332,48.92126405774066,49.90227738947922
train,2025-12-19,ethusdt,bybit,buy,-120,1053,-53.02139413433609,29.434473259128023
train,2025-12-19,ethusdt,bybit,sell,-120,332,50.5834997957615,38.43435034289587
train,2025-12-19,ethusdt,bybit,buy,-60,1053,-40.78760689387154,22.80668541439851
train,2025-12-19,ethusdt,bybit,sell,-60,332,36.45053980945768,27.89721120263266
train,2025-12-19,ethusdt,bybit,buy,-30,1053,-32.208995796870745,17.798003396935535
train,2025-12-19,ethusdt,bybit,sell,-30,332,27.238229617547578,18.76914101794462
train,2025-12-19,ethusdt,bybit,buy,-10,1053,-21.523950144586998,12.3000358211424
train,2025-12-19,ethusdt,bybit,sell,-10,332,19.130534551234927,14.633318387057118
train,2025-12-19,ethusdt,bybit,buy,-5,1053,-15.354641294725829,9.07530926903301
train,2025-12-19,ethusdt,bybit,sell,-5,332,15.490616258182587,13.910707845275432
train,2025-12-19,ethusdt,bybit,buy,-1,1053,-1.652946606647454,4.575005290842477
train,2025-12-19,ethusdt,bybit,sell,-1,332,2.5065287001130043,6.457554187982083
train,2025-12-19,ethusdt,bybit,buy,0,1053,0.0,0.0
train,2025-12-19,ethusdt,bybit,sell,0,332,0.0,0.0
train,2025-12-19,ethusdt,bybit,buy,1,1053,0.10643191907948683,4.771931184375914
train,2025-12-19,ethusdt,bybit,sell,1,332,-0.18716851396720796,4.6853624108092005
train,2025-12-19,ethusdt,bybit,buy,5,1053,-1.0003067389259983,9.705417059219002
train,2025-12-19,ethusdt,bybit,sell,5,332,1.8872697293744054,8.87617770232887
train,2025-12-19,ethusdt,bybit,buy,10,1053,0.24792126374341247,13.768026914029981
train,2025-12-19,ethusdt,bybit,sell,10,332,3.5924363259584795,10.424972327510151
train,2025-12-19,ethusdt,bybit,buy,30,1053,0.014941383884785693,18.770291878204823
train,2025-12-19,ethusdt,bybit,sell,30,332,2.445778321347594,17.0682330136222
train,2025-12-19,ethusdt,bybit,buy,60,1053,1.0315858723125657,24.851691921883756
train,2025-12-19,ethusdt,bybit,sell,60,332,1.3641502535789625,22.76536771365479
train,2025-12-19,ethusdt,bybit,buy,120,1053,-0.10192711286628345,32.284128388221426
train,2025-12-19,ethusdt,bybit,sell,120,332,0.6708173611623345,37.46585972522308
train,2025-12-19,ethusdt,bybit,buy,300,1053,-30.891142546637084,72.64892206924418
train,2025-12-19,ethusdt,bybit,sell,300,332,20.80463616104705,46.67095080052984
train,2025-12-20,ethusdt,binance,buy,-300,253,-5.577424879773849,9.475599029141877
train,2025-12-20,ethusdt,binance,sell,-300,156,8.486780635018038,11.221685809569514
train,2025-12-20,ethusdt,binance,buy,-120,253,-4.322044564586865,6.7568117614783
train,2025-12-20,ethusdt,binance,sell,-120,156,7.714752982065761,10.523476350532455
train,2025-12-20,ethusdt,binance,buy,-60,253,-3.247609530460627,5.649022135791222
train,2025-12-20,ethusdt,binance,sell,-60,156,7.000068876407245,10.317640220495722
train,2025-12-20,ethusdt,binance,buy,-30,253,-2.707156351500292,4.3123720380159565
train,2025-12-20,ethusdt,binance,sell,-30,156,5.637312208023223,9.193300111716887
train,2025-12-20,ethusdt,binance,buy,-10,253,-1.8159788961990986,3.323842517236861
train,2025-12-20,ethusdt,binance,sell,-10,156,3.5335133557220266,6.494306993178629
train,2025-12-20,ethusdt,binance,buy,-5,253,-1.5226916450112609,2.9856624585649087
train,2025-12-20,ethusdt,binance,sell,-5,156,2.4840590059232737,4.985129866034447
train,2025-12-20,ethusdt,binance,buy,-1,253,-0.208808258415837,1.206954456542793
train,2025-12-20,ethusdt,binance,sell,-1,156,0.02326124702386828,1.1525887964127972
train,2025-12-20,ethusdt,binance,buy,0,253,0.0,0.0
train,2025-12-20,ethusdt,binance,sell,0,156,0.0,0.0
train,2025-12-20,ethusdt,binance,buy,1,253,0.04250792531686505,0.6924190437097808
train,2025-12-20,ethusdt,binance,sell,1,156,-0.003928091315356763,1.2348912818313051
train,2025-12-20,ethusdt,binance,buy,5,253,-0.1931470192698303,1.292452629054977
train,2025-12-20,ethusdt,binance,sell,5,156,0.16878680638771731,2.3917476915162217
train,2025-12-20,ethusdt,binance,buy,10,253,-0.3638116702079688,1.9604004101467138
train,2025-12-20,ethusdt,binance,sell,10,156,0.43313067808201383,3.4531477638196355
train,2025-12-20,ethusdt,binance,buy,30,253,-0.6053486407586338,3.1482227569596497
train,2025-12-20,ethusdt,binance,sell,30,156,1.62415924569583,5.33662515409593
train,2025-12-20,ethusdt,binance,buy,60,253,-0.9859680025012109,4.70591438087346
train,2025-12-20,ethusdt,binance,sell,60,156,1.0859197869431898,6.862478422773612
train,2025-12-20,ethusdt,binance,buy,120,253,-0.9144760361800045,5.635092027363944
train,2025-12-20,ethusdt,binance,sell,120,156,2.1620917217225393,6.596231983729679
train,2025-12-20,ethusdt,binance,buy,300,253,-1.5940020065424811,6.647827828366822
train,2025-12-20,ethusdt,binance,sell,300,156,1.8959637669173734,8.65866275926276
train,2025-12-20,ethusdt,bybit,buy,-300,47,-3.203107136944335,7.151121871631306
train,2025-12-20,ethusdt,bybit,sell,-300,68,12.500711101252461,10.454993578270045
train,2025-12-20,ethusdt,bybit,buy,-120,47,-1.7205679908033036,6.270814981144871
train,2025-12-20,ethusdt,bybit,sell,-120,68,12.228508177383906,9.969839452332817
train,2025-12-20,ethusdt,bybit,buy,-60,47,-1.8320634755454945,5.251531073316315
train,2025-12-20,ethusdt,bybit,sell,-60,68,11.46625770554271,10.334069980793762
train,2025-12-20,ethusdt,bybit,buy,-30,47,-1.7462684353549873,4.131660248621664
train,2025-12-20,ethusdt,bybit,sell,-30,68,11.145169092999824,10.687326736604948
train,2025-12-20,ethusdt,bybit,buy,-10,47,-1.2968887408084468,3.1475552782696665
train,2025-12-20,ethusdt,bybit,sell,-10,68,8.892735316364131,9.777606997085062
train,2025-12-20,ethusdt,bybit,buy,-5,47,-1.1790882053548568,2.740987603734573
train,2025-12-20,ethusdt,bybit,sell,-5,68,6.573099030411025,7.762959806240804
train,2025-12-20,ethusdt,bybit,buy,-1,47,-0.25875982687044863,0.8707957660575527
train,2025-12-20,ethusdt,bybit,sell,-1,68,0.7657102609782169,3.46481076958563
train,2025-12-20,ethusdt,bybit,buy,0,47,0.0,0.0
train,2025-12-20,ethusdt,bybit,sell,0,68,0.0,0.0
train,2025-12-20,ethusdt,bybit,buy,1,47,0.02151617913448719,0.5094198659994118
train,2025-12-20,ethusdt,bybit,sell,1,68,0.0933557494166593,1.1845772338155292
train,2025-12-20,ethusdt,bybit,buy,5,47,-0.04967329201626979,1.3097318933571025
train,2025-12-20,ethusdt,bybit,sell,5,68,0.019006327596704405,3.9358805919773476
train,2025-12-20,ethusdt,bybit,buy,10,47,-0.31406283621696796,2.1841192348597396
train,2025-12-20,ethusdt,bybit,sell,10,68,2.108093007033151,4.406011131495926
train,2025-12-20,ethusdt,bybit,buy,30,47,-0.14064283861819538,3.3358483646993013
train,2025-12-20,ethusdt,bybit,sell,30,68,5.696640424559518,7.169816873760475
train,2025-12-20,ethusdt,bybit,buy,60,47,-1.5450611276853505,5.971351007519717
train,2025-12-20,ethusdt,bybit,sell,60,68,5.529272306937882,8.97261895201364
train,2025-12-20,ethusdt,bybit,buy,120,47,-0.4991357685154602,5.369952417756902
train,2025-12-20,ethusdt,bybit,sell,120,68,5.247669849634167,7.54957382080931
train,2025-12-20,ethusdt,bybit,buy,300,47,-2.4858183340492763,6.101721250637965
train,2025-12-20,ethusdt,bybit,sell,300,68,6.513800955833757,11.595781703628663
train,2025-12-21,ethusdt,binance,buy,-300,507,-13.829549073131332,17.08808306842361
train,2025-12-21,ethusdt,binance,sell,-300,363,17.03622562089305,20.130889377383248
train,2025-12-21,ethusdt,binance,buy,-120,507,-9.981377665757948,11.567398286781865
train,2025-12-21,ethusdt,binance,sell,-120,363,12.902905469785589,16.410116548401025
train,2025-12-21,ethusdt,binance,buy,-60,507,-7.837704570328801,9.364581064240475
train,2025-12-21,ethusdt,binance,sell,-60,363,11.23277845816416,14.822810179061904
train,2025-12-21,ethusdt,binance,buy,-30,507,-6.300353631900667,7.814787173370114
train,2025-12-21,ethusdt,binance,sell,-30,363,9.207675082796866,11.753397252838882
train,2025-12-21,ethusdt,binance,buy,-10,507,-4.049624351408967,5.52855807587811
train,2025-12-21,ethusdt,binance,sell,-10,363,5.663371674868599,8.251621172220116
train,2025-12-21,ethusdt,binance,buy,-5,507,-2.8733624086036076,4.175721480856122
train,2025-12-21,ethusdt,binance,sell,-5,363,3.4833374159440953,6.026683078409644
train,2025-12-21,ethusdt,binance,buy,-1,507,-0.4596101851188625,1.7867860814725391
train,2025-12-21,ethusdt,binance,sell,-1,363,0.2937517817834847,2.363222826413338
train,2025-12-21,ethusdt,binance,buy,0,507,0.0,0.0
train,2025-12-21,ethusdt,binance,sell,0,363,0.0,0.0
train,2025-12-21,ethusdt,binance,buy,1,507,0.04038915586581862,1.4202844791571676
train,2025-12-21,ethusdt,binance,sell,1,363,-0.09735016707900006,2.3614655441846524
train,2025-12-21,ethusdt,binance,buy,5,507,0.0229703895863156,3.5695124409825474
train,2025-12-21,ethusdt,binance,sell,5,363,0.1700458839010599,4.869222090513895
train,2025-12-21,ethusdt,binance,buy,10,507,-0.0036266417993559355,4.283820494228893
train,2025-12-21,ethusdt,binance,sell,10,363,0.18829104582313774,6.702543631698539
train,2025-12-21,ethusdt,binance,buy,30,507,-0.20863406854729627,6.358187486368662
train,2025-12-21,ethusdt,binance,sell,30,363,1.455131939899942,8.54951730158212
train,2025-12-21,ethusdt,binance,buy,60,507,-0.4807574927200886,8.408161690578016
train,2025-12-21,ethusdt,binance,sell,60,363,0.8580221466835599,9.240566911225496
train,2025-12-21,ethusdt,binance,buy,120,507,-1.7948426222890685,11.004659720933237
train,2025-12-21,ethusdt,binance,sell,120,363,1.4497952117272788,9.59731755466986
train,2025-12-21,ethusdt,binance,buy,300,507,-4.2634963879087655,15.265065467334582
train,2025-12-21,ethusdt,binance,sell,300,363,1.1188355782099901,15.708046105674336
train,2025-12-21,ethusdt,bybit,buy,-300,314,-29.48277053237514,19.44677681467412
train,2025-12-21,ethusdt,bybit,sell,-300,329,38.85223359591063,24.713855866178246
train,2025-12-21,ethusdt,bybit,buy,-120,314,-21.635885058721534,15.309875797775277
train,2025-12-21,ethusdt,bybit,sell,-120,329,30.752755261047586,21.671605623985894
train,2025-12-21,ethusdt,bybit,buy,-60,314,-17.733448596691336,12.920996038471317
train,2025-12-21,ethusdt,bybit,sell,-60,329,27.72796819775544,19.559733383132638
train,2025-12-21,ethusdt,bybit,buy,-30,314,-14.760919871593398,11.241090261560483
train,2025-12-21,ethusdt,bybit,sell,-30,329,25.09652284230531,16.557342560874552
train,2025-12-21,ethusdt,bybit,buy,-10,314,-9.42366016860537,7.611793253595861
train,2025-12-21,ethusdt,bybit,sell,-10,329,17.93910850315973,12.594374606961173
train,2025-12-21,ethusdt,bybit,buy,-5,314,-7.769656980360522,6.479082770999317
train,2025-12-21,ethusdt,bybit,sell,-5,329,14.01191703806555,11.057343617790766
train,2025-12-21,ethusdt,bybit,buy,-1,314,-1.6473326631325063,3.299088180789822
train,2025-12-21,ethusdt,bybit,sell,-1,329,2.6647243608630746,4.156756746105962
train,2025-12-21,ethusdt,bybit,buy,0,314,0.0,0.0
train,2025-12-21,ethusdt,bybit,sell,0,329,0.0,0.0
train,2025-12-21,ethusdt,bybit,buy,1,314,-0.10057468485868487,2.620444668261269
train,2025-12-21,ethusdt,bybit,sell,1,329,-0.10931933319858315,3.6402027682587708
train,2025-12-21,ethusdt,bybit,buy,5,314,-0.8383532074185125,5.398023260804671
train,2025-12-21,ethusdt,bybit,sell,5,329,2.1416304297284556,8.54805545123774
train,2025-12-21,ethusdt,bybit,buy,10,314,-0.31940104928363544,7.2422878190181335
train,2025-12-21,ethusdt,bybit,sell,10,329,2.823125025250783,9.528233192810225
train,2025-12-21,ethusdt,bybit,buy,30,314,-0.37925408820226525,9.03925597219572
train,2025-12-21,ethusdt,bybit,sell,30,329,6.954122122850982,15.941374282660448
train,2025-12-21,ethusdt,bybit,buy,60,314,-1.2647210355260097,12.306278065954999
train,2025-12-21,ethusdt,bybit,sell,60,329,5.62336802092625,15.520198535087067
train,2025-12-21,ethusdt,bybit,buy,120,314,-4.068128846658517,13.526987842743237
train,2025-12-21,ethusdt,bybit,sell,120,329,5.243104273336398,12.072147146609517
train,2025-12-21,ethusdt,bybit,buy,300,314,-10.938013456331696,19.312263829333656
train,2025-12-21,ethusdt,bybit,sell,300,329,9.37608617162334,15.050537123932635
train,2025-12-22,ethusdt,binance,buy,-300,570,-31.129350043257126,31.779762148676443
train,2025-12-22,ethusdt,binance,sell,-300,568,30.209686943855278,28.713216344125712
train,2025-12-22,ethusdt,binance,buy,-120,570,-23.061373891379986,23.92603487030497
train,2025-12-22,ethusdt,binance,sell,-120,570,24.81262062067029,19.862647255292277
train,2025-12-22,ethusdt,binance,buy,-60,570,-18.424401726440507,18.781432648295038
train,2025-12-22,ethusdt,binance,sell,-60,570,19.731584471746494,16.663650731273865
train,2025-12-22,ethusdt,binance,buy,-30,571,-14.795759657457062,15.18284383328441
train,2025-12-22,ethusdt,binance,sell,-30,570,14.215185888022607,13.02266712454051
train,2025-12-22,ethusdt,binance,buy,-10,572,-8.245295477510913,9.228159437311433
train,2025-12-22,ethusdt,binance,sell,-10,570,8.195936134584416,8.165630203343795
train,2025-12-22,ethusdt,binance,buy,-5,572,-5.553882420589085,6.580932392788251
train,2025-12-22,ethusdt,binance,sell,-5,570,5.423838141641246,6.494983614937495
train,2025-12-22,ethusdt,binance,buy,-1,572,-0.5764001557235848,3.3835572878593188
train,2025-12-22,ethusdt,binance,sell,-1,570,0.3627846961762649,2.6156325409619265
train,2025-12-22,ethusdt,binance,buy,0,572,0.0,0.0
train,2025-12-22,ethusdt,binance,sell,0,570,0.0,0.0
train,2025-12-22,ethusdt,binance,buy,1,572,0.17294515255670873,3.228725637516616
train,2025-12-22,ethusdt,binance,sell,1,570,-0.11527996538166796,2.7757843874571546
train,2025-12-22,ethusdt,binance,buy,5,572,0.29261105625044787,6.190284408931388
train,2025-12-22,ethusdt,binance,sell,5,570,0.0025498546084422283,5.927551340582201
train,2025-12-22,ethusdt,binance,buy,10,572,0.5808062403608203,8.79460788845579
train,2025-12-22,ethusdt,binance,sell,10,568,0.13153911644317579,7.135482838060596
train,2025-12-22,ethusdt,binance,buy,30,572,-0.7172961357309345,13.850767342563072
train,2025-12-22,ethusdt,binance,sell,30,559,0.49342551744889374,12.12494423839909
train,2025-12-22,ethusdt,binance,buy,60,572,-0.5879742406868234,19.299672016567143
train,2025-12-22,ethusdt,binance,sell,60,552,1.5000099552546353,12.46183906943757
train,2025-12-22,ethusdt,binance,buy,120,572,-1.1015101771440912,23.32897938087692
train,2025-12-22,ethusdt,binance,sell,120,551,2.4677918906009233,17.25886603271856
train,2025-12-22,ethusdt,binance,buy,300,572,-6.955589652412259,32.98844527081491
train,2025-12-22,ethusdt,binance,sell,300,535,3.0907063688653773,22.930769303339464
train,2025-12-22,ethusdt,bybit,buy,-300,709,-71.49801531675654,40.09950025279123
train,2025-12-22,ethusdt,bybit,sell,-300,608,50.751955612788585,33.17288594896762
train,2025-12-22,ethusdt,bybit,buy,-120,709,-53.436022152418126,34.79365727945792
train,2025-12-22,ethusdt,bybit,sell,-120,608,43.04542836064556,26.909931632566966
train,2025-12-22,ethusdt,bybit,buy,-60,709,-45.11800846018776,29.00627022033579
train,2025-12-22,ethusdt,bybit,sell,-60,608,37.73234437013227,27.219036574393556
train,2025-12-22,ethusdt,bybit,buy,-30,709,-38.079039702890036,24.363252243140348
train,2025-12-22,ethusdt,bybit,sell,-30,608,29.0285426258301,22.260161416198567
train,2025-12-22,ethusdt,bybit,buy,-10,709,-24.106000764239862,14.767242702171261
train,2025-12-22,ethusdt,bybit,sell,-10,608,19.30486854542129,14.35314014620502
train,2025-12-22,ethusdt,bybit,buy,-5,709,-16.248475438211273,10.30357552671803
train,2025-12-22,ethusdt,bybit,sell,-5,608,15.342812017866146,13.037023873986536
train,2025-12-22,ethusdt,bybit,buy,-1,709,-3.4501128497759326,6.956712381444909
train,2025-12-22,ethusdt,bybit,sell,-1,608,2.3697130501230816,6.846379023436314
train,2025-12-22,ethusdt,bybit,buy,0,709,0.0,0.0
train,2025-12-22,ethusdt,bybit,sell,0,608,0.0,0.0
train,2025-12-22,ethusdt,bybit,buy,1,709,-0.08933487119511631,5.8023854864442965
train,2025-12-22,ethusdt,bybit,sell,1,608,-0.47318661133445816,6.117898875342154
train,2025-12-22,ethusdt,bybit,buy,5,709,1.0421920976510355,9.457622219885225
train,2025-12-22,ethusdt,bybit,sell,5,608,0.42990872872359537,7.992804813672077
train,2025-12-22,ethusdt,bybit,buy,10,709,5.57543821475641,17.167303131656634
train,2025-12-22,ethusdt,bybit,sell,10,567,0.5014867844280663,7.813868246887384
train,2025-12-22,ethusdt,bybit,buy,30,709,-1.373906466669505,25.827587230149707
train,2025-12-22,ethusdt,bybit,sell,30,544,2.5577354134359545,13.131379929320648
train,2025-12-22,ethusdt,bybit,buy,60,709,3.7963659347856837,37.47688735290822
train,2025-12-22,ethusdt,bybit,sell,60,533,4.46325074068334,11.964396019038922
train,2025-12-22,ethusdt,bybit,buy,120,709,4.628828041069971,40.695981798098074
train,2025-12-22,ethusdt,bybit,sell,120,533,6.574223013386259,15.842168057917457
train,2025-12-22,ethusdt,bybit,buy,300,709,-26.987335969307164,43.664440708963404
train,2025-12-22,ethusdt,bybit,sell,300,518,4.2217016208357725,22.3476886953738
train,2025-12-23,ethusdt,binance,buy,-300,406,-25.131063767727404,24.292581633995432
train,2025-12-23,ethusdt,binance,sell,-300,651,29.78160041636047,21.62698862517212
train,2025-12-23,ethusdt,binance,buy,-120,406,-21.646858943373203,19.548514363810042
train,2025-12-23,ethusdt,binance,sell,-120,651,23.618635216662774,19.29719086708201
train,2025-12-23,ethusdt,binance,buy,-60,406,-15.566423605691712,13.115399705032363
train,2025-12-23,ethusdt,binance,sell,-60,651,18.165419559607084,15.220338089806656
train,2025-12-23,ethusdt,binance,buy,-30,406,-12.289548653488696,10.101991813810818
train,2025-12-23,ethusdt,binance,sell,-30,651,13.217496763338922,12.306183283496946
train,2025-12-23,ethusdt,binance,buy,-10,406,-7.455979610175633,6.72926468866371
train,2025-12-23,ethusdt,binance,sell,-10,651,7.144870632173303,7.305312998353989
train,2025-12-23,ethusdt,binance,buy,-5,406,-5.231639275197084,5.400075614208417
train,2025-12-23,ethusdt,binance,sell,-5,651,4.64285707287901,5.795755743747325
train,2025-12-23,ethusdt,binance,buy,-1,406,-0.420320692219892,2.278190642887322
train,2025-12-23,ethusdt,binance,sell,-1,651,0.37569479315003107,2.787851120409057
train,2025-12-23,ethusdt,binance,buy,0,406,0.0,0.0
train,2025-12-23,ethusdt,binance,sell,0,651,0.0,0.0
train,2025-12-23,ethusdt,binance,buy,1,406,0.05088837526579349,2.5226767803510337
train,2025-12-23,ethusdt,binance,sell,1,651,-0.06444728951119529,2.861753364765606
train,2025-12-23,ethusdt,binance,buy,5,406,-0.19011793223959686,4.617847866946209
train,2025-12-23,ethusdt,binance,sell,5,651,-0.07548692735772715,5.7947023073876425
train,2025-12-23,ethusdt,binance,buy,10,406,-0.09617995692441972,6.36547281522828
train,2025-12-23,ethusdt,binance,sell,10,651,-0.3054798902528812,7.609878666544134
train,2025-12-23,ethusdt,binance,buy,30,406,-0.6156433279920116,8.918413392706828
train,2025-12-23,ethusdt,binance,sell,30,651,-0.2828746946841617,12.569886490414731
train,2025-12-23,ethusdt,binance,buy,60,406,-0.41915519582752075,13.731763349845597
train,2025-12-23,ethusdt,binance,sell,60,651,-0.04897441787325509,14.838258346038078
train,2025-12-23,ethusdt,binance,buy,120,406,-3.5877012870454053,17.382211808005444
train,2025-12-23,ethusdt,binance,sell,120,651,0.17487363859566227,18.28880719661253
train,2025-12-23,ethusdt,binance,buy,300,406,-3.928417903569138,21.720819641058007
train,2025-12-23,ethusdt,binance,sell,300,651,2.4494884853795496,22.94479763990869
train,2025-12-23,ethusdt,bybit,buy,-300,244,-47.38921546901568,24.246669733728513
train,2025-12-23,ethusdt,bybit,sell,-300,972,53.10903725102938,21.306350446017557
train,2025-12-23,ethusdt,bybit,buy,-120,244,-41.107834870673194,20.43221214279401
train,2025-12-23,ethusdt,bybit,sell,-120,972,48.10095441254796,26.524071361611508
train,2025-12-23,ethusdt,bybit,buy,-60,244,-27.092824962144366,15.420009400016824
train,2025-12-23,ethusdt,bybit,sell,-60,972,38.902435897900986,22.572884906239548
train,2025-12-23,ethusdt,bybit,buy,-30,244,-21.974441378992722,13.062523506473104
train,2025-12-23,ethusdt,bybit,sell,-30,972,30.108166571587137,20.049093681831877
train,2025-12-23,ethusdt,bybit,buy,-10,244,-15.896310478137837,12.071043179526189
train,2025-12-23,ethusdt,bybit,sell,-10,972,19.733703867022413,13.134952819577808
train,2025-12-23,ethusdt,bybit,buy,-5,244,-11.85458906529315,10.431305450909264
train,2025-12-23,ethusdt,bybit,sell,-5,972,16.936384269776337,13.413465960093856
train,2025-12-23,ethusdt,bybit,buy,-1,244,-1.8687285039322166,4.008630361724014
train,2025-12-23,ethusdt,bybit,sell,-1,972,3.421575481458738,6.684825598015813
train,2025-12-23,ethusdt,bybit,buy,0,244,0.0,0.0
train,2025-12-23,ethusdt,bybit,sell,0,972,0.0,0.0
train,2025-12-23,ethusdt,bybit,buy,1,244,0.9542246060477092,4.6695254811012195
train,2025-12-23,ethusdt,bybit,sell,1,972,0.20546233082527127,5.116143772109586
train,2025-12-23,ethusdt,bybit,buy,5,244,0.9013401900975166,8.609562281567285
train,2025-12-23,ethusdt,bybit,sell,5,972,2.553422239046899,8.433680927885185
train,2025-12-23,ethusdt,bybit,buy,10,244,0.28040516309343344,8.88977816465712
train,2025-12-23,ethusdt,bybit,sell,10,972,-0.9733976209300199,11.760966753690866
train,2025-12-23,ethusdt,bybit,buy,30,244,-0.19427881756655813,11.538190283158809
train,2025-12-23,ethusdt,bybit,sell,30,972,-0.8527741145885347,18.5870694124179
train,2025-12-23,ethusdt,bybit,buy,60,244,5.398364750933395,17.473010332750157
train,2025-12-23,ethusdt,bybit,sell,60,972,0.014781763493689492,18.955222378043345
train,2025-12-23,ethusdt,bybit,buy,120,244,-0.5496068671321929,19.006620103976726
train,2025-12-23,ethusdt,bybit,sell,120,972,1.4012422271546026,21.09268155063727
train,2025-12-23,ethusdt,bybit,buy,300,244,3.034340061459235,23.05064595049064
train,2025-12-23,ethusdt,bybit,sell,300,972,11.550943792159575,26.497163573297666
train,2025-12-24,ethusdt,binance,buy,-300,296,-20.74277154382602,23.783626329813494
train,2025-12-24,ethusdt,binance,sell,-300,469,24.53196664801022,26.857161327699124
train,2025-12-24,ethusdt,binance,buy,-120,296,-17.151625839222458,17.275618061823696
train,2025-12-24,ethusdt,binance,sell,-120,469,16.66986068903024,15.639576563575657
train,2025-12-24,ethusdt,binance,buy,-60,296,-13.781986122594793,15.23805195061275
train,2025-12-24,ethusdt,binance,sell,-60,469,12.61649488452934,12.460939032420544
train,2025-12-24,ethusdt,binance,buy,-30,296,-11.182460194997596,13.720209605421783
train,2025-12-24,ethusdt,binance,sell,-30,469,10.126362687966504,9.92317699234753
train,2025-12-24,ethusdt,binance,buy,-10,296,-6.842949653094192,8.258507813883591
train,2025-12-24,ethusdt,binance,sell,-10,469,5.300313826317044,5.7307899782927585
train,2025-12-24,ethusdt,binance,buy,-5,296,-4.849164296037591,5.992073846232692
train,2025-12-24,ethusdt,binance,sell,-5,469,3.407679287743568,4.609320542995383
train,2025-12-24,ethusdt,binance,buy,-1,296,-0.5499934886287537,2.044654330503652
train,2025-12-24,ethusdt,binance,sell,-1,469,0.15001103977572072,1.9370130718701137
train,2025-12-24,ethusdt,binance,buy,0,296,0.0,0.0
train,2025-12-24,ethusdt,binance,sell,0,469,0.0,0.0
train,2025-12-24,ethusdt,binance,buy,1,296,0.010471320386645926,2.058543503721653
train,2025-12-24,ethusdt,binance,sell,1,469,-0.10258563372133993,2.074169774191475
train,2025-12-24,ethusdt,binance,buy,5,296,-0.03224439592520685,4.857028579966545
train,2025-12-24,ethusdt,binance,sell,5,469,0.012547379971838357,3.6852011923341905
train,2025-12-24,ethusdt,binance,buy,10,296,0.34633030336951726,6.080703099264647
train,2025-12-24,ethusdt,binance,sell,10,469,0.1549410082857044,5.070425353302779
train,2025-12-24,ethusdt,binance,buy,30,296,-0.6615164409023027,7.919707877183119
train,2025-12-24,ethusdt,binance,sell,30,469,0.8809870012192056,7.567728526016102
train,2025-12-24,ethusdt,binance,buy,60,296,-1.0533887318084427,9.77153384288354
train,2025-12-24,ethusdt,binance,sell,60,469,0.6512275311228155,8.847981447440644
train,2025-12-24,ethusdt,binance,buy,120,296,-1.2679522715258067,11.877305723694464
train,2025-12-24,ethusdt,binance,sell,120,469,0.08104657775251357,16.761921733109446
train,2025-12-24,ethusdt,binance,buy,300,296,-5.228890556011562,14.718946615766114
train,2025-12-24,ethusdt,binance,sell,300,469,4.4719018145665865,27.775261785815772
train,2025-12-24,ethusdt,bybit,buy,-300,193,-37.28233683229391,33.57696402897698
train,2025-12-24,ethusdt,bybit,sell,-300,478,64.69803890442749,43.89793957592834
train,2025-12-24,ethusdt,bybit,buy,-120,193,-30.82967815395968,24.063267309998768
train,2025-12-24,ethusdt,bybit,sell,-120,478,38.04628448029293,26.613683306307063
train,2025-12-24,ethusdt,bybit,buy,-60,193,-27.067719152097858,22.76606716637298
train,2025-12-24,ethusdt,bybit,sell,-60,478,26.86328704473321,17.94275668162371
train,2025-12-24,ethusdt,bybit,buy,-30,193,-24.751754810553663,23.946147654388522
train,2025-12-24,ethusdt,bybit,sell,-30,478,24.833519373233475,17.249720450810777
train,2025-12-24,ethusdt,bybit,buy,-10,193,-13.417660686088247,11.351963607955485
train,2025-12-24,ethusdt,bybit,sell,-10,478,14.358481345740483,10.027589010843275
train,2025-12-24,ethusdt,bybit,buy,-5,193,-8.954157290905897,8.027785153571488
train,2025-12-24,ethusdt,bybit,sell,-5,478,12.726934280610001,10.062375224117831
train,2025-12-24,ethusdt,bybit,buy,-1,193,-1.6447351583571488,3.6731616250638797
train,2025-12-24,ethusdt,bybit,sell,-1,478,1.4971558578543118,4.52658250245921
train,2025-12-24,ethusdt,bybit,buy,0,193,0.0,0.0
train,2025-12-24,ethusdt,bybit,sell,0,478,0.0,0.0
train,2025-12-24,ethusdt,bybit,buy,1,193,0.016868514739572047,3.003988106502939
train,2025-12-24,ethusdt,bybit,sell,1,478,0.8970777835896727,3.5208723766845758
train,2025-12-24,ethusdt,bybit,buy,5,193,-0.4264950733480978,5.969478682442234
train,2025-12-24,ethusdt,bybit,sell,5,478,1.0203129780075602,4.722726208137559
train,2025-12-24,ethusdt,bybit,buy,10,193,-0.16141408404532792,6.731890670810445
train,2025-12-24,ethusdt,bybit,sell,10,478,1.53630871630146,7.622603490728114
train,2025-12-24,ethusdt,bybit,buy,30,193,-3.0776586555501844,7.510376451030538
train,2025-12-24,ethusdt,bybit,sell,30,478,0.8439885489465935,9.253466932363354
train,2025-12-24,ethusdt,bybit,buy,60,193,-5.437089866394444,9.17296661180782
train,2025-12-24,ethusdt,bybit,sell,60,478,-0.25943686095024876,11.170973651297757
train,2025-12-24,ethusdt,bybit,buy,120,193,-6.149291278408994,11.537215157595423
train,2025-12-24,ethusdt,bybit,sell,120,478,0.1726912930110699,29.54040512287729
train,2025-12-24,ethusdt,bybit,buy,300,193,-12.7355402206094,11.577496758174643
train,2025-12-24,ethusdt,bybit,sell,300,478,28.4056890388994,48.850868436961896
train,2025-12-25,ethusdt,binance,buy,-300,226,-16.8728968129732,19.13232980827815
train,2025-12-25,ethusdt,binance,sell,-300,411,23.947042359283234,19.942147695293087
train,2025-12-25,ethusdt,binance,buy,-120,226,-13.803914414326751,15.746871448027152
train,2025-12-25,ethusdt,binance,sell,-120,411,14.474840133846639,12.14407280394162
train,2025-12-25,ethusdt,binance,buy,-60,226,-11.212693393472996,13.48433499969215
train,2025-12-25,ethusdt,binance,sell,-60,411,12.045300807775714,11.301078415834379
train,2025-12-25,ethusdt,binance,buy,-30,226,-8.578526336306384,11.202295693092724
train,2025-12-25,ethusdt,binance,sell,-30,411,9.764746393307346,9.801671634143508
train,2025-12-25,ethusdt,binance,buy,-10,226,-5.166240294255251,6.994797908234386
train,2025-12-25,ethusdt,binance,sell,-10,411,6.253400025377702,7.5921920282688715
train,2025-12-25,ethusdt,binance,buy,-5,226,-3.8695111395810287,5.836056393144697
train,2025-12-25,ethusdt,binance,sell,-5,411,3.9075799465024263,5.4818315421931
train,2025-12-25,ethusdt,binance,buy,-1,226,-0.42854773321450773,2.192494217825086
train,2025-12-25,ethusdt,binance,sell,-1,411,0.42741235340732964,2.398296780349258
train,2025-12-25,ethusdt,binance,buy,0,226,0.0,0.0
train,2025-12-25,ethusdt,binance,sell,0,411,0.0,0.0
train,2025-12-25,ethusdt,binance,buy,1,226,-0.006163699592166519,1.6901829435413496
train,2025-12-25,ethusdt,binance,sell,1,411,-0.24112234967077897,2.079424835586728
train,2025-12-25,ethusdt,binance,buy,5,226,-0.2560516688861295,3.4513775803797992
train,2025-12-25,ethusdt,binance,sell,5,411,-0.15849881980610991,4.8854251016323715
train,2025-12-25,ethusdt,binance,buy,10,226,-0.30468436132642207,4.271845866168487
train,2025-12-25,ethusdt,binance,sell,10,411,0.24129713631845182,6.6523728254370775
train,2025-12-25,ethusdt,binance,buy,30,226,-0.29494976747234264,6.662054229021683
train,2025-12-25,ethusdt,binance,sell,30,411,2.1078697319885653,7.843277870605219
train,2025-12-25,ethusdt,binance,buy,60,226,0.1712847763482021,10.3829460676426
train,2025-12-25,ethusdt,binance,sell,60,411,0.736970328381088,9.125091936280572
train,2025-12-25,ethusdt,binance,buy,120,226,-1.8876430593622202,8.771820237514058
train,2025-12-25,ethusdt,binance,sell,120,411,-0.10307617314934568,12.22227642460556
train,2025-12-25,ethusdt,binance,buy,300,226,-1.9544069962877901,12.813546515116482
train,2025-12-25,ethusdt,binance,sell,300,411,-3.4731137034975155,18.92188461694938
train,2025-12-25,ethusdt,bybit,buy,-300,127,-34.76602815820358,16.839528717491074
train,2025-12-25,ethusdt,bybit,sell,-300,419,42.615423690680444,18.259200593041776
train,2025-12-25,ethusdt,bybit,buy,-120,127,-30.19197597803546,16.681891133291888
train,2025-12-25,ethusdt,bybit,sell,-120,419,26.377645183971296,12.320645466984473
train,2025-12-25,ethusdt,bybit,buy,-60,127,-26.82137233553965,15.231641660920348
train,2025-12-25,ethusdt,bybit,sell,-60,419,23.644700695960363,13.079169831343101
train,2025-12-25,ethusdt,bybit,buy,-30,127,-21.970387431210757,14.101389616520642
train,2025-12-25,ethusdt,bybit,sell,-30,419,20.398231946324692,11.805155208604306
train,2025-12-25,ethusdt,bybit,buy,-10,127,-13.955623318179011,9.031154173764126
train,2025-12-25,ethusdt,bybit,sell,-10,419,16.52594420509738,11.154978278730908
train,2025-12-25,ethusdt,bybit,buy,-5,127,-12.58105822524654,7.485382575640794
train,2025-12-25,ethusdt,bybit,sell,-5,419,11.482253076623463,8.308798527349406
train,2025-12-25,ethusdt,bybit,buy,-1,127,-1.447825117777985,4.562822799480826
train,2025-12-25,ethusdt,bybit,sell,-1,419,1.8738775989257879,4.979093088620055
train,2025-12-25,ethusdt,bybit,buy,0,127,0.0,0.0
train,2025-12-25,ethusdt,bybit,sell,0,419,0.0,0.0
train,2025-12-25,ethusdt,bybit,buy,1,127,0.25757549448565564,3.376343662511044
train,2025-12-25,ethusdt,bybit,sell,1,419,-0.49039962198775655,4.436426451628045
train,2025-12-25,ethusdt,bybit,buy,5,127,-0.28787979955521154,6.381636781257437
train,2025-12-25,ethusdt,bybit,sell,5,419,0.0783239905378768,9.119333132694784
train,2025-12-25,ethusdt,bybit,buy,10,127,0.8926048247714098,6.3919963029213855
train,2025-12-25,ethusdt,bybit,sell,10,419,1.294652069894608,9.957449896331156
train,2025-12-25,ethusdt,bybit,buy,30,127,-0.8718297104811374,8.555673701316215
train,2025-12-25,ethusdt,bybit,sell,30,419,6.402564682027743,10.505433737679644
train,2025-12-25,ethusdt,bybit,buy,60,127,-3.6464208639806714,10.887197200706447
train,2025-12-25,ethusdt,bybit,sell,60,419,1.042631182175574,9.665998330717462
train,2025-12-25,ethusdt,bybit,buy,120,127,-3.6515469620671603,10.709941941792275
train,2025-12-25,ethusdt,bybit,sell,120,419,-0.6015615797045858,14.008710253708221
train,2025-12-25,ethusdt,bybit,buy,300,127,-4.7245828195324275,17.711426217012054
train,2025-12-25,ethusdt,bybit,sell,300,419,-2.0651630699116814,22.719172236037373
train,2025-12-26,ethusdt,binance,buy,-300,415,-28.5950873174642,38.674983041119134
train,2025-12-26,ethusdt,binance,sell,-300,475,29.840731339259747,28.87391128073116
train,2025-12-26,ethusdt,binance,buy,-120,415,-23.83379145586792,23.860665242477246
train,2025-12-26,ethusdt,binance,sell,-120,475,24.331203993074567,22.414802099624694
train,2025-12-26,ethusdt,binance,buy,-60,415,-16.701439335310123,15.242712796029418
train,2025-12-26,ethusdt,binance,sell,-60,475,17.209973000933108,14.68204624471106
train,2025-12-26,ethusdt,binance,buy,-30,415,-13.129424618504007,12.904134814029508
train,2025-12-26,ethusdt,binance,sell,-30,475,13.47308160808532,12.45064144493832
train,2025-12-26,ethusdt,binance,buy,-10,415,-7.828276737746183,8.018829928537484
train,2025-12-26,ethusdt,binance,sell,-10,475,6.792868900973209,6.943583386435953
train,2025-12-26,ethusdt,binance,buy,-5,415,-5.105971150268498,5.544600958317057
train,2025-12-26,ethusdt,binance,sell,-5,475,3.7243201256666336,4.441374342686482
train,2025-12-26,ethusdt,binance,buy,-1,415,-0.5084980001741712,2.411495547834161
train,2025-12-26,ethusdt,binance,sell,-1,475,0.16411650715788872,2.2339976534486183
train,2025-12-26,ethusdt,binance,buy,0,415,0.0,0.0
train,2025-12-26,ethusdt,binance,sell,0,475,0.0,0.0
train,2025-12-26,ethusdt,binance,buy,1,415,-0.04599355119045139,2.4047825989622744
train,2025-12-26,ethusdt,binance,sell,1,475,-0.16615825833338518,2.1773017476068333
train,2025-12-26,ethusdt,binance,buy,5,415,0.06636087627155517,5.258806704695532
train,2025-12-26,ethusdt,binance,sell,5,475,-0.5556375065677432,4.219286878079507
train,2025-12-26,ethusdt,binance,buy,10,415,-0.07394608401054116,7.238314217942682
train,2025-12-26,ethusdt,binance,sell,10,475,-0.7694582827156358,6.234843637064789
train,2025-12-26,ethusdt,binance,buy,30,415,0.769999967854068,12.756486087078706
train,2025-12-26,ethusdt,binance,sell,30,475,-0.09509426567459993,9.789322346580677
train,2025-12-26,ethusdt,binance,buy,60,415,2.7206182335437523,16.15660649563359
train,2025-12-26,ethusdt,binance,sell,60,475,-0.6625130282921191,12.963077190329873
train,2025-12-26,ethusdt,binance,buy,120,415,5.357993012763172,25.046540671037846
train,2025-12-26,ethusdt,binance,sell,120,475,0.3393984398027928,19.543916132772637
train,2025-12-26,ethusdt,binance,buy,300,415,6.792463252848389,33.97825486804611
train,2025-12-26,ethusdt,binance,sell,300,475,-4.247880016874702,25.262964247994965
train,2025-12-26,ethusdt,bybit,buy,-300,270,-61.90108727508761,51.598797497058555
train,2025-12-26,ethusdt,bybit,sell,-300,383,51.17228077526834,30.37370716974262
train,2025-12-26,ethusdt,bybit,buy,-120,270,-45.86534537990118,33.53774096560725
train,2025-12-26,ethusdt,bybit,sell,-120,383,41.4755639773967,25.405886262280198
train,2025-12-26,ethusdt,bybit,buy,-60,270,-29.6445360080292,22.992622379538574
train,2025-12-26,ethusdt,bybit,sell,-60,383,28.00416653705694,14.857779623773457
train,2025-12-26,ethusdt,bybit,buy,-30,270,-24.602592806963447,19.300369925824416
train,2025-12-26,ethusdt,bybit,sell,-30,383,23.540691556203388,15.059030902308834
train,2025-12-26,ethusdt,bybit,buy,-10,270,-15.316118033286442,11.817495422699482
train,2025-12-26,ethusdt,bybit,sell,-10,383,13.947388723208167,10.690364805786915
train,2025-12-26,ethusdt,bybit,buy,-5,270,-9.877473501968188,7.748906159567951
train,2025-12-26,ethusdt,bybit,sell,-5,383,8.619715806337975,7.550528023332879
train,2025-12-26,ethusdt,bybit,buy,-1,270,-1.0128771222244015,4.767573790328446
train,2025-12-26,ethusdt,bybit,sell,-1,383,0.7561383039766026,3.5183466053093015
train,2025-12-26,ethusdt,bybit,buy,0,270,0.0,0.0
train,2025-12-26,ethusdt,bybit,sell,0,383,0.0,0.0
train,2025-12-26,ethusdt,bybit,buy,1,270,-0.3439103112391827,4.392760064257281
train,2025-12-26,ethusdt,bybit,sell,1,383,0.4508365907369496,3.3448167524492245
train,2025-12-26,ethusdt,bybit,buy,5,270,-0.6840341568699037,9.390290422365354
train,2025-12-26,ethusdt,bybit,sell,5,383,-1.0917127091533256,6.0707779732953275
train,2025-12-26,ethusdt,bybit,buy,10,270,-1.4589403504886747,10.852554488868831
train,2025-12-26,ethusdt,bybit,sell,10,383,-2.4245859608683142,8.274356124933586
train,2025-12-26,ethusdt,bybit,buy,30,270,-1.3145369801408422,15.379011730001325
train,2025-12-26,ethusdt,bybit,sell,30,383,-1.1588866034112353,12.330810965024927
train,2025-12-26,ethusdt,bybit,buy,60,270,3.0555747934574087,20.902211144871742
train,2025-12-26,ethusdt,bybit,sell,60,383,-4.726015471396488,14.9837944362158
train,2025-12-26,ethusdt,bybit,buy,120,270,5.272836199435068,32.07906276946433
train,2025-12-26,ethusdt,bybit,sell,120,383,-4.326886262543189,26.292771402354433
train,2025-12-26,ethusdt,bybit,buy,300,270,13.579767087141654,36.40201194322399
train,2025-12-26,ethusdt,bybit,sell,300,383,-10.634462843991193,32.69415256307664
train,2025-12-27,ethusdt,binance,buy,-300,159,-16.82508609953662,21.623460560586228
train,2025-12-27,ethusdt,binance,sell,-300,131,7.2930050005911955,12.707907753321871
train,2025-12-27,ethusdt,binance,buy,-120,159,-14.37073527219051,20.229982278541968
train,2025-12-27,ethusdt,binance,sell,-120,131,6.93202742934551,10.161062707754704
train,2025-12-27,ethusdt,binance,buy,-60,159,-12.00203225596275,17.94041804785114
train,2025-12-27,ethusdt,binance,sell,-60,131,5.46378145578005,7.342758799401662
train,2025-12-27,ethusdt,binance,buy,-30,159,-10.329425429252625,16.27153794185509
train,2025-12-27,ethusdt,binance,sell,-30,131,4.887029909188983,6.714833113088011
train,2025-12-27,ethusdt,binance,buy,-10,159,-5.55488921504566,9.265927138316176
train,2025-12-27,ethusdt,binance,sell,-10,131,3.211563147874399,4.870995931094563
train,2025-12-27,ethusdt,binance,buy,-5,159,-3.3618378185738496,6.464167246686406
train,2025-12-27,ethusdt,binance,sell,-5,131,1.9404518612361987,3.7781332567958295
train,2025-12-27,ethusdt,binance,buy,-1,159,-0.42735929959306657,2.34981581421091
train,2025-12-27,ethusdt,binance,sell,-1,131,0.26540754079479784,1.242956910587271
train,2025-12-27,ethusdt,binance,buy,0,159,0.0,0.0
train,2025-12-27,ethusdt,binance,sell,0,131,0.0,0.0
train,2025-12-27,ethusdt,binance,buy,1,159,0.23732357719145306,2.085918240825657
train,2025-12-27,ethusdt,binance,sell,1,131,0.024854273177991895,0.866657422535673
train,2025-12-27,ethusdt,binance,buy,5,159,0.8897395079253095,5.241657725610191
train,2025-12-27,ethusdt,binance,sell,5,131,0.13951364209591802,1.7918539681750536
train,2025-12-27,ethusdt,binance,buy,10,159,0.672812954779791,6.715443858070362
train,2025-12-27,ethusdt,binance,sell,10,131,0.39101691782460507,3.0033532603178457
train,2025-12-27,ethusdt,binance,buy,30,159,-0.25948928946408606,7.331203424166856
train,2025-12-27,ethusdt,binance,sell,30,131,1.1069004498921111,4.560776247020471
train,2025-12-27,ethusdt,binance,buy,60,159,0.2353711722065953,9.964216375859138
train,2025-12-27,ethusdt,binance,sell,60,131,1.637373831139312,5.829155975928005
train,2025-12-27,ethusdt,binance,buy,120,159,-1.4228767729534695,12.62112498483116
train,2025-12-27,ethusdt,binance,sell,120,131,1.279625073310904,7.146169000287936
train,2025-12-27,ethusdt,binance,buy,300,159,-5.819031095849856,10.946924832762045
train,2025-12-27,ethusdt,binance,sell,300,131,-0.9433012772976933,9.523247324122043
train,2025-12-27,ethusdt,bybit,buy,-300,101,-47.351681509529676,19.27493856585927
train,2025-12-27,ethusdt,bybit,sell,-300,39,19.76206254072784,16.69880885993909
train,2025-12-27,ethusdt,bybit,buy,-120,101,-43.668839634930414,18.666890805966077
train,2025-12-27,ethusdt,bybit,sell,-120,39,17.868831069745664,15.281042971442467
train,2025-12-27,ethusdt,bybit,buy,-60,101,-38.835897522217124,18.73081308716884
train,2025-12-27,ethusdt,bybit,sell,-60,39,12.460242390330171,9.710027071745664
train,2025-12-27,ethusdt,bybit,buy,-30,101,-32.18037487158719,19.442606069656595
train,2025-12-27,ethusdt,bybit,sell,-30,39,11.225585565306647,8.992378551303974
train,2025-12-27,ethusdt,bybit,buy,-10,101,-20.85502016262471,8.848732583637156
train,2025-12-27,ethusdt,bybit,sell,-10,39,8.056157288480312,6.97043757871449
train,2025-12-27,ethusdt,bybit,buy,-5,101,-17.18158881419597,9.910213467699675
train,2025-12-27,ethusdt,bybit,sell,-5,39,4.409348806353553,5.46665426983211
train,2025-12-27,ethusdt,bybit,buy,-1,101,-3.694706483282417,4.5755491271741064
train,2025-12-27,ethusdt,bybit,sell,-1,39,1.208193852612065,3.3204539822721806
train,2025-12-27,ethusdt,bybit,buy,0,101,0.0,0.0
train,2025-12-27,ethusdt,bybit,sell,0,39,0.0,0.0
train,2025-12-27,ethusdt,bybit,buy,1,101,0.6990296896246192,4.315576040131619
train,2025-12-27,ethusdt,bybit,sell,1,39,-0.31172187838142573,1.4895418327484158
train,2025-12-27,ethusdt,bybit,buy,5,101,3.79643237634615,5.019582782195065
train,2025-12-27,ethusdt,bybit,sell,5,39,-0.07442943433324577,2.393727208054268
train,2025-12-27,ethusdt,bybit,buy,10,101,0.48029884568805553,5.24888774829543
train,2025-12-27,ethusdt,bybit,sell,10,39,0.9301409225950342,3.182345351442736
train,2025-12-27,ethusdt,bybit,buy,30,101,-2.988188600544963,8.186832805246324
train,2025-12-27,ethusdt,bybit,sell,30,39,3.9352012836156507,5.05114139879434
train,2025-12-27,ethusdt,bybit,buy,60,101,4.469874999647234,16.47704230075796
train,2025-12-27,ethusdt,bybit,sell,60,39,5.9805097450645945,5.60736522111386
train,2025-12-27,ethusdt,bybit,buy,120,101,-0.44121154150508457,20.206296545491394
train,2025-12-27,ethusdt,bybit,sell,120,39,5.995450108343009,5.8838900960980025
train,2025-12-27,ethusdt,bybit,buy,300,101,-15.617865283010351,12.57110563724848
train,2025-12-27,ethusdt,bybit,sell,300,39,7.3557027965130946,9.07427427535697
train,2025-12-28,ethusdt,binance,buy,-300,143,-11.948135999380174,10.516208974626531
train,2025-12-28,ethusdt,binance,sell,-300,181,12.469934385877448,16.50463167444628
train,2025-12-28,ethusdt,binance,buy,-120,143,-9.266287936493004,10.392597953597951
train,2025-12-28,ethusdt,binance,sell,-120,181,11.706304324052986,14.135658556094231
train,2025-12-28,ethusdt,binance,buy,-60,143,-7.162294269717574,8.468700106119037
train,2025-12-28,ethusdt,binance,sell,-60,181,10.132978267691634,13.272449969549934
train,2025-12-28,ethusdt,binance,buy,-30,143,-5.289126654986012,6.056216410246995
train,2025-12-28,ethusdt,binance,sell,-30,181,8.051680097906393,12.78501060622474
train,2025-12-28,ethusdt,binance,buy,-10,143,-3.3216533035625075,4.452018885404798
train,2025-12-28,ethusdt,binance,sell,-10,181,4.349265969819384,7.456573717039164
train,2025-12-28,ethusdt,binance,buy,-5,143,-2.4868552798639274,3.6405789497141954
train,2025-12-28,ethusdt,binance,sell,-5,181,2.344890086735856,4.644701009417254
train,2025-12-28,ethusdt,binance,buy,-1,143,-0.23010304788573452,1.5021246443580705
train,2025-12-28,ethusdt,binance,sell,-1,181,0.17837901704021142,1.312885299356529
train,2025-12-28,ethusdt,binance,buy,0,143,0.0,0.0
train,2025-12-28,ethusdt,binance,sell,0,181,0.0,0.0
train,2025-12-28,ethusdt,binance,buy,1,143,0.15497698183784137,1.2695567184902292
train,2025-12-28,ethusdt,binance,sell,1,181,0.0716929631679853,1.219454249961292
train,2025-12-28,ethusdt,binance,buy,5,143,-0.2145824290114062,2.4830792495235214
train,2025-12-28,ethusdt,binance,sell,5,181,-0.18476647909115237,2.940407506029951
train,2025-12-28,ethusdt,binance,buy,10,143,-0.3398069690181994,2.9981242636589265
train,2025-12-28,ethusdt,binance,sell,10,181,0.037209378435561886,3.891095156904744
train,2025-12-28,ethusdt,binance,buy,30,143,-0.6620550440340541,4.491864993316334
train,2025-12-28,ethusdt,binance,sell,30,181,1.0645305150991065,4.857909152427381
train,2025-12-28,ethusdt,binance,buy,60,143,-1.1477227536124737,6.502769700966801
train,2025-12-28,ethusdt,binance,sell,60,181,1.963884089869047,5.181679822243624
train,2025-12-28,ethusdt,binance,buy,120,143,-1.4825131726355048,8.608198134123336
train,2025-12-28,ethusdt,binance,sell,120,181,3.083702908053912,7.856630560088473
train,2025-12-28,ethusdt,binance,buy,300,143,-1.5867430115164993,9.83967498248077
train,2025-12-28,ethusdt,binance,sell,300,181,3.801722507665968,11.429634498541203
train,2025-12-28,ethusdt,bybit,buy,-300,52,-18.531093298832708,14.087550882042866
train,2025-12-28,ethusdt,bybit,sell,-300,92,32.192125027859014,19.334245700539714
train,2025-12-28,ethusdt,bybit,buy,-120,52,-17.13367913741922,13.854079062539569
train,2025-12-28,ethusdt,bybit,sell,-120,92,30.999720747519984,17.760385929095104
train,2025-12-28,ethusdt,bybit,buy,-60,52,-13.646739997387417,11.03275863024714
train,2025-12-28,ethusdt,bybit,sell,-60,92,28.77420058263928,17.304542888834263
train,2025-12-28,ethusdt,bybit,buy,-30,52,-10.626164746072861,10.834159024363771
train,2025-12-28,ethusdt,bybit,sell,-30,92,28.13856649780571,17.836800643416172
train,2025-12-28,ethusdt,bybit,buy,-10,52,-6.9884614368934495,6.151841822729571
train,2025-12-28,ethusdt,bybit,sell,-10,92,17.318785394518898,13.809211840234202
train,2025-12-28,ethusdt,bybit,buy,-5,52,-6.109150816807271,5.49192914486724
train,2025-12-28,ethusdt,bybit,sell,-5,92,10.184689742187317,10.182573018851976
train,2025-12-28,ethusdt,bybit,buy,-1,52,-0.28762926005028155,1.9637724800101202
train,2025-12-28,ethusdt,bybit,sell,-1,92,1.1893099228423023,3.363075845520033
train,2025-12-28,ethusdt,bybit,buy,0,52,0.0,0.0
train,2025-12-28,ethusdt,bybit,sell,0,92,0.0,0.0
train,2025-12-28,ethusdt,bybit,buy,1,52,-0.20614500592587504,3.0816778562896427
train,2025-12-28,ethusdt,bybit,sell,1,92,-0.5074943969425513,1.9692243535953469
train,2025-12-28,ethusdt,bybit,buy,5,52,-1.081160838202544,4.223485121192674
train,2025-12-28,ethusdt,bybit,sell,5,92,-2.034127330213256,4.943015747638215
train,2025-12-28,ethusdt,bybit,buy,10,52,-0.6359690579193009,4.331104110602929
train,2025-12-28,ethusdt,bybit,sell,10,92,-4.290501590214414,7.810422004710281
train,2025-12-28,ethusdt,bybit,buy,30,52,-3.00336016344452,6.969968407985766
train,2025-12-28,ethusdt,bybit,sell,30,92,2.198214900811392,8.360351270672552
train,2025-12-28,ethusdt,bybit,buy,60,52,-4.648371696979901,10.303759574008406
train,2025-12-28,ethusdt,bybit,sell,60,92,4.300940824384108,6.654417331642403
train,2025-12-28,ethusdt,bybit,buy,120,52,-5.311487109801989,10.144474927438143
train,2025-12-28,ethusdt,bybit,sell,120,92,7.170810534847618,7.692132290692303
train,2025-12-28,ethusdt,bybit,buy,300,52,-2.7647899774179767,9.893378432521228
train,2025-12-28,ethusdt,bybit,sell,300,92,9.170398787131715,11.95058802802163
train,2025-12-29,ethusdt,binance,buy,-300,544,-32.33452007918291,28.407090511363165
train,2025-12-29,ethusdt,binance,sell,-300,632,29.505683406278358,26.044960641360156
train,2025-12-29,ethusdt,binance,buy,-120,544,-23.58925395806826,20.571576490608567
train,2025-12-29,ethusdt,binance,sell,-120,632,20.910179789640193,17.4261927023334
train,2025-12-29,ethusdt,binance,buy,-60,544,-18.83682915031522,18.00640089667726
train,2025-12-29,ethusdt,binance,sell,-60,632,16.024121496931492,13.9768630535658
train,2025-12-29,ethusdt,binance,buy,-30,544,-14.128804669210641,14.125821696812185
train,2025-12-29,ethusdt,binance,sell,-30,632,12.16958502901398,10.987346898292172
train,2025-12-29,ethusdt,binance,buy,-10,544,-8.478199010158255,9.712350712104072
train,2025-12-29,ethusdt,binance,sell,-10,632,6.9853313211759165,8.492951847782585
train,2025-12-29,ethusdt,binance,buy,-5,544,-5.56491077052701,6.839653256570215
train,2025-12-29,ethusdt,binance,sell,-5,632,4.330396616754461,6.13731562982227
train,2025-12-29,ethusdt,binance,buy,-1,544,-0.47244234093971427,2.5721656420826067
train,2025-12-29,ethusdt,binance,sell,-1,632,0.17272641634511263,2.4704492857153895
train,2025-12-29,ethusdt,binance,buy,0,544,0.0,0.0
train,2025-12-29,ethusdt,binance,sell,0,632,0.0,0.0
train,2025-12-29,ethusdt,binance,buy,1,544,0.0486133189075126,2.365338241553639
train,2025-12-29,ethusdt,binance,sell,1,632,0.06910074970253417,2.6166242090675196
train,2025-12-29,ethusdt,binance,buy,5,544,0.010801749586730407,5.868687190960833
train,2025-12-29,ethusdt,binance,sell,5,632,0.293328644350258,5.858211035371226
train,2025-12-29,ethusdt,binance,buy,10,544,-0.28056870769802333,8.264007972878424
train,2025-12-29,ethusdt,binance,sell,10,632,0.5236834925692248,6.540606139017142
train,2025-12-29,ethusdt,binance,buy,30,544,-0.7821000425710019,12.576478522419922
train,2025-12-29,ethusdt,binance,sell,30,632,0.06863477227798516,9.881593667794865
train,2025-12-29,ethusdt,binance,buy,60,544,-0.4212488212044215,15.644665901703636
train,2025-12-29,ethusdt,binance,sell,60,632,0.45511327643117305,11.430796496103303
train,2025-12-29,ethusdt,binance,buy,120,544,0.32893853525347627,20.694444636753577
train,2025-12-29,ethusdt,binance,sell,120,632,-0.44450164396699127,15.510313620885212
train,2025-12-29,ethusdt,binance,buy,300,544,6.111676980618806,27.420916789899994
train,2025-12-29,ethusdt,binance,sell,300,632,-5.543801090203501,22.27867929043082
train,2025-12-29,ethusdt,bybit,buy,-300,598,-56.39894698121931,29.771587332416633
train,2025-12-29,ethusdt,bybit,sell,-300,629,49.6523687326655,22.74438066440373
train,2025-12-29,ethusdt,bybit,buy,-120,598,-44.5333152457845,23.511452911723353
train,2025-12-29,ethusdt,bybit,sell,-120,629,37.60568482274392,17.343652960993637
train,2025-12-29,ethusdt,bybit,buy,-60,598,-38.26519413710592,23.600871743409492
train,2025-12-29,ethusdt,bybit,sell,-60,629,30.150059340388527,16.725768284254872
train,2025-12-29,ethusdt,bybit,buy,-30,598,-31.427142429480757,18.809907910614427
train,2025-12-29,ethusdt,bybit,sell,-30,629,23.75570667866132,16.45773755187575
train,2025-12-29,ethusdt,bybit,buy,-10,598,-21.17261699523553,12.837956685401055
train,2025-12-29,ethusdt,bybit,sell,-10,629,17.973628847167113,14.785327031376449
train,2025-12-29,ethusdt,bybit,buy,-5,598,-15.802273536079404,10.339841897878987
train,2025-12-29,ethusdt,bybit,sell,-5,629,12.906665431193842,10.386433171156758
train,2025-12-29,ethusdt,bybit,buy,-1,598,-2.984805088349235,4.848103862114168
train,2025-12-29,ethusdt,bybit,sell,-1,629,2.4220489346161043,5.975918166208973
train,2025-12-29,ethusdt,bybit,buy,0,598,0.0,0.0
train,2025-12-29,ethusdt,bybit,sell,0,629,0.0,0.0
train,2025-12-29,ethusdt,bybit,buy,1,598,0.4742557338733153,3.5364205620993805
train,2025-12-29,ethusdt,bybit,sell,1,629,0.03616360376198696,5.241472711960352
train,2025-12-29,ethusdt,bybit,buy,5,598,1.587179734070492,8.510659467160387
train,2025-12-29,ethusdt,bybit,sell,5,629,1.5567361946008986,12.652127369510515
train,2025-12-29,ethusdt,bybit,buy,10,598,-0.6765553660460631,11.113333405534146
train,2025-12-29,ethusdt,bybit,sell,10,629,3.2563948161011513,10.732435833575481
train,2025-12-29,ethusdt,bybit,buy,30,598,-3.1484942933385502,18.926017339166624
train,2025-12-29,ethusdt,bybit,sell,30,629,3.2326402328259958,13.901476538122125
train,2025-12-29,ethusdt,bybit,buy,60,598,-1.9570564984813772,19.083957607653183
train,2025-12-29,ethusdt,bybit,sell,60,629,2.1622456913109467,14.197746883794295
train,2025-12-29,ethusdt,bybit,buy,120,598,-6.5940872018104875,23.989586739832745
train,2025-12-29,ethusdt,bybit,sell,120,629,-3.8895391681518547,22.527351383566554
train,2025-12-29,ethusdt,bybit,buy,300,598,9.723276453586683,30.888645533227486
train,2025-12-29,ethusdt,bybit,sell,300,629,-13.243293424605698,24.042438550287056
train,2025-12-30,ethusdt,binance,buy,-300,399,-33.6380283688062,26.93649128278553
train,2025-12-30,ethusdt,binance,sell,-300,390,22.580717222342095,22.32868743267889
train,2025-12-30,ethusdt,binance,buy,-120,399,-22.059515782104764,18.239193729737682
train,2025-12-30,ethusdt,binance,sell,-120,390,19.083671097446825,18.08926159005513
train,2025-12-30,ethusdt,binance,buy,-60,399,-17.260976878176304,14.047428467515402
train,2025-12-30,ethusdt,binance,sell,-60,390,15.044914325487364,14.458596081513964
train,2025-12-30,ethusdt,binance,buy,-30,399,-13.45881402170532,11.201427648722843
train,2025-12-30,ethusdt,binance,sell,-30,390,11.3359594646894,11.318948019021663
train,2025-12-30,ethusdt,binance,buy,-10,399,-7.727659088666214,7.187270053893068
train,2025-12-30,ethusdt,binance,sell,-10,390,6.501866279037981,7.305177660538001
train,2025-12-30,ethusdt,binance,buy,-5,399,-4.899648387006651,5.341899936378989
train,2025-12-30,ethusdt,binance,sell,-5,390,4.059954547455959,5.920228940861504
train,2025-12-30,ethusdt,binance,buy,-1,399,-0.3953522541261148,2.472576301511481
train,2025-12-30,ethusdt,binance,sell,-1,390,0.3087168918498858,2.0351934260790796
train,2025-12-30,ethusdt,binance,buy,0,399,0.0,0.0
train,2025-12-30,ethusdt,binance,sell,0,390,0.0,0.0
train,2025-12-30,ethusdt,binance,buy,1,399,0.10432151979499359,2.40296075055695
train,2025-12-30,ethusdt,binance,sell,1,390,-0.0355060457295939,1.8355460333895162
train,2025-12-30,ethusdt,binance,buy,5,399,0.21443422318651706,4.972344243286701
train,2025-12-30,ethusdt,binance,sell,5,390,0.07341549875248903,3.8825174080861786
train,2025-12-30,ethusdt,binance,buy,10,399,-0.030994076115133988,6.517297010098534
train,2025-12-30,ethusdt,binance,sell,10,390,0.026480527799616536,6.254798899584337
train,2025-12-30,ethusdt,binance,buy,30,399,-0.03556741482238526,9.229922183086591
train,2025-12-30,ethusdt,binance,sell,30,390,-0.4559213538434013,9.796775214379975
train,2025-12-30,ethusdt,binance,buy,60,399,1.1512163656420331,12.684049348755808
train,2025-12-30,ethusdt,binance,sell,60,390,-0.1540707902097904,12.280406160149454
train,2025-12-30,ethusdt,binance,buy,120,399,2.5282251704786827,14.646492291621971
train,2025-12-30,ethusdt,binance,sell,120,390,1.8191882417246545,13.965317854224782
train,2025-12-30,ethusdt,binance,buy,300,399,7.208810064657637,26.330058533825394
train,2025-12-30,ethusdt,binance,sell,300,390,5.352010058404495,17.530102572351
train,2025-12-30,ethusdt,bybit,buy,-300,249,-53.569019783397366,27.72216315773572
train,2025-12-30,ethusdt,bybit,sell,-300,247,50.48680994966178,24.318890326027205
train,2025-12-30,ethusdt,bybit,buy,-120,249,-34.560605274829726,20.430753835023253
train,2025-12-30,ethusdt,bybit,sell,-120,247,43.05934803191672,21.574944987651985
train,2025-12-30,ethusdt,bybit,buy,-60,249,-27.704579108077514,17.10388961336003
train,2025-12-30,ethusdt,bybit,sell,-60,247,35.638496149089875,19.149015814080947
train,2025-12-30,ethusdt,bybit,buy,-30,249,-22.08755832368644,11.717441283377303
train,2025-12-30,ethusdt,bybit,sell,-30,247,27.93188240613943,16.084879086866817
train,2025-12-30,ethusdt,bybit,buy,-10,249,-15.292983971490225,9.544898555600172
train,2025-12-30,ethusdt,bybit,sell,-10,247,17.098972494267613,9.963785575052233
train,2025-12-30,ethusdt,bybit,buy,-5,249,-10.927593202938233,7.398674106878104
train,2025-12-30,ethusdt,bybit,sell,-5,247,15.325379079141028,10.242342969555844
train,2025-12-30,ethusdt,bybit,buy,-1,249,-1.5269550171790567,3.8925832476580564
train,2025-12-30,ethusdt,bybit,sell,-1,247,2.923850355914922,5.633413734999976
train,2025-12-30,ethusdt,bybit,buy,0,249,0.0,0.0
train,2025-12-30,ethusdt,bybit,sell,0,247,0.0,0.0
train,2025-12-30,ethusdt,bybit,buy,1,249,0.17171607584372986,2.9314631638162516
train,2025-12-30,ethusdt,bybit,sell,1,247,0.28434627736121154,2.98667183968671
train,2025-12-30,ethusdt,bybit,buy,5,249,1.0195180695750574,7.212533369945689
train,2025-12-30,ethusdt,bybit,sell,5,247,1.754622760471874,5.616705269760091
train,2025-12-30,ethusdt,bybit,buy,10,249,0.9971481850781191,8.147011797413926
train,2025-12-30,ethusdt,bybit,sell,10,247,2.087009851393522,8.207490449798769
train,2025-12-30,ethusdt,bybit,buy,30,249,1.0865312669832603,9.788507766254948
train,2025-12-30,ethusdt,bybit,sell,30,247,0.6354478455117666,14.400982649542588
train,2025-12-30,ethusdt,bybit,buy,60,249,3.5253372980982345,15.33246695157619
train,2025-12-30,ethusdt,bybit,sell,60,247,4.974800376967981,15.818450028014809
train,2025-12-30,ethusdt,bybit,buy,120,249,4.944985058551777,16.20876041241216
train,2025-12-30,ethusdt,bybit,sell,120,247,11.550038499682667,15.55832032986134
train,2025-12-30,ethusdt,bybit,buy,300,249,12.101496298968137,29.595419075213464
train,2025-12-30,ethusdt,bybit,sell,300,247,17.713915238852334,16.914022072164258
train,2025-12-31,ethusdt,binance,buy,-300,369,-13.958249538711776,17.275235277866884
train,2025-12-31,ethusdt,binance,sell,-300,450,13.676407549031017,17.198443405045076
train,2025-12-31,ethusdt,binance,buy,-120,369,-10.69163426327758,16.02030676903355
train,2025-12-31,ethusdt,binance,sell,-120,450,11.160670995176178,15.121896164794297
train,2025-12-31,ethusdt,binance,buy,-60,369,-8.626543453414712,14.03630996980622
train,2025-12-31,ethusdt,binance,sell,-60,450,9.724152614072139,14.322857088619777
train,2025-12-31,ethusdt,binance,buy,-30,369,-6.1248251072081725,9.675309831859073
train,2025-12-31,ethusdt,binance,sell,-30,450,8.066633940255324,11.627440711853026
train,2025-12-31,ethusdt,binance,buy,-10,369,-3.867021617107326,7.435294000651875
train,2025-12-31,ethusdt,binance,sell,-10,450,3.8917381129475084,5.783165086803044
train,2025-12-31,ethusdt,binance,buy,-5,369,-2.5237119560310894,5.286840896663876
train,2025-12-31,ethusdt,binance,sell,-5,450,2.2166127939503504,3.9634672976690823
train,2025-12-31,ethusdt,binance,buy,-1,369,-0.13855170065812275,1.7280811518505261
train,2025-12-31,ethusdt,binance,sell,-1,450,0.13195595942280958,1.6660911910271679
train,2025-12-31,ethusdt,binance,buy,0,369,0.0,0.0
train,2025-12-31,ethusdt,binance,sell,0,450,0.0,0.0
train,2025-12-31,ethusdt,binance,buy,1,369,-0.023403473590948028,1.3590746788361072
train,2025-12-31,ethusdt,binance,sell,1,450,-0.0413791472357002,1.5438651370213787
train,2025-12-31,ethusdt,binance,buy,5,369,-0.12380958288454195,2.619720458763994
train,2025-12-31,ethusdt,binance,sell,5,450,-0.2825058498343271,4.134506787623776
train,2025-12-31,ethusdt,binance,buy,10,369,-0.24653101296235583,4.684394767231685
train,2025-12-31,ethusdt,binance,sell,10,450,-0.39496887601360625,5.691426846322306
train,2025-12-31,ethusdt,binance,buy,30,369,0.8984275427951977,9.554585813184673
train,2025-12-31,ethusdt,binance,sell,30,450,-0.649731913010257,8.30672947040224
train,2025-12-31,ethusdt,binance,buy,60,369,0.9126711316654555,11.024085915618985
train,2025-12-31,ethusdt,binance,sell,60,450,0.4290091331459622,8.313559163588822
train,2025-12-31,ethusdt,binance,buy,120,369,-0.7000879069606452,10.171398069141933
train,2025-12-31,ethusdt,binance,sell,120,450,1.8011806454663168,9.215584714638345
train,2025-12-31,ethusdt,binance,buy,300,369,0.020711148592243392,13.350750795671345
train,2025-12-31,ethusdt,binance,sell,300,450,2.464328300118742,12.318541661688352
train,2025-12-31,ethusdt,bybit,buy,-300,228,-42.07245358470066,29.024559984892488
train,2025-12-31,ethusdt,bybit,sell,-300,203,29.519718017222,23.3235227738079
train,2025-12-31,ethusdt,bybit,buy,-120,228,-41.349888765691574,32.74101546294681
train,2025-12-31,ethusdt,bybit,sell,-120,203,27.258060094930098,22.195574688444427
train,2025-12-31,ethusdt,bybit,buy,-60,228,-38.16904085686257,30.18062086199724
train,2025-12-31,ethusdt,bybit,sell,-60,203,25.799251317808785,21.30697620310366
train,2025-12-31,ethusdt,bybit,buy,-30,228,-27.961704468416475,22.50314024045764
train,2025-12-31,ethusdt,bybit,sell,-30,203,20.790129502936583,17.833295151228267
train,2025-12-31,ethusdt,bybit,buy,-10,228,-20.414380547599162,16.475974539792155
train,2025-12-31,ethusdt,bybit,sell,-10,203,9.265534559955254,8.631443608886029
train,2025-12-31,ethusdt,bybit,buy,-5,228,-17.31164332908963,15.819504744500136
train,2025-12-31,ethusdt,bybit,sell,-5,203,6.709622799800906,6.513223036484336
train,2025-12-31,ethusdt,bybit,buy,-1,228,-2.4804713355070445,5.047659851802646
train,2025-12-31,ethusdt,bybit,sell,-1,203,1.1700551739176668,2.7182570332245213
train,2025-12-31,ethusdt,bybit,buy,0,228,0.0,0.0
train,2025-12-31,ethusdt,bybit,sell,0,203,0.0,0.0
train,2025-12-31,ethusdt,bybit,buy,1,228,1.5120876404890315,5.1953305334501305
train,2025-12-31,ethusdt,bybit,sell,1,203,-0.38577607983928125,2.194790764067478
train,2025-12-31,ethusdt,bybit,buy,5,228,1.2883436458722672,8.347315746388565
train,2025-12-31,ethusdt,bybit,sell,5,203,-2.703260808298821,9.421584542101096
train,2025-12-31,ethusdt,bybit,buy,10,228,-1.3833096926383248,9.506555097407608
train,2025-12-31,ethusdt,bybit,sell,10,203,-2.8712660311029725,11.231551826062546
train,2025-12-31,ethusdt,bybit,buy,30,228,6.665493305335315,21.03973399021868
train,2025-12-31,ethusdt,bybit,sell,30,203,-3.6706614446947956,13.520952932775838
train,2025-12-31,ethusdt,bybit,buy,60,228,-0.7133009177557607,21.957448746167678
train,2025-12-31,ethusdt,bybit,sell,60,203,-0.602100758292737,11.879192426805606
train,2025-12-31,ethusdt,bybit,buy,120,228,-7.8351151925752305,17.588376626820644
train,2025-12-31,ethusdt,bybit,sell,120,203,4.264871107061964,13.49522188961602
train,2025-12-31,ethusdt,bybit,buy,300,228,-4.7489161626730425,16.358310839995355
train,2025-12-31,ethusdt,bybit,sell,300,203,7.3946937306026825,14.41910950048244
train,2026-01-01,ethusdt,binance,buy,-300,290,-8.890891164953835,12.036293222082756
train,2026-01-01,ethusdt,binance,sell,-300,203,3.9195987779341714,6.6167539745735615
train,2026-01-01,ethusdt,binance,buy,-120,290,-6.32174849077043,10.214097808928056
train,2026-01-01,ethusdt,binance,sell,-120,203,2.9319936486242244,4.539202800047171
train,2026-01-01,ethusdt,binance,buy,-60,290,-5.404877822825906,8.901223668697336
train,2026-01-01,ethusdt,binance,sell,-60,203,1.915426508519484,3.8476264397395834
train,2026-01-01,ethusdt,binance,buy,-30,290,-3.7866458884136303,6.009783645411199
train,2026-01-01,ethusdt,binance,sell,-30,203,1.131686130518466,2.80561604599651
train,2026-01-01,ethusdt,binance,buy,-10,290,-2.379491947104663,4.084204381551821
train,2026-01-01,ethusdt,binance,sell,-10,203,0.6618603492284877,1.8321928792908977
train,2026-01-01,ethusdt,binance,buy,-5,290,-1.6651363219513557,3.366954165979138
train,2026-01-01,ethusdt,binance,sell,-5,203,0.48459585311560716,1.5459182037304733
train,2026-01-01,ethusdt,binance,buy,-1,290,-0.07854284978809879,1.603825038991164
train,2026-01-01,ethusdt,binance,sell,-1,203,0.03198622495465499,0.49590300784773456
train,2026-01-01,ethusdt,binance,buy,0,290,0.0,0.0
train,2026-01-01,ethusdt,binance,sell,0,203,0.0,0.0
train,2026-01-01,ethusdt,binance,buy,1,290,-0.02393951644928834,0.7536022149357483
train,2026-01-01,ethusdt,binance,sell,1,203,0.011091452557447017,0.4200087335991323
train,2026-01-01,ethusdt,binance,buy,5,290,0.09101503557469708,2.6174196221111896
train,2026-01-01,ethusdt,binance,sell,5,203,0.07130228470004245,0.8681359967307283
train,2026-01-01,ethusdt,binance,buy,10,290,0.01529669553547017,3.4539059726256043
train,2026-01-01,ethusdt,binance,sell,10,203,0.032119553459272296,1.2901716780610906
train,2026-01-01,ethusdt,binance,buy,30,290,0.23575837951615314,5.313902369407266
train,2026-01-01,ethusdt,binance,sell,30,203,0.21453352123869376,2.289036483994752
train,2026-01-01,ethusdt,binance,buy,60,290,0.2201573645776375,6.825164164621649
train,2026-01-01,ethusdt,binance,sell,60,203,0.5464197085132493,3.1762839994218854
train,2026-01-01,ethusdt,binance,buy,120,290,-0.7546021434943317,7.530299309076048
train,2026-01-01,ethusdt,binance,sell,120,203,1.0543194258962354,3.913237910015791
train,2026-01-01,ethusdt,binance,buy,300,290,-2.1339338307507925,10.030187468750338
train,2026-01-01,ethusdt,binance,sell,300,203,0.43792657896876513,6.091601814595319
train,2026-01-01,ethusdt,bybit,buy,-300,80,-22.20786062784781,18.288666610171077
train,2026-01-01,ethusdt,bybit,sell,-300,37,2.4654774798480914,7.188803977343024
train,2026-01-01,ethusdt,bybit,buy,-120,80,-18.68197551058574,17.302199827457333
train,2026-01-01,ethusdt,bybit,sell,-120,37,2.164799133329567,5.185109968724783
train,2026-01-01,ethusdt,bybit,buy,-60,80,-17.65503336449215,17.40879424091573
train,2026-01-01,ethusdt,bybit,sell,-60,37,1.6901101418178175,3.846036827282554
train,2026-01-01,ethusdt,bybit,buy,-30,80,-12.928406100056893,12.18365269143964
train,2026-01-01,ethusdt,bybit,sell,-30,37,0.9944071717184089,2.5859230216825972
train,2026-01-01,ethusdt,bybit,buy,-10,80,-9.966137358055907,10.677144958721522
train,2026-01-01,ethusdt,bybit,sell,-10,37,0.5084762734091562,1.736724585088036
train,2026-01-01,ethusdt,bybit,buy,-5,80,-8.181794498572927,9.610365640036655
train,2026-01-01,ethusdt,bybit,sell,-5,37,0.370946121019338,1.4923910918922825
train,2026-01-01,ethusdt,bybit,buy,-1,80,-1.5941593956237845,5.639918403712149
train,2026-01-01,ethusdt,bybit,sell,-1,37,-0.026058554828501904,0.4057698311405676
train,2026-01-01,ethusdt,bybit,buy,0,80,0.0,0.0
train,2026-01-01,ethusdt,bybit,sell,0,37,0.0,0.0
train,2026-01-01,ethusdt,bybit,buy,1,80,-0.08711631646922793,1.911223300849457
train,2026-01-01,ethusdt,bybit,sell,1,37,-0.018113141787269367,0.11383667368400947
train,2026-01-01,ethusdt,bybit,buy,5,80,-0.5922523678470819,2.1191971585898117
train,2026-01-01,ethusdt,bybit,sell,5,37,-0.02182058133847641,0.7816300395826404
train,2026-01-01,ethusdt,bybit,buy,10,80,-1.3037868134792163,2.659101031946961
train,2026-01-01,ethusdt,bybit,sell,10,37,-0.29306197867770906,1.5266041166637883
train,2026-01-01,ethusdt,bybit,buy,30,80,-0.8389208981528494,5.901940822342843
train,2026-01-01,ethusdt,bybit,sell,30,37,-0.13857828248953472,2.1780952890060647
train,2026-01-01,ethusdt,bybit,buy,60,80,-0.36042384485857054,7.426134442320424
train,2026-01-01,ethusdt,bybit,sell,60,37,-0.06202439942664413,2.779711827416112
train,2026-01-01,ethusdt,bybit,buy,120,80,-3.8867764584483337,7.743329553177163
train,2026-01-01,ethusdt,bybit,sell,120,37,1.4343875370505417,4.0732134875184105
train,2026-01-01,ethusdt,bybit,buy,300,80,-10.833141038559429,11.420467130183162
train,2026-01-01,ethusdt,bybit,sell,300,37,1.7076419252461617,5.07066282959437
train,2026-01-02,ethusdt,binance,buy,-300,849,-30.23103861102803,31.722233710316324
train,2026-01-02,ethusdt,binance,sell,-300,390,18.539182379574438,27.276991041727662
train,2026-01-02,ethusdt,binance,buy,-120,849,-22.245480431503474,21.538195194654307
train,2026-01-02,ethusdt,binance,sell,-120,390,18.146093493734785,16.22801801219132
train,2026-01-02,ethusdt,binance,buy,-60,849,-18.665094205512002,19.40377137345499
train,2026-01-02,ethusdt,binance,sell,-60,390,14.17116530052511,13.207909518762946
train,2026-01-02,ethusdt,binance,buy,-30,849,-14.01828059881282,15.944533312623145
train,2026-01-02,ethusdt,binance,sell,-30,390,10.289379265547188,9.96159284168814
train,2026-01-02,ethusdt,binance,buy,-10,849,-8.5647136768831,11.073114481543795
train,2026-01-02,ethusdt,binance,sell,-10,390,5.747689217964311,6.131269611221656
train,2026-01-02,ethusdt,binance,buy,-5,849,-5.2165285262945575,7.840772748059279
train,2026-01-02,ethusdt,binance,sell,-5,390,3.6196796517907397,4.426162168923662
train,2026-01-02,ethusdt,binance,buy,-1,849,-0.3233754422562019,3.0878051521001426
train,2026-01-02,ethusdt,binance,sell,-1,390,0.06918973793538741,2.1080241135746536
train,2026-01-02,ethusdt,binance,buy,0,849,0.0,0.0
train,2026-01-02,ethusdt,binance,sell,0,390,0.0,0.0
train,2026-01-02,ethusdt,binance,buy,1,849,0.17142054405347132,3.0098081420102645
train,2026-01-02,ethusdt,binance,sell,1,390,0.004378747590136579,1.7985513627275627
train,2026-01-02,ethusdt,binance,buy,5,849,0.22285223045341987,7.333781794310186
train,2026-01-02,ethusdt,binance,sell,5,390,0.26218280369472274,4.142242290677181
train,2026-01-02,ethusdt,binance,buy,10,849,0.2147055783707633,9.072849897620152
train,2026-01-02,ethusdt,binance,sell,10,390,0.2865280082421782,5.792644038724213
train,2026-01-02,ethusdt,binance,buy,30,849,0.6749397149082883,13.214552500290152
train,2026-01-02,ethusdt,binance,sell,30,390,0.7688450032905554,8.92446773466164
train,2026-01-02,ethusdt,binance,buy,60,849,-0.5167844263232912,15.081790396827833
train,2026-01-02,ethusdt,binance,sell,60,390,1.0375607758437893,12.537641853065804
train,2026-01-02,ethusdt,binance,buy,120,849,-0.7299199086494238,18.09655711303057
train,2026-01-02,ethusdt,binance,sell,120,390,2.611626741948487,13.044848041732262
train,2026-01-02,ethusdt,binance,buy,300,849,1.563943872707267,27.00799129907081
train,2026-01-02,ethusdt,binance,sell,300,390,6.634595256356522,21.09815524237319
train,2026-01-02,ethusdt,bybit,buy,-300,1320,-75.60777947625897,42.283814676469206
train,2026-01-02,ethusdt,bybit,sell,-300,198,31.16366192707503,21.297558070556455
train,2026-01-02,ethusdt,bybit,buy,-120,1320,-50.25066494646183,27.298877449521733
train,2026-01-02,ethusdt,bybit,sell,-120,198,26.42148651712014,17.564423015385728
train,2026-01-02,ethusdt,bybit,buy,-60,1320,-50.944019989757756,27.121269335801866
train,2026-01-02,ethusdt,bybit,sell,-60,198,21.71975253577472,13.821713697533028
train,2026-01-02,ethusdt,bybit,buy,-30,1320,-41.98469612791093,23.87256911713448
train,2026-01-02,ethusdt,bybit,sell,-30,198,15.403973259170673,10.90267357412165
train,2026-01-02,ethusdt,bybit,buy,-10,1320,-30.62922300947695,17.78350828793943
train,2026-01-02,ethusdt,bybit,sell,-10,198,10.51568522236495,7.838911632455994
train,2026-01-02,ethusdt,bybit,buy,-5,1320,-24.513306034783323,14.205673822870196
train,2026-01-02,ethusdt,bybit,sell,-5,198,7.137197917678396,5.588271145936315
train,2026-01-02,ethusdt,bybit,buy,-1,1320,-5.626520768331834,6.974912225004224
train,2026-01-02,ethusdt,bybit,sell,-1,198,0.6079935075120256,3.2449239486885992
train,2026-01-02,ethusdt,bybit,buy,0,1320,0.0,0.0
train,2026-01-02,ethusdt,bybit,sell,0,198,0.0,0.0
train,2026-01-02,ethusdt,bybit,buy,1,1320,1.7211858642297797,6.390634258012403
train,2026-01-02,ethusdt,bybit,sell,1,198,-0.1389674844799375,2.6522876224360292
train,2026-01-02,ethusdt,bybit,buy,5,1320,-0.610440092749541,12.605487506407954
train,2026-01-02,ethusdt,bybit,sell,5,198,-0.8396881068902184,6.513521175553797
train,2026-01-02,ethusdt,bybit,buy,10,1320,-2.631827178750786,14.09925072759256
train,2026-01-02,ethusdt,bybit,sell,10,198,-0.8427009104080897,8.189017006865171
train,2026-01-02,ethusdt,bybit,buy,30,1320,-2.4064056991231952,16.197393897281653
train,2026-01-02,ethusdt,bybit,sell,30,198,-0.6111488007899878,11.668689222213125
train,2026-01-02,ethusdt,bybit,buy,60,1320,-3.7291361870435753,15.463633966204533
train,2026-01-02,ethusdt,bybit,sell,60,198,1.8393419864125056,15.004586415028877
train,2026-01-02,ethusdt,bybit,buy,120,1320,-4.644026836981723,19.779036886362476
train,2026-01-02,ethusdt,bybit,sell,120,198,3.59916609078715,14.03054239036163
train,2026-01-02,ethusdt,bybit,buy,300,1320,-7.767823982859337,30.47565120989184
train,2026-01-02,ethusdt,bybit,sell,300,198,11.013571292825834,21.71908152277443
train,2026-01-03,ethusdt,binance,buy,-300,294,-9.960340022467175,10.385304574182992
train,2026-01-03,ethusdt,binance,sell,-300,246,16.351936730490696,12.891779835724712
train,2026-01-03,ethusdt,binance,buy,-120,294,-8.541024045024045,8.748065556035817
train,2026-01-03,ethusdt,binance,sell,-120,246,9.897332850901469,7.961847303750352
train,2026-01-03,ethusdt,binance,buy,-60,294,-6.8641912431469425,7.025312341692424
train,2026-01-03,ethusdt,binance,sell,-60,246,7.107634330154018,5.5797113800240155
train,2026-01-03,ethusdt,binance,buy,-30,294,-5.365648698753767,5.783977300905093
train,2026-01-03,ethusdt,binance,sell,-30,246,4.998615914940431,4.001350953956827
train,2026-01-03,ethusdt,binance,buy,-10,294,-3.4078275835469367,3.9501969984454255
train,2026-01-03,ethusdt,binance,sell,-10,246,2.827493794435506,2.595652560926829
train,2026-01-03,ethusdt,binance,buy,-5,294,-2.491983854023398,3.2932929647479807
train,2026-01-03,ethusdt,binance,sell,-5,246,1.8858966057229691,2.217809383539233
train,2026-01-03,ethusdt,binance,buy,-1,294,-0.24735263382499698,1.1362387681238393
train,2026-01-03,ethusdt,binance,sell,-1,246,0.0739574776879839,1.0996810353912734
train,2026-01-03,ethusdt,binance,buy,0,294,0.0,0.0
train,2026-01-03,ethusdt,binance,sell,0,246,0.0,0.0
train,2026-01-03,ethusdt,binance,buy,1,294,0.07574580637657807,1.2098157371342577
train,2026-01-03,ethusdt,binance,sell,1,246,0.07489682821929636,0.9270248692294886
train,2026-01-03,ethusdt,binance,buy,5,294,-0.13683922173740723,2.467664850325461
train,2026-01-03,ethusdt,binance,sell,5,246,0.4973872551606776,2.133392271803307
train,2026-01-03,ethusdt,binance,buy,10,294,-0.0695326114367263,3.073608511994704
train,2026-01-03,ethusdt,binance,sell,10,246,0.42521745751900414,2.741946322348751
train,2026-01-03,ethusdt,binance,buy,30,294,0.15300716914878645,4.771244034694333
train,2026-01-03,ethusdt,binance,sell,30,246,1.0618522635194094,5.2097984665130035
train,2026-01-03,ethusdt,binance,buy,60,294,-0.19812886899102058,6.801528000938634
train,2026-01-03,ethusdt,binance,sell,60,246,1.0634756689013412,7.66537998429704
train,2026-01-03,ethusdt,binance,buy,120,294,-2.262665295648639,7.098465447261605
train,2026-01-03,ethusdt,binance,sell,120,246,0.750131771115725,10.26131791031957
train,2026-01-03,ethusdt,binance,buy,300,294,-3.007904013860737,8.518995435247717
train,2026-01-03,ethusdt,binance,sell,300,246,0.21653738653508062,14.032932708480915
train,2026-01-03,ethusdt,bybit,buy,-300,115,-18.043394762708058,10.247859249100172
train,2026-01-03,ethusdt,bybit,sell,-300,128,21.833495454326517,12.892311967912116
train,2026-01-03,ethusdt,bybit,buy,-120,115,-16.077828367918016,9.544295849955157
train,2026-01-03,ethusdt,bybit,sell,-120,128,12.478094005155743,7.40923208199421
train,2026-01-03,ethusdt,bybit,buy,-60,115,-14.010220892764702,9.47393704038606
train,2026-01-03,ethusdt,bybit,sell,-60,128,9.506768871318352,5.089076544603285
train,2026-01-03,ethusdt,bybit,buy,-30,115,-11.161326961390568,7.438309505348119
train,2026-01-03,ethusdt,bybit,sell,-30,128,6.189439619911612,4.026815751380049
train,2026-01-03,ethusdt,bybit,buy,-10,115,-7.999381010216037,5.226164254263264
train,2026-01-03,ethusdt,bybit,sell,-10,128,3.725653236801932,2.4819064163585627
train,2026-01-03,ethusdt,bybit,buy,-5,115,-7.20775916418307,5.397343990919371
train,2026-01-03,ethusdt,bybit,sell,-5,128,2.90822596980476,2.3156992737014352
train,2026-01-03,ethusdt,bybit,buy,-1,115,-1.1165545219763635,2.4544266103218826
train,2026-01-03,ethusdt,bybit,sell,-1,128,0.11825700833123931,1.61746830770183
train,2026-01-03,ethusdt,bybit,buy,0,115,0.0,0.0
train,2026-01-03,ethusdt,bybit,sell,0,128,0.0,0.0
train,2026-01-03,ethusdt,bybit,buy,1,115,0.1430413910641205,1.7777924860016874
train,2026-01-03,ethusdt,bybit,sell,1,128,-0.08581022963427241,1.238533670259173
train,2026-01-03,ethusdt,bybit,buy,5,115,-1.6920768971456868,4.286432152642137
train,2026-01-03,ethusdt,bybit,sell,5,128,0.47285440753461755,2.344390813153062
train,2026-01-03,ethusdt,bybit,buy,10,115,-2.021773047880149,3.975973161432321
train,2026-01-03,ethusdt,bybit,sell,10,128,0.36164009917487494,3.3451516869403344
train,2026-01-03,ethusdt,bybit,buy,30,115,-1.8018483317984715,6.308127159386777
train,2026-01-03,ethusdt,bybit,sell,30,128,0.6029420503270927,6.341814578866224
train,2026-01-03,ethusdt,bybit,buy,60,115,-2.990135264411636,7.536334005296318
train,2026-01-03,ethusdt,bybit,sell,60,128,1.0604778995998811,9.1818072501838
train,2026-01-03,ethusdt,bybit,buy,120,115,-6.827501525158376,7.649040617288848
train,2026-01-03,ethusdt,bybit,sell,120,128,-0.620982671957862,12.167775270812884
train,2026-01-03,ethusdt,bybit,buy,300,115,-7.44684202123025,9.39585647028343
train,2026-01-03,ethusdt,bybit,sell,300,128,-1.300694337160483,17.64102996230713
train,2026-01-04,ethusdt,binance,buy,-300,395,-14.989708062333758,17.064615479974528
train,2026-01-04,ethusdt,binance,sell,-300,253,13.215349662626869,13.797543571531408
train,2026-01-04,ethusdt,binance,buy,-120,395,-11.509612159511432,14.176274030404386
train,2026-01-04,ethusdt,binance,sell,-120,253,10.57333704657797,11.178932090720751
train,2026-01-04,ethusdt,binance,buy,-60,395,-9.379959234280795,11.717173348686334
train,2026-01-04,ethusdt,binance,sell,-60,253,8.460940762040355,9.525617727839418
train,2026-01-04,ethusdt,binance,buy,-30,395,-7.628312763487216,11.545604733171945
train,2026-01-04,ethusdt,binance,sell,-30,253,6.741768019142089,8.308800400159974
train,2026-01-04,ethusdt,binance,buy,-10,395,-4.855521121967104,7.38092480184087
train,2026-01-04,ethusdt,binance,sell,-10,253,4.356067353478058,6.505255688626007
train,2026-01-04,ethusdt,binance,buy,-5,395,-3.1451623298129823,5.691866389056802
train,2026-01-04,ethusdt,binance,sell,-5,253,2.4807926787072985,4.158954056019208
train,2026-01-04,ethusdt,binance,buy,-1,395,-0.29089107630739414,1.87347540663317
train,2026-01-04,ethusdt,binance,sell,-1,253,0.096036127081316,1.6965035395169397
train,2026-01-04,ethusdt,binance,buy,0,395,0.0,0.0
train,2026-01-04,ethusdt,binance,sell,0,253,0.0,0.0
train,2026-01-04,ethusdt,binance,buy,1,395,-0.008089623881452002,1.7248019116450366
train,2026-01-04,ethusdt,binance,sell,1,253,0.09963722128985007,1.1333359915323844
train,2026-01-04,ethusdt,binance,buy,5,395,-0.2993187657728426,5.228526064373764
train,2026-01-04,ethusdt,binance,sell,5,253,0.07508764394074864,3.509062889791093
train,2026-01-04,ethusdt,binance,buy,10,395,-0.4336034516298449,7.673479144032567
train,2026-01-04,ethusdt,binance,sell,10,253,0.5444833991109405,4.550115983048826
train,2026-01-04,ethusdt,binance,buy,30,395,-1.3876834207639797,6.951490435222142
train,2026-01-04,ethusdt,binance,sell,30,253,0.9441748164651317,5.230101458798943
train,2026-01-04,ethusdt,binance,buy,60,395,-0.4030640524674791,10.55499087686594
train,2026-01-04,ethusdt,binance,sell,60,253,1.8078849855586572,6.056017113338042
train,2026-01-04,ethusdt,binance,buy,120,395,-0.7005904146513586,13.450611178373656
train,2026-01-04,ethusdt,binance,sell,120,253,2.4742080532453192,7.9496534468759155
train,2026-01-04,ethusdt,binance,buy,300,395,-0.7019036505627176,17.175827030932563
train,2026-01-04,ethusdt,binance,sell,300,253,5.79162884434959,10.76378500123598
train,2026-01-04,ethusdt,bybit,buy,-300,397,-52.88735298159836,29.81353079447712
train,2026-01-04,ethusdt,bybit,sell,-300,125,29.57215208836782,14.76434375290188
train,2026-01-04,ethusdt,bybit,buy,-120,397,-45.20316614948555,26.655778866586843
train,2026-01-04,ethusdt,bybit,sell,-120,125,26.829035256025826,13.329192440995328
train,2026-01-04,ethusdt,bybit,buy,-60,397,-37.488326293511626,22.469526641932134
train,2026-01-04,ethusdt,bybit,sell,-60,125,24.592933139238628,13.921464080860373
train,2026-01-04,ethusdt,bybit,buy,-30,397,-36.62290124515769,24.541277818178067
train,2026-01-04,ethusdt,bybit,sell,-30,125,22.278909380132912,12.70845246024021
train,2026-01-04,ethusdt,bybit,buy,-10,397,-23.921608638769428,14.238662515517872
train,2026-01-04,ethusdt,bybit,sell,-10,125,18.731865955803855,12.406421007215505
train,2026-01-04,ethusdt,bybit,buy,-5,397,-20.30797539407725,12.942373780665168
train,2026-01-04,ethusdt,bybit,sell,-5,125,15.601789620718172,11.08094166618943
train,2026-01-04,ethusdt,bybit,buy,-1,397,-3.9820355887261627,5.505104648441907
train,2026-01-04,ethusdt,bybit,sell,-1,125,1.7965639728099703,4.916717818825094
train,2026-01-04,ethusdt,bybit,buy,0,397,0.0,0.0
train,2026-01-04,ethusdt,bybit,sell,0,125,0.0,0.0
train,2026-01-04,ethusdt,bybit,buy,1,397,1.2033490850666102,5.290154068428577
train,2026-01-04,ethusdt,bybit,sell,1,125,0.7386803997895173,4.611901523835523
train,2026-01-04,ethusdt,bybit,buy,5,397,-2.3449679210870307,12.248101962009352
train,2026-01-04,ethusdt,bybit,sell,5,125,-0.08014991482978423,6.1350986267835985
train,2026-01-04,ethusdt,bybit,buy,10,397,-8.695102462757498,18.0452081603661
train,2026-01-04,ethusdt,bybit,sell,10,125,3.7544875448877346,7.99188142258522
train,2026-01-04,ethusdt,bybit,buy,30,397,-15.170354490693825,16.875255378515728
train,2026-01-04,ethusdt,bybit,sell,30,125,7.228881993782147,7.46559792703629
train,2026-01-04,ethusdt,bybit,buy,60,397,-11.361570919502228,18.857215096848257
train,2026-01-04,ethusdt,bybit,sell,60,125,8.59743417278641,7.1731666682808495
train,2026-01-04,ethusdt,bybit,buy,120,397,-11.092878916860386,21.851777379670523
train,2026-01-04,ethusdt,bybit,sell,120,125,7.8340577864323,10.625812281001831
train,2026-01-04,ethusdt,bybit,buy,300,397,-6.208131715598004,19.430313825075082
train,2026-01-04,ethusdt,bybit,sell,300,125,15.003952879803139,10.179867812462884
train,2026-01-05,ethusdt,binance,buy,-300,755,-29.30202009054874,24.6287661396917
train,2026-01-05,ethusdt,binance,sell,-300,513,22.040680753578247,19.640167152429868
train,2026-01-05,ethusdt,binance,buy,-120,755,-23.154248931827983,19.98904854289075
train,2026-01-05,ethusdt,binance,sell,-120,513,18.252127135363654,14.2401296075962
train,2026-01-05,ethusdt,binance,buy,-60,755,-16.812157519440447,14.6311169349393
train,2026-01-05,ethusdt,binance,sell,-60,513,13.572356875328953,10.275532531949027
train,2026-01-05,ethusdt,binance,buy,-30,755,-12.864710394357358,13.31357445676315
train,2026-01-05,ethusdt,binance,sell,-30,513,10.309451363305653,7.831497220551619
train,2026-01-05,ethusdt,binance,buy,-10,755,-7.399888009791156,9.287200070999427
train,2026-01-05,ethusdt,binance,sell,-10,513,5.461497264083408,5.3238809109963565
train,2026-01-05,ethusdt,binance,buy,-5,755,-4.843514954788556,7.440523298973478
train,2026-01-05,ethusdt,binance,sell,-5,513,3.349201322508598,4.186311275392715
train,2026-01-05,ethusdt,binance,buy,-1,755,-0.2251078042948478,2.8821247303572712
train,2026-01-05,ethusdt,binance,sell,-1,513,0.005232971737582321,2.1791035303758917
train,2026-01-05,ethusdt,binance,buy,0,755,0.0,0.0
train,2026-01-05,ethusdt,binance,sell,0,513,0.0,0.0
train,2026-01-05,ethusdt,binance,buy,1,755,0.12594736489541802,3.0274039334248055
train,2026-01-05,ethusdt,binance,sell,1,513,0.0963355937678178,1.915741633360322
train,2026-01-05,ethusdt,binance,buy,5,755,0.47912404274380305,6.990833435891744
train,2026-01-05,ethusdt,binance,sell,5,513,0.22973412153002645,3.5496445660695892
train,2026-01-05,ethusdt,binance,buy,10,755,0.532014404494266,8.699998404242503
train,2026-01-05,ethusdt,binance,sell,10,513,0.6878457091031982,4.7632481344085456
train,2026-01-05,ethusdt,binance,buy,30,755,-0.375902036718328,11.530283089277862
train,2026-01-05,ethusdt,binance,sell,30,513,0.8467093555224828,7.671492150141756
train,2026-01-05,ethusdt,binance,buy,60,755,0.6706291990334274,14.797158266759885
train,2026-01-05,ethusdt,binance,sell,60,513,1.216319123270246,10.989438224330955
train,2026-01-05,ethusdt,binance,buy,120,755,1.2423235965539428,19.47358492703391
train,2026-01-05,ethusdt,binance,sell,120,513,3.937336933388688,15.107668750020437
train,2026-01-05,ethusdt,binance,buy,300,755,0.3907193929689799,24.753074267228676
train,2026-01-05,ethusdt,binance,sell,300,513,6.362185739686373,19.687377131720663
train,2026-01-05,ethusdt,bybit,buy,-300,1346,-63.5894354612837,22.926571665241852
train,2026-01-05,ethusdt,bybit,sell,-300,330,31.40481839273823,18.689758603445085
train,2026-01-05,ethusdt,bybit,buy,-120,1346,-51.84331245497377,21.299221960268486
train,2026-01-05,ethusdt,bybit,sell,-120,330,24.087351402796628,16.38062234793813
train,2026-01-05,ethusdt,bybit,buy,-60,1346,-38.560643621440335,16.745771647147336
train,2026-01-05,ethusdt,bybit,sell,-60,330,17.218566939001565,11.393783259227064
train,2026-01-05,ethusdt,bybit,buy,-30,1346,-34.499222734099206,17.398239804384154
train,2026-01-05,ethusdt,bybit,sell,-30,330,13.627835395553296,9.574051198659276
train,2026-01-05,ethusdt,bybit,buy,-10,1346,-26.899467211741033,15.127286101544765
train,2026-01-05,ethusdt,bybit,sell,-10,330,9.160743617373184,7.316832423470432
train,2026-01-05,ethusdt,bybit,buy,-5,1346,-22.761853569540683,14.480494599487754
train,2026-01-05,ethusdt,bybit,sell,-5,330,7.202957708594278,6.094378417568346
train,2026-01-05,ethusdt,bybit,buy,-1,1346,-5.527603619230251,7.0925203487876995
train,2026-01-05,ethusdt,bybit,sell,-1,330,0.8974567660996894,3.707525602708478
train,2026-01-05,ethusdt,bybit,buy,0,1346,0.0,0.0
train,2026-01-05,ethusdt,bybit,sell,0,330,0.0,0.0
train,2026-01-05,ethusdt,bybit,buy,1,1346,0.7881090886128738,5.65329681147876
train,2026-01-05,ethusdt,bybit,sell,1,330,0.4819077177507612,3.2703769505749474
train,2026-01-05,ethusdt,bybit,buy,5,1346,-2.7626502718026478,9.084549613617357
train,2026-01-05,ethusdt,bybit,sell,5,330,0.9209088478566745,4.577285595490299
train,2026-01-05,ethusdt,bybit,buy,10,1346,-4.667592640798439,12.863657344605025
train,2026-01-05,ethusdt,bybit,sell,10,330,1.183787779709995,4.977099635903685
train,2026-01-05,ethusdt,bybit,buy,30,1346,-8.298644250053705,14.296972206587988
train,2026-01-05,ethusdt,bybit,sell,30,330,1.116588995693014,7.640586300033396
train,2026-01-05,ethusdt,bybit,buy,60,1346,-5.859027721051923,17.832561276972644
train,2026-01-05,ethusdt,bybit,sell,60,330,1.8530403837106046,12.398229560672382
train,2026-01-05,ethusdt,bybit,buy,120,1346,-7.973084460868569,20.426697273179816
train,2026-01-05,ethusdt,bybit,sell,120,330,8.07499747968165,18.845577095003502
train,2026-01-05,ethusdt,bybit,buy,300,1346,-10.38891093477336,22.254536567681466
train,2026-01-05,ethusdt,bybit,sell,300,330,12.48964089190344,23.413668051163285
train,2026-01-06,ethusdt,binance,buy,-300,772,-27.559295693337955,30.247008489441157
train,2026-01-06,ethusdt,binance,sell,-300,586,30.99258982832771,26.81187197178215
train,2026-01-06,ethusdt,binance,buy,-120,772,-18.88409153409206,19.403972268616197
train,2026-01-06,ethusdt,binance,sell,-120,590,23.819238771224864,20.486800975619698
train,2026-01-06,ethusdt,binance,buy,-60,772,-15.407375180003356,13.96285763171077
train,2026-01-06,ethusdt,binance,sell,-60,590,16.927130555616646,14.085240777115889
train,2026-01-06,ethusdt,binance,buy,-30,772,-11.16121404055335,11.401700400778227
train,2026-01-06,ethusdt,binance,sell,-30,589,12.491467778007635,11.788521260021007
train,2026-01-06,ethusdt,binance,buy,-10,772,-6.484434920586124,8.2337390573699
train,2026-01-06,ethusdt,binance,sell,-10,589,6.786538651836668,8.512267932203965
train,2026-01-06,ethusdt,binance,buy,-5,772,-4.198639584143058,5.754324762390764
train,2026-01-06,ethusdt,binance,sell,-5,589,3.9747812546554253,6.27077706660341
train,2026-01-06,ethusdt,binance,buy,-1,772,-0.22953949433981238,2.236415379494353
train,2026-01-06,ethusdt,binance,sell,-1,590,0.1106487342901712,2.012180583569773
train,2026-01-06,ethusdt,binance,buy,0,772,0.0,0.0
train,2026-01-06,ethusdt,binance,sell,0,590,0.0,0.0
train,2026-01-06,ethusdt,binance,buy,1,772,0.03289754639824078,2.066758872622205
train,2026-01-06,ethusdt,binance,sell,1,590,-0.11035593061536318,2.3217907144740253
train,2026-01-06,ethusdt,binance,buy,5,772,0.1988025454116487,4.736035237042335
train,2026-01-06,ethusdt,binance,sell,5,590,-0.1192528844464401,4.404282048376949
train,2026-01-06,ethusdt,binance,buy,10,772,0.24605330369515174,6.142106000255283
train,2026-01-06,ethusdt,binance,sell,10,590,0.19405153034477152,5.433428286958262
train,2026-01-06,ethusdt,binance,buy,30,772,0.46859304806464447,10.08346875761903
train,2026-01-06,ethusdt,binance,sell,30,587,-0.14339698643564827,9.049259849516215
train,2026-01-06,ethusdt,binance,buy,60,772,0.22091442120750393,13.862280573870635
train,2026-01-06,ethusdt,binance,sell,60,587,-0.221634546201457,13.518797512922735
train,2026-01-06,ethusdt,binance,buy,120,772,0.4285564874842516,20.393005883406992
train,2026-01-06,ethusdt,binance,sell,120,590,1.8487423211262686,18.917666463727446
train,2026-01-06,ethusdt,binance,buy,300,772,5.707471222478348,28.116417410176723
train,2026-01-06,ethusdt,binance,sell,300,590,-2.1601005883970283,24.842734091281507
train,2026-01-06,ethusdt,bybit,buy,-300,773,-61.47835666493347,30.599313274084157
train,2026-01-06,ethusdt,bybit,sell,-300,511,49.723704723586906,26.044478173478858
train,2026-01-06,ethusdt,bybit,buy,-120,773,-41.506996709604046,21.954162094911258
train,2026-01-06,ethusdt,bybit,sell,-120,513,39.05191767878733,20.390733934165862
train,2026-01-06,ethusdt,bybit,buy,-60,773,-31.464976719499276,16.917741393231854
train,2026-01-06,ethusdt,bybit,sell,-60,513,30.042061697030608,17.615626088481676
train,2026-01-06,ethusdt,bybit,buy,-30,773,-24.411363039081312,15.940198544857598
train,2026-01-06,ethusdt,bybit,sell,-30,513,24.130071893534193,16.841166690536767
train,2026-01-06,ethusdt,bybit,buy,-10,773,-20.694440788762112,15.350780470019393
train,2026-01-06,ethusdt,bybit,sell,-10,513,17.794102097120966,16.547937816334237
train,2026-01-06,ethusdt,bybit,buy,-5,773,-14.42906418439915,10.520718127696366
train,2026-01-06,ethusdt,bybit,sell,-5,513,13.651518727622067,14.71896857466324
train,2026-01-06,ethusdt,bybit,buy,-1,773,-2.5398794027939826,5.378102027574448
train,2026-01-06,ethusdt,bybit,sell,-1,513,2.0036662568857735,6.176354949494835
train,2026-01-06,ethusdt,bybit,buy,0,773,0.0,0.0
train,2026-01-06,ethusdt,bybit,sell,0,513,0.0,0.0
train,2026-01-06,ethusdt,bybit,buy,1,773,0.4881079956782406,3.9904557568219032
train,2026-01-06,ethusdt,bybit,sell,1,513,-0.22915645367062445,3.4606018759178454
train,2026-01-06,ethusdt,bybit,buy,5,773,2.349297512665713,10.055267905525454
train,2026-01-06,ethusdt,bybit,sell,5,513,-0.3772113027012498,6.429232127131426
train,2026-01-06,ethusdt,bybit,buy,10,773,0.9874735646302181,12.654994499077919
train,2026-01-06,ethusdt,bybit,sell,10,513,0.05108789633719421,6.899499416274108
train,2026-01-06,ethusdt,bybit,buy,30,773,-2.7968888437179134,12.935908294977922
train,2026-01-06,ethusdt,bybit,sell,30,513,0.028761708989498137,10.572194798743485
train,2026-01-06,ethusdt,bybit,buy,60,773,-5.280336381869149,16.34439182508057
train,2026-01-06,ethusdt,bybit,sell,60,513,-0.5883132408343738,15.107939216750076
train,2026-01-06,ethusdt,bybit,buy,120,773,-3.594844716649329,23.534563135511398
train,2026-01-06,ethusdt,bybit,sell,120,513,0.16227377644538396,23.14454699081024
train,2026-01-06,ethusdt,bybit,buy,300,773,13.441128060945326,28.000737367347632
train,2026-01-06,ethusdt,bybit,sell,300,513,-2.0176867749697864,28.280496220731774
train,2026-01-07,ethusdt,binance,buy,-300,329,-18.100646100864388,21.9871249338359
train,2026-01-07,ethusdt,binance,sell,-300,788,26.139685833312903,19.426646112658744
train,2026-01-07,ethusdt,binance,buy,-120,329,-16.283717469203083,14.953956186723984
train,2026-01-07,ethusdt,binance,sell,-120,788,20.153079868459336,15.936368989420643
train,2026-01-07,ethusdt,binance,buy,-60,329,-13.018491470576253,12.350971783330175
train,2026-01-07,ethusdt,binance,sell,-60,788,14.707840474312277,13.115274695249042
train,2026-01-07,ethusdt,binance,buy,-30,329,-11.146751380038468,10.967224064434498
train,2026-01-07,ethusdt,binance,sell,-30,788,10.860669719928618,10.7917758782367
train,2026-01-07,ethusdt,binance,buy,-10,329,-6.188915570940966,6.301487696321827
train,2026-01-07,ethusdt,binance,sell,-10,788,6.281707948225099,7.982717121750103
train,2026-01-07,ethusdt,binance,buy,-5,329,-3.630212303851549,4.403573532385669
train,2026-01-07,ethusdt,binance,sell,-5,788,3.951959063176567,5.613676489454677
train,2026-01-07,ethusdt,binance,buy,-1,329,-0.2425600229610069,1.9491831579703938
train,2026-01-07,ethusdt,binance,sell,-1,788,0.2547801006389712,2.3081504232286334
train,2026-01-07,ethusdt,binance,buy,0,329,0.0,0.0
train,2026-01-07,ethusdt,binance,sell,0,788,0.0,0.0
train,2026-01-07,ethusdt,binance,buy,1,329,-0.16325496300435868,1.4443847348998804
train,2026-01-07,ethusdt,binance,sell,1,788,-0.12290568043590962,2.3566890266915865
train,2026-01-07,ethusdt,binance,buy,5,329,-0.32718485120761887,2.982028880439147
train,2026-01-07,ethusdt,binance,sell,5,788,-0.08882980575604575,5.237777560370814
train,2026-01-07,ethusdt,binance,buy,10,329,-0.8018058931450321,4.307353931278038
train,2026-01-07,ethusdt,binance,sell,10,788,0.15034737743783172,6.285319125879869
train,2026-01-07,ethusdt,binance,buy,30,329,-1.8844517304500927,7.406469340820213
train,2026-01-07,ethusdt,binance,sell,30,788,-0.08878070233058359,9.761336415083333
train,2026-01-07,ethusdt,binance,buy,60,329,-4.077470295048031,11.359512220841593
train,2026-01-07,ethusdt,binance,sell,60,788,0.4585031529389157,12.870212501247618
train,2026-01-07,ethusdt,binance,buy,120,329,-4.871625184638184,13.976096789195157
train,2026-01-07,ethusdt,binance,sell,120,788,0.9412544088918847,15.372293459275838
train,2026-01-07,ethusdt,binance,buy,300,329,-5.83083152335728,16.283872156377928
train,2026-01-07,ethusdt,binance,sell,300,788,3.94355357804453,20.880226225860216
train,2026-01-07,ethusdt,bybit,buy,-300,87,-28.12648377628711,29.83380845717533
train,2026-01-07,ethusdt,bybit,sell,-300,900,50.80415050142584,25.28236140282709
train,2026-01-07,ethusdt,bybit,buy,-120,87,-19.359736454110536,21.618667352256022
train,2026-01-07,ethusdt,bybit,sell,-120,900,42.50913838987413,23.86609473660521
train,2026-01-07,ethusdt,bybit,buy,-60,87,-14.844059090669225,14.57861730672067
train,2026-01-07,ethusdt,bybit,sell,-60,900,36.23676389067926,25.50379111417966
train,2026-01-07,ethusdt,bybit,buy,-30,87,-12.393278519383445,11.834615972549429
train,2026-01-07,ethusdt,bybit,sell,-30,900,30.270322803248977,23.273004145574276
train,2026-01-07,ethusdt,bybit,buy,-10,87,-6.965175351841922,8.59086098732207
train,2026-01-07,ethusdt,bybit,sell,-10,900,22.1710749131315,19.0709831345014
train,2026-01-07,ethusdt,bybit,buy,-5,87,-4.084819802812894,5.003529265497833
train,2026-01-07,ethusdt,bybit,sell,-5,900,15.977931498147443,13.471463572094049
train,2026-01-07,ethusdt,bybit,buy,-1,87,-0.6399901153671591,3.037914364064973
train,2026-01-07,ethusdt,bybit,sell,-1,900,3.3524203979625167,6.572427322906255
train,2026-01-07,ethusdt,bybit,buy,0,87,0.0,0.0
train,2026-01-07,ethusdt,bybit,sell,0,900,0.0,0.0
train,2026-01-07,ethusdt,bybit,buy,1,87,-0.6402133575419411,1.3040186247255903
train,2026-01-07,ethusdt,bybit,sell,1,900,-0.41078293339345595,4.404043723317912
train,2026-01-07,ethusdt,bybit,buy,5,87,-1.2488632008644944,3.3256864581128918
train,2026-01-07,ethusdt,bybit,sell,5,900,0.4448813000695198,9.961246567927674
train,2026-01-07,ethusdt,bybit,buy,10,87,-1.7291216991587581,5.155997599874016
train,2026-01-07,ethusdt,bybit,sell,10,900,3.074007634164833,11.419273820483056
train,2026-01-07,ethusdt,bybit,buy,30,87,-4.093737271977581,8.915874297792145
train,2026-01-07,ethusdt,bybit,sell,30,900,4.363675049261303,11.079801879364261
train,2026-01-07,ethusdt,bybit,buy,60,87,-6.847389948367951,11.918067974517902
train,2026-01-07,ethusdt,bybit,sell,60,900,10.223841814037591,16.899307492456185
train,2026-01-07,ethusdt,bybit,buy,120,87,-7.43809709795438,13.482611516951092
train,2026-01-07,ethusdt,bybit,sell,120,900,8.319974331242173,19.26730983503641
train,2026-01-07,ethusdt,bybit,buy,300,87,-6.448264353352001,14.502790165175629
train,2026-01-07,ethusdt,bybit,sell,300,900,25.45098651117296,35.00171670543348
train,2026-01-08,ethusdt,binance,buy,-300,430,-18.786609434272496,18.712699926743355
train,2026-01-08,ethusdt,binance,sell,-300,821,24.453712100460123,17.777602866402603
train,2026-01-08,ethusdt,binance,buy,-120,430,-16.417495645849062,14.920709325724534
train,2026-01-08,ethusdt,binance,sell,-120,821,18.743963966655286,13.50673352592623
train,2026-01-08,ethusdt,binance,buy,-60,430,-13.936736986942002,11.888358064619228
train,2026-01-08,ethusdt,binance,sell,-60,821,14.006422788435355,11.22916948827758
train,2026-01-08,ethusdt,binance,buy,-30,430,-9.513842905363266,8.138965538934162
train,2026-01-08,ethusdt,binance,sell,-30,821,10.463421328298889,9.673523489338882
train,2026-01-08,ethusdt,binance,buy,-10,430,-5.6644839521547174,5.090006413892722
train,2026-01-08,ethusdt,binance,sell,-10,821,6.178949339082814,6.630376597533094
train,2026-01-08,ethusdt,binance,buy,-5,430,-4.109833903902356,4.168721905840059
train,2026-01-08,ethusdt,binance,sell,-5,821,3.8432832566106794,4.915512233637601
train,2026-01-08,ethusdt,binance,buy,-1,430,-0.3121407206237887,1.9994789484651765
train,2026-01-08,ethusdt,binance,sell,-1,821,0.3520169949959165,2.2466843898705577
train,2026-01-08,ethusdt,binance,buy,0,430,0.0,0.0
train,2026-01-08,ethusdt,binance,sell,0,821,0.0,0.0
train,2026-01-08,ethusdt,binance,buy,1,430,-0.2149695144049911,1.7110667839729061
train,2026-01-08,ethusdt,binance,sell,1,821,-0.2569152561910762,2.0512039326601563
train,2026-01-08,ethusdt,binance,buy,5,430,-0.6871544631317281,3.5333499965646205
train,2026-01-08,ethusdt,binance,sell,5,821,-0.254088745930628,4.521402521150048
train,2026-01-08,ethusdt,binance,buy,10,430,-0.8487035497368542,4.428096843069148
train,2026-01-08,ethusdt,binance,sell,10,821,0.013429874801484705,6.026850112583881
train,2026-01-08,ethusdt,binance,buy,30,430,-1.3594302944471712,8.14411270754373
train,2026-01-08,ethusdt,binance,sell,30,821,0.45707709672529717,8.704163412916479
train,2026-01-08,ethusdt,binance,buy,60,430,-2.355594918009624,9.86480105239051
train,2026-01-08,ethusdt,binance,sell,60,821,0.7943554419040164,12.266933362253239
train,2026-01-08,ethusdt,binance,buy,120,430,-3.870558363562187,12.117429611307045
train,2026-01-08,ethusdt,binance,sell,120,821,2.1089892164530677,16.149924547541733
train,2026-01-08,ethusdt,binance,buy,300,430,-3.1032709622281525,17.726201640726345
train,2026-01-08,ethusdt,binance,sell,300,821,2.6255676522477254,21.76765548699334
train,2026-01-08,ethusdt,bybit,buy,-300,167,-29.82138720172812,16.328734266538223
train,2026-01-08,ethusdt,bybit,sell,-300,1072,42.46195887630536,18.221280907191023
train,2026-01-08,ethusdt,bybit,buy,-120,167,-24.39007138518115,16.35489095894481
train,2026-01-08,ethusdt,bybit,sell,-120,1072,33.0975108072699,14.806831146009062
train,2026-01-08,ethusdt,bybit,buy,-60,167,-20.292938119406053,12.64225417226719
train,2026-01-08,ethusdt,bybit,sell,-60,1072,27.127081414551302,14.192467128063948
train,2026-01-08,ethusdt,bybit,buy,-30,167,-14.326163944319191,8.279372978104108
train,2026-01-08,ethusdt,bybit,sell,-30,1072,24.147951455338823,14.320480728476415
train,2026-01-08,ethusdt,bybit,buy,-10,167,-9.30839762301613,5.701047710171404
train,2026-01-08,ethusdt,bybit,sell,-10,1072,16.890428921639767,10.856961756410895
train,2026-01-08,ethusdt,bybit,buy,-5,167,-7.327878371809141,5.007578989974433
train,2026-01-08,ethusdt,bybit,sell,-5,1072,12.599282664178714,9.365206831399934
train,2026-01-08,ethusdt,bybit,buy,-1,167,-1.3527711282367398,3.5591161355414913
train,2026-01-08,ethusdt,bybit,sell,-1,1072,2.327036242609861,5.016446184416102
train,2026-01-08,ethusdt,bybit,buy,0,167,0.0,0.0
train,2026-01-08,ethusdt,bybit,sell,0,1072,0.0,0.0
train,2026-01-08,ethusdt,bybit,buy,1,167,-0.49656591062787475,1.9803335559268047
train,2026-01-08,ethusdt,bybit,sell,1,1072,-0.17388888919434603,3.735745753883846
train,2026-01-08,ethusdt,bybit,buy,5,167,-2.3627586678309878,4.231091956193138
train,2026-01-08,ethusdt,bybit,sell,5,1072,1.2297938738282526,7.935759487255214
train,2026-01-08,ethusdt,bybit,buy,10,167,-2.355492342983955,5.556644652046033
train,2026-01-08,ethusdt,bybit,sell,10,1072,3.6659119569667893,9.900273752924681
train,2026-01-08,ethusdt,bybit,buy,30,167,-4.6759516344486824,7.850027560801746
train,2026-01-08,ethusdt,bybit,sell,30,1072,8.742891280573968,11.770942117862417
train,2026-01-08,ethusdt,bybit,buy,60,167,-6.613934426824091,8.455045495637533
train,2026-01-08,ethusdt,bybit,sell,60,1072,11.388252235492152,14.786992123244255
train,2026-01-08,ethusdt,bybit,buy,120,167,-8.769024553246703,10.317355117948923
train,2026-01-08,ethusdt,bybit,sell,120,1072,13.00254719877764,20.462041698614257
train,2026-01-08,ethusdt,bybit,buy,300,167,-5.973996180757381,17.70451062558937
train,2026-01-08,ethusdt,bybit,sell,300,1072,14.965498802279816,23.674423136376287
train,2026-01-09,ethusdt,binance,buy,-300,409,-35.98834249521867,33.56727030107956
train,2026-01-09,ethusdt,binance,sell,-300,669,26.738949466850954,26.942405495560553
train,2026-01-09,ethusdt,binance,buy,-120,409,-27.266773939292165,25.942072398800295
train,2026-01-09,ethusdt,binance,sell,-120,667,19.730487256455714,16.540889650440377
train,2026-01-09,ethusdt,binance,buy,-60,409,-20.8523902491669,18.431756167898385
train,2026-01-09,ethusdt,binance,sell,-60,669,15.13260505088943,11.747295014265058
train,2026-01-09,ethusdt,binance,buy,-30,409,-14.894267260540023,11.702810224938931
train,2026-01-09,ethusdt,binance,sell,-30,669,11.726572140207818,9.088352824719824
train,2026-01-09,ethusdt,binance,buy,-10,409,-8.121285870135186,7.726992897843988
train,2026-01-09,ethusdt,binance,sell,-10,669,6.6575897958594545,6.135120568413718
train,2026-01-09,ethusdt,binance,buy,-5,409,-5.796380459459695,6.289370880262044
train,2026-01-09,ethusdt,binance,sell,-5,669,4.259540811721447,4.630520281579235
train,2026-01-09,ethusdt,binance,buy,-1,409,-0.31092507452153456,2.6172793050954812
train,2026-01-09,ethusdt,binance,sell,-1,669,0.2011221265001287,1.8345415442801303
train,2026-01-09,ethusdt,binance,buy,0,409,0.0,0.0
train,2026-01-09,ethusdt,binance,sell,0,669,0.0,0.0
train,2026-01-09,ethusdt,binance,buy,1,409,-0.1479288878316131,2.2722841028233076
train,2026-01-09,ethusdt,binance,sell,1,669,0.027029533206842458,1.659550192388434
train,2026-01-09,ethusdt,binance,buy,5,409,-0.8759840528543159,5.459808314076298
train,2026-01-09,ethusdt,binance,sell,5,669,0.3207604304164391,4.184421604898011
train,2026-01-09,ethusdt,binance,buy,10,409,-0.4993939051548145,8.556711796305065
train,2026-01-09,ethusdt,binance,sell,10,669,0.5284074219686549,5.575363803160961
train,2026-01-09,ethusdt,binance,buy,30,409,-0.014043870773517656,11.104723360400879
train,2026-01-09,ethusdt,binance,sell,30,669,0.3583376920001213,8.934676318854958
train,2026-01-09,ethusdt,binance,buy,60,409,1.3539466298828553,18.947051694957445
train,2026-01-09,ethusdt,binance,sell,60,669,0.5022789617712943,12.967262259818307
train,2026-01-09,ethusdt,binance,buy,120,409,0.5735833723876604,22.443028147400625
train,2026-01-09,ethusdt,binance,sell,120,669,0.5818227672093417,18.854926664674153
train,2026-01-09,ethusdt,binance,buy,300,404,5.7768188395191125,32.42211349656963
train,2026-01-09,ethusdt,binance,sell,300,669,1.4470164680240063,30.3353241985531
train,2026-01-09,ethusdt,bybit,buy,-300,221,-66.54418412363337,33.99035523960596
train,2026-01-09,ethusdt,bybit,sell,-300,525,48.51937674282765,29.866776761176578
train,2026-01-09,ethusdt,bybit,buy,-120,221,-53.75205621495283,38.9798522122117
train,2026-01-09,ethusdt,bybit,sell,-120,524,31.031232129950066,17.09405002447854
train,2026-01-09,ethusdt,bybit,buy,-60,221,-37.61809008614661,25.09356739442357
train,2026-01-09,ethusdt,bybit,sell,-60,525,23.937866975024708,14.765393243847464
train,2026-01-09,ethusdt,bybit,buy,-30,221,-25.388658003376744,14.712377138074098
train,2026-01-09,ethusdt,bybit,sell,-30,525,17.811976214352853,10.57298240936225
train,2026-01-09,ethusdt,bybit,buy,-10,221,-17.166925195505247,12.663126570496816
train,2026-01-09,ethusdt,bybit,sell,-10,525,12.212638472685606,8.52192392467083
train,2026-01-09,ethusdt,bybit,buy,-5,221,-12.915923516827494,10.018118157718781
train,2026-01-09,ethusdt,bybit,sell,-5,525,9.212648890357386,6.640772064101655
train,2026-01-09,ethusdt,bybit,buy,-1,221,-1.1225493807334155,4.126582439523915
train,2026-01-09,ethusdt,bybit,sell,-1,525,0.6461744960494955,3.5693304967359487
train,2026-01-09,ethusdt,bybit,buy,0,221,0.0,0.0
train,2026-01-09,ethusdt,bybit,sell,0,525,0.0,0.0
train,2026-01-09,ethusdt,bybit,buy,1,221,-0.6920804529346662,2.9988232925578227
train,2026-01-09,ethusdt,bybit,sell,1,525,0.20338881530253974,2.610874744873497
train,2026-01-09,ethusdt,bybit,buy,5,221,-3.9918309988195975,7.97330212665917
train,2026-01-09,ethusdt,bybit,sell,5,525,1.4363556623935545,5.899837702765814
train,2026-01-09,ethusdt,bybit,buy,10,221,-4.401011666145021,15.25641617023032
train,2026-01-09,ethusdt,bybit,sell,10,525,2.183997980192113,6.981653457817988
train,2026-01-09,ethusdt,bybit,buy,30,221,-6.286398185145793,15.967759942639878
train,2026-01-09,ethusdt,bybit,sell,30,525,2.719622204945222,9.075051466526183
train,2026-01-09,ethusdt,bybit,buy,60,221,-6.803736378405983,29.43980573524181
train,2026-01-09,ethusdt,bybit,sell,60,525,4.156778964686831,14.830579561307111
train,2026-01-09,ethusdt,bybit,buy,120,221,-11.1961442051455,31.77037156446965
train,2026-01-09,ethusdt,bybit,sell,120,525,5.705582313923462,22.087004604085326
train,2026-01-09,ethusdt,bybit,buy,300,218,-8.459107992724222,48.79861538275001
train,2026-01-09,ethusdt,bybit,sell,300,525,8.991931660812977,30.250896404925378
train,2026-01-10,ethusdt,binance,buy,-300,54,-5.648158079424821,7.587409762688215
train,2026-01-10,ethusdt,binance,sell,-300,184,7.625417502833505,6.56299126945868
train,2026-01-10,ethusdt,binance,buy,-120,54,-4.33218047058587,5.569853385683047
train,2026-01-10,ethusdt,binance,sell,-120,184,5.117717700325091,4.763370934664135
train,2026-01-10,ethusdt,binance,buy,-60,54,-3.6016193035296404,5.004164099719071
train,2026-01-10,ethusdt,binance,sell,-60,184,3.8818088829004376,4.330440370559072
train,2026-01-10,ethusdt,binance,buy,-30,54,-3.1086957456088475,4.321093267923337
train,2026-01-10,ethusdt,binance,sell,-30,184,2.972310971360342,3.181319212806973
train,2026-01-10,ethusdt,binance,buy,-10,54,-2.5668405204416676,3.7701204826336143
train,2026-01-10,ethusdt,binance,sell,-10,184,1.5643097217784447,2.0890767108699553
train,2026-01-10,ethusdt,binance,buy,-5,54,-2.005931604314251,3.3238207554013885
train,2026-01-10,ethusdt,binance,sell,-5,184,1.0836692413650069,1.7194947575326796
train,2026-01-10,ethusdt,binance,buy,-1,54,0.017065726028820977,0.3606088297082665
train,2026-01-10,ethusdt,binance,sell,-1,184,0.09189407062990333,0.6431217280556204
train,2026-01-10,ethusdt,binance,buy,0,54,0.0,0.0
train,2026-01-10,ethusdt,binance,sell,0,184,0.0,0.0
train,2026-01-10,ethusdt,binance,buy,1,54,-0.12168133473812157,0.4887974647907856
train,2026-01-10,ethusdt,binance,sell,1,184,-0.011333144219112457,0.40288679797086613
train,2026-01-10,ethusdt,binance,buy,5,54,-0.07351027557739041,1.3539477976716758
train,2026-01-10,ethusdt,binance,sell,5,184,-0.08751261522770445,1.303239813311288
train,2026-01-10,ethusdt,binance,buy,10,54,-0.27037219793639317,1.9314750811098924
train,2026-01-10,ethusdt,binance,sell,10,184,-0.0870664560968403,1.7029696848580693
train,2026-01-10,ethusdt,binance,buy,30,54,-0.6449559557974462,2.5152108463623657
train,2026-01-10,ethusdt,binance,sell,30,184,0.06732374143462598,2.7884717967286616
train,2026-01-10,ethusdt,binance,buy,60,54,-1.6734620961541335,3.055483021670533
train,2026-01-10,ethusdt,binance,sell,60,184,0.08445354188859565,3.386746242156263
train,2026-01-10,ethusdt,binance,buy,120,54,-2.5225008849980166,4.695019402250344
train,2026-01-10,ethusdt,binance,sell,120,184,0.7640105831414309,4.540606429535046
train,2026-01-10,ethusdt,binance,buy,300,54,-3.6953105314132215,5.294980531807477
train,2026-01-10,ethusdt,binance,sell,300,184,1.1563735849070411,4.750743728468086
train,2026-01-10,ethusdt,bybit,buy,-300,12,-6.910386304095808,6.34302926309968
train,2026-01-10,ethusdt,bybit,sell,-300,47,9.888778933170727,6.488389085309467
train,2026-01-10,ethusdt,bybit,buy,-120,12,-4.330423495512994,5.691398126570983
train,2026-01-10,ethusdt,bybit,sell,-120,47,5.679486843183168,4.766862036179044
train,2026-01-10,ethusdt,bybit,buy,-60,12,-3.733681933659254,4.9660987050835725
train,2026-01-10,ethusdt,bybit,sell,-60,47,4.2155954025633875,4.422012939510308
train,2026-01-10,ethusdt,bybit,buy,-30,12,-3.0303905483275506,3.6648105508068065
train,2026-01-10,ethusdt,bybit,sell,-30,47,2.7894591326735996,3.171167022083682
train,2026-01-10,ethusdt,bybit,buy,-10,12,-2.993880009185149,3.160204293797525
train,2026-01-10,ethusdt,bybit,sell,-10,47,1.7609477902838495,1.9030109188800082
train,2026-01-10,ethusdt,bybit,buy,-5,12,-1.6417300181151369,1.840378629196182
train,2026-01-10,ethusdt,bybit,sell,-5,47,1.2896985141648831,1.4932191567084165
train,2026-01-10,ethusdt,bybit,buy,-1,12,-0.16540281449264746,1.0378775680592354
train,2026-01-10,ethusdt,bybit,sell,-1,47,0.20919958889419765,0.4478678180403767
train,2026-01-10,ethusdt,bybit,buy,0,12,0.0,0.0
train,2026-01-10,ethusdt,bybit,sell,0,47,0.0,0.0
train,2026-01-10,ethusdt,bybit,buy,1,12,-0.06437671194870019,0.21023259199845584
train,2026-01-10,ethusdt,bybit,sell,1,47,0.042860326567040884,0.5816339118560504
train,2026-01-10,ethusdt,bybit,buy,5,12,-0.1848761624833745,0.5792361785074728
train,2026-01-10,ethusdt,bybit,sell,5,47,-0.18511455914943928,1.0700279696472674
train,2026-01-10,ethusdt,bybit,buy,10,12,-0.7756479150255404,1.3260377082472474
train,2026-01-10,ethusdt,bybit,sell,10,47,-0.19203329280849132,1.477995043564339
train,2026-01-10,ethusdt,bybit,buy,30,12,-1.579877131814067,2.123386370968882
train,2026-01-10,ethusdt,bybit,sell,30,47,-0.06362283094689962,2.2905756909371595
train,2026-01-10,ethusdt,bybit,buy,60,12,-1.8384775321768074,1.8995507185562155
train,2026-01-10,ethusdt,bybit,sell,60,47,0.12558130145028093,3.5843639039072697
train,2026-01-10,ethusdt,bybit,buy,120,12,-4.192250729605779,3.5514117730424926
train,2026-01-10,ethusdt,bybit,sell,120,47,1.2679967620980022,5.3361078412825185
train,2026-01-10,ethusdt,bybit,buy,300,12,-6.075067744401916,4.558487560981485
train,2026-01-10,ethusdt,bybit,sell,300,47,0.7054645482756076,5.191911061886346
train,2026-01-11,ethusdt,binance,buy,-300,206,-23.194238491339622,22.216056839871595
train,2026-01-11,ethusdt,binance,sell,-300,186,20.636277666103155,15.621415441869887
train,2026-01-11,ethusdt,binance,buy,-120,206,-16.161786389927496,15.960133561151528
train,2026-01-11,ethusdt,binance,sell,-120,186,14.48294317054698,11.674489922766172
train,2026-01-11,ethusdt,binance,buy,-60,206,-12.16377830411073,10.937416189685171
train,2026-01-11,ethusdt,binance,sell,-60,186,10.014836903915796,8.662362921702577
train,2026-01-11,ethusdt,binance,buy,-30,206,-8.62047312187509,7.443437957546512
train,2026-01-11,ethusdt,binance,sell,-30,186,7.730238808246235,7.053853318126314
train,2026-01-11,ethusdt,binance,buy,-10,206,-5.884240444665924,6.350001903877823
train,2026-01-11,ethusdt,binance,sell,-10,186,4.979917726139405,5.99803207241648
train,2026-01-11,ethusdt,binance,buy,-5,206,-3.914403849814183,4.725969649601557
train,2026-01-11,ethusdt,binance,sell,-5,186,3.164320312734776,4.339590286119121
train,2026-01-11,ethusdt,binance,buy,-1,206,-0.21414353244573567,1.9992216507567058
train,2026-01-11,ethusdt,binance,sell,-1,186,0.19221916728645605,1.3351788504825806
train,2026-01-11,ethusdt,binance,buy,0,206,0.0,0.0
train,2026-01-11,ethusdt,binance,sell,0,186,0.0,0.0
train,2026-01-11,ethusdt,binance,buy,1,206,-0.13141440248119735,2.093273174301231
train,2026-01-11,ethusdt,binance,sell,1,186,-0.026736214681861548,1.5765606714302431
train,2026-01-11,ethusdt,binance,buy,5,206,-0.7504761617074858,3.710649392659889
train,2026-01-11,ethusdt,binance,sell,5,186,0.13379633718834397,2.7304637446340605
train,2026-01-11,ethusdt,binance,buy,10,206,-1.0199883161668597,4.521194851270306
train,2026-01-11,ethusdt,binance,sell,10,186,0.5928797758310658,3.695534465734584
train,2026-01-11,ethusdt,binance,buy,30,206,-0.20867858442491827,6.783665166288994
train,2026-01-11,ethusdt,binance,sell,30,186,1.2797740770827961,5.1923567185074635
train,2026-01-11,ethusdt,binance,buy,60,206,1.2617733900068393,10.67492749051214
train,2026-01-11,ethusdt,binance,sell,60,186,1.0813019616266892,6.98069185939617
train,2026-01-11,ethusdt,binance,buy,120,206,2.485913775504858,16.57901768209762
train,2026-01-11,ethusdt,binance,sell,120,186,0.05563188176822373,9.262468566259505
train,2026-01-11,ethusdt,binance,buy,300,206,2.025959149584544,18.357217273670226
train,2026-01-11,ethusdt,binance,sell,300,186,3.070568744062751,13.694342803341797
train,2026-01-11,ethusdt,bybit,buy,-300,142,-39.09867019302205,27.158368624854543
train,2026-01-11,ethusdt,bybit,sell,-300,111,35.532356150029145,14.13174465284188
train,2026-01-11,ethusdt,bybit,buy,-120,142,-29.054073398985565,20.785894889848525
train,2026-01-11,ethusdt,bybit,sell,-120,111,28.952586472823437,11.912962433032428
train,2026-01-11,ethusdt,bybit,buy,-60,142,-20.65861644792125,12.528041028438919
train,2026-01-11,ethusdt,bybit,sell,-60,111,17.789919438595458,9.577527982931095
train,2026-01-11,ethusdt,bybit,buy,-30,142,-13.262416897460461,8.627728752515898
train,2026-01-11,ethusdt,bybit,sell,-30,111,16.312108245481383,9.286887089159675
train,2026-01-11,ethusdt,bybit,buy,-10,142,-10.96608850109103,8.209084504930498
train,2026-01-11,ethusdt,bybit,sell,-10,111,15.337859334792563,10.563282246323896
train,2026-01-11,ethusdt,bybit,buy,-5,142,-7.783268927057861,6.602295842310726
train,2026-01-11,ethusdt,bybit,sell,-5,111,12.470282418564612,9.259167445273716
train,2026-01-11,ethusdt,bybit,buy,-1,142,-0.3920864807099288,3.5027940967369395
train,2026-01-11,ethusdt,bybit,sell,-1,111,2.305820092477155,3.8477229280674745
train,2026-01-11,ethusdt,bybit,buy,0,142,0.0,0.0
train,2026-01-11,ethusdt,bybit,sell,0,111,0.0,0.0
train,2026-01-11,ethusdt,bybit,buy,1,142,-0.8026614433146677,2.0070745519421225
train,2026-01-11,ethusdt,bybit,sell,1,111,0.2727236871020648,2.4551345922278025
train,2026-01-11,ethusdt,bybit,buy,5,142,-1.339177203988674,4.161687806826347
train,2026-01-11,ethusdt,bybit,sell,5,111,-1.4186093701179456,6.554470970222271
train,2026-01-11,ethusdt,bybit,buy,10,142,-2.012911951186402,5.236762502486488
train,2026-01-11,ethusdt,bybit,sell,10,111,-0.16303913271323003,7.367216258486438
train,2026-01-11,ethusdt,bybit,buy,30,142,1.27162491550934,7.918139741176508
train,2026-01-11,ethusdt,bybit,sell,30,111,2.0801609306693316,7.683875947481658
train,2026-01-11,ethusdt,bybit,buy,60,142,2.5229273752005974,13.230427060382452
train,2026-01-11,ethusdt,bybit,sell,60,111,0.10073751462959657,9.700635722293356
train,2026-01-11,ethusdt,bybit,buy,120,142,-0.550850233399365,18.105705314116005
train,2026-01-11,ethusdt,bybit,sell,120,111,1.8715008834871605,8.710969901792572
train,2026-01-11,ethusdt,bybit,buy,300,142,-1.3049510580681196,15.610569778620487
train,2026-01-11,ethusdt,bybit,sell,300,111,5.599016255115606,9.094822311922504
train,2026-01-12,ethusdt,binance,buy,-300,396,-25.178030471085833,21.403751975880542
train,2026-01-12,ethusdt,binance,sell,-300,654,26.72260167214952,21.77208680452256
train,2026-01-12,ethusdt,binance,buy,-120,396,-19.811504457731626,16.581293113114974
train,2026-01-12,ethusdt,binance,sell,-120,654,18.336196606557817,14.624938995044761
train,2026-01-12,ethusdt,binance,buy,-60,396,-14.709509371518836,12.259001174647873
train,2026-01-12,ethusdt,binance,sell,-60,654,13.510732371497136,10.762450978088435
train,2026-01-12,ethusdt,binance,buy,-30,396,-10.503671534511872,9.88667794369744
train,2026-01-12,ethusdt,binance,sell,-30,654,10.020090086801687,8.595248010319102
train,2026-01-12,ethusdt,binance,buy,-10,396,-6.436389355991729,7.02052982494941
train,2026-01-12,ethusdt,binance,sell,-10,654,5.723760685448492,5.759485969991974
train,2026-01-12,ethusdt,binance,buy,-5,396,-4.4545801933379385,5.335706381561519
train,2026-01-12,ethusdt,binance,sell,-5,654,3.597818780909153,4.133142255937956
train,2026-01-12,ethusdt,binance,buy,-1,396,-0.13461773683349776,2.402078803243082
train,2026-01-12,ethusdt,binance,sell,-1,654,0.27525846257012687,1.7892081602441043
train,2026-01-12,ethusdt,binance,buy,0,396,0.0,0.0
train,2026-01-12,ethusdt,binance,sell,0,654,0.0,0.0
train,2026-01-12,ethusdt,binance,buy,1,396,0.010902782588655928,2.2431274278373445
train,2026-01-12,ethusdt,binance,sell,1,654,-0.11036946684016907,2.0505426906100994
train,2026-01-12,ethusdt,binance,buy,5,396,-0.35597998715640594,5.1263827583944215
train,2026-01-12,ethusdt,binance,sell,5,654,0.01980029909416768,4.11582587055308
train,2026-01-12,ethusdt,binance,buy,10,396,-0.8144916085857217,6.004584637466646
train,2026-01-12,ethusdt,binance,sell,10,654,0.2986780084403113,5.421775881297392
train,2026-01-12,ethusdt,binance,buy,30,396,-0.3676821533583504,8.953141532023206
train,2026-01-12,ethusdt,binance,sell,30,654,0.5234577813281222,8.295861526882588
train,2026-01-12,ethusdt,binance,buy,60,396,-0.12147307237435202,13.707603368460001
train,2026-01-12,ethusdt,binance,sell,60,654,0.37909394297653654,10.659496605556576
train,2026-01-12,ethusdt,binance,buy,120,396,-0.8611209254145281,13.637592147357285
train,2026-01-12,ethusdt,binance,sell,120,654,-0.5361198610990502,14.992378674589101
train,2026-01-12,ethusdt,binance,buy,300,396,-1.6861994300449947,18.007472502856746
train,2026-01-12,ethusdt,binance,sell,300,654,-0.898053277018412,21.558844246442135
train,2026-01-12,ethusdt,bybit,buy,-300,256,-37.525974046386104,19.36097801022968
train,2026-01-12,ethusdt,bybit,sell,-300,584,52.19256245727605,27.27735996415971
train,2026-01-12,ethusdt,bybit,buy,-120,256,-29.466805117970733,19.35230933568288
train,2026-01-12,ethusdt,bybit,sell,-120,584,35.49783327595338,18.552747970321036
train,2026-01-12,ethusdt,bybit,buy,-60,256,-21.806575892576703,13.568915638867391
train,2026-01-12,ethusdt,bybit,sell,-60,584,27.179215332275948,16.3518177155326
train,2026-01-12,ethusdt,bybit,buy,-30,256,-15.967487987995337,12.214203454481588
train,2026-01-12,ethusdt,bybit,sell,-30,584,21.1947527124869,13.48808148857663
train,2026-01-12,ethusdt,bybit,buy,-10,256,-11.897296173170847,11.052248566800282
train,2026-01-12,ethusdt,bybit,sell,-10,584,14.737471684392316,10.444762543387691
train,2026-01-12,ethusdt,bybit,buy,-5,256,-9.2589007389005,9.034103576654001
train,2026-01-12,ethusdt,bybit,sell,-5,584,11.113524644639387,9.782326303061154
train,2026-01-12,ethusdt,bybit,buy,-1,256,-1.192892299512308,3.7215272846505303
train,2026-01-12,ethusdt,bybit,sell,-1,584,1.3957321945882304,4.479519944560833
train,2026-01-12,ethusdt,bybit,buy,0,256,0.0,0.0
train,2026-01-12,ethusdt,bybit,sell,0,584,0.0,0.0
train,2026-01-12,ethusdt,bybit,buy,1,256,-0.36866531380083345,3.6208779308001016
train,2026-01-12,ethusdt,bybit,sell,1,584,0.5753321513698433,4.769348692308202
train,2026-01-12,ethusdt,bybit,buy,5,256,-1.9113087120396974,7.510467047039786
train,2026-01-12,ethusdt,bybit,sell,5,584,1.6703974341683527,7.697774617799856
train,2026-01-12,ethusdt,bybit,buy,10,256,-2.263467299979845,8.313828121244184
train,2026-01-12,ethusdt,bybit,sell,10,584,4.25818628369278,10.463622295086477
train,2026-01-12,ethusdt,bybit,buy,30,256,-0.015661866482313158,11.38039483707053
train,2026-01-12,ethusdt,bybit,sell,30,584,5.871860750779503,13.261059973956558
train,2026-01-12,ethusdt,bybit,buy,60,256,-2.049280772202804,16.21483446220706
train,2026-01-12,ethusdt,bybit,sell,60,584,3.4887620571418765,17.404622228470163
train,2026-01-12,ethusdt,bybit,buy,120,256,-3.1829015080591834,15.05947169340179
train,2026-01-12,ethusdt,bybit,sell,120,584,3.344820904222459,16.29048432513265
train,2026-01-12,ethusdt,bybit,buy,300,256,-6.1328802310515655,18.936683763099822
train,2026-01-12,ethusdt,bybit,sell,300,584,-0.9207296732221905,25.74956504257295
train,2026-01-13,ethusdt,binance,buy,-300,789,-59.87480469223575,94.98495478197952
train,2026-01-13,ethusdt,binance,sell,-300,318,2.6546429116322114,79.30713459899412
train,2026-01-13,ethusdt,binance,buy,-120,788,-41.210597901670056,69.73694992367909
train,2026-01-13,ethusdt,binance,sell,-120,318,9.924926241414619,45.80933465829102
train,2026-01-13,ethusdt,binance,buy,-60,789,-30.18443612286609,50.537370459972266
train,2026-01-13,ethusdt,binance,sell,-60,318,13.07642783873625,26.378116633968705
train,2026-01-13,ethusdt,binance,buy,-30,789,-22.193294943223794,36.044833019695126
train,2026-01-13,ethusdt,binance,sell,-30,318,9.23350253811469,19.699728077028187
train,2026-01-13,ethusdt,binance,buy,-10,789,-9.951707224542172,19.919561501227946
train,2026-01-13,ethusdt,binance,sell,-10,318,4.880661229368128,8.822363080598013
train,2026-01-13,ethusdt,binance,buy,-5,789,-6.190632126547378,12.748513261288254
train,2026-01-13,ethusdt,binance,sell,-5,318,3.4084575031518685,4.848216035178916
train,2026-01-13,ethusdt,binance,buy,-1,789,-0.5681800466040832,5.268729940920494
train,2026-01-13,ethusdt,binance,sell,-1,318,0.039774378860586816,2.092121080099098
train,2026-01-13,ethusdt,binance,buy,0,789,0.0,0.0
train,2026-01-13,ethusdt,binance,sell,0,318,0.0,0.0
train,2026-01-13,ethusdt,binance,buy,1,789,0.3380402072640163,5.228902974157672
train,2026-01-13,ethusdt,binance,sell,1,318,-0.000054102736459916425,2.2966757998338547
train,2026-01-13,ethusdt,binance,buy,5,789,1.6412033408702735,12.428651200774494
train,2026-01-13,ethusdt,binance,sell,5,318,-0.2865058741210938,4.486574345080025
train,2026-01-13,ethusdt,binance,buy,10,789,2.613376165978657,19.697353940439807
train,2026-01-13,ethusdt,binance,sell,10,318,-0.37249288967972305,7.85116961098713
train,2026-01-13,ethusdt,binance,buy,30,789,3.763806811845517,28.927675934868237
train,2026-01-13,ethusdt,binance,sell,30,318,0.5374550342676182,9.469405544385427
train,2026-01-13,ethusdt,binance,buy,60,789,5.9265242071623385,46.48736516066394
train,2026-01-13,ethusdt,binance,sell,60,318,1.3906331249539705,15.549692831632134
train,2026-01-13,ethusdt,binance,buy,120,789,10.529259983857644,65.66813640426807
train,2026-01-13,ethusdt,binance,sell,120,318,3.0054070113778897,23.90470105356399
train,2026-01-13,ethusdt,binance,buy,300,789,15.17909101113131,74.06781048231662
train,2026-01-13,ethusdt,binance,sell,300,318,4.150138940382774,29.08703391738761
train,2026-01-13,ethusdt,bybit,buy,-300,1790,-197.9970287727596,157.85879898149688
train,2026-01-13,ethusdt,bybit,sell,-300,105,-25.13529733991612,137.72902752798544
train,2026-01-13,ethusdt,bybit,buy,-120,1790,-155.94946605019237,128.86025497554013
train,2026-01-13,ethusdt,bybit,sell,-120,105,-4.390845589158553,98.09211638426821
train,2026-01-13,ethusdt,bybit,buy,-60,1790,-111.21744349663352,98.13695462746408
train,2026-01-13,ethusdt,bybit,sell,-60,105,3.850299239666508,67.37505968995292
train,2026-01-13,ethusdt,bybit,buy,-30,1790,-86.35229025339636,80.72063549801837
train,2026-01-13,ethusdt,bybit,sell,-30,105,2.1449052679250955,53.71356675271029
train,2026-01-13,ethusdt,bybit,buy,-10,1790,-47.48652387900465,39.81092133171955
train,2026-01-13,ethusdt,bybit,sell,-10,105,3.711298113417929,23.52724025960246
train,2026-01-13,ethusdt,bybit,buy,-5,1790,-32.30698631222407,24.867836051350064
train,2026-01-13,ethusdt,bybit,sell,-5,105,3.7490952399519757,12.347221604930219
train,2026-01-13,ethusdt,bybit,buy,-1,1790,-5.776895835019877,10.996727605786484
train,2026-01-13,ethusdt,bybit,sell,-1,105,0.06553318368937991,3.9935369496887447
train,2026-01-13,ethusdt,bybit,buy,0,1790,0.0,0.0
train,2026-01-13,ethusdt,bybit,sell,0,105,0.0,0.0
train,2026-01-13,ethusdt,bybit,buy,1,1790,-0.5424878714395123,12.63232390957626
train,2026-01-13,ethusdt,bybit,sell,1,105,-0.5258179627897516,6.5296927428761125
train,2026-01-13,ethusdt,bybit,buy,5,1790,3.7546410799615537,26.103954200086733
train,2026-01-13,ethusdt,bybit,sell,5,105,-0.07667703315429802,11.012615344269005
train,2026-01-13,ethusdt,bybit,buy,10,1790,8.689533452710654,56.5878601744465
train,2026-01-13,ethusdt,bybit,sell,10,105,0.853558838050838,17.48310293463874
train,2026-01-13,ethusdt,bybit,buy,30,1790,24.619698911946738,59.94361726752949
train,2026-01-13,ethusdt,bybit,sell,30,105,4.538379571014998,25.856652348844623
train,2026-01-13,ethusdt,bybit,buy,60,1790,27.474604881579438,89.06861438308665
train,2026-01-13,ethusdt,bybit,sell,60,105,2.40498156043612,33.194311341589255
train,2026-01-13,ethusdt,bybit,buy,120,1790,34.43392944020775,129.09841687069985
train,2026-01-13,ethusdt,bybit,sell,120,105,0.2907940401096723,38.36581389897685
train,2026-01-13,ethusdt,bybit,buy,300,1790,32.42476929442257,132.15227206639113
train,2026-01-13,ethusdt,bybit,sell,300,105,3.8262234404303594,46.75011957584462
train,2026-01-14,ethusdt,binance,buy,-300,874,-22.243635367744762,22.415260973533456
train,2026-01-14,ethusdt,binance,sell,-300,554,24.549563589380153,22.204288718463587
train,2026-01-14,ethusdt,binance,buy,-120,874,-17.815365718092114,18.67783116778236
train,2026-01-14,ethusdt,binance,sell,-120,554,19.634937030301177,15.634270322884106
train,2026-01-14,ethusdt,binance,buy,-60,874,-13.414164325419604,14.200726965077067
train,2026-01-14,ethusdt,binance,sell,-60,554,13.75378843528581,10.645328903675633
train,2026-01-14,ethusdt,binance,buy,-30,874,-9.829254455604712,10.921113007346088
train,2026-01-14,ethusdt,binance,sell,-30,554,10.678269885867275,8.585111715280933
train,2026-01-14,ethusdt,binance,buy,-10,874,-5.820155404253872,6.98197377638852
train,2026-01-14,ethusdt,binance,sell,-10,554,5.484638814116424,5.50311292815071
train,2026-01-14,ethusdt,binance,buy,-5,874,-3.868634216273806,5.739039005066296
train,2026-01-14,ethusdt,binance,sell,-5,554,3.425226715889464,4.223177702755982
train,2026-01-14,ethusdt,binance,buy,-1,874,-0.2222858211847348,2.1410355505814596
train,2026-01-14,ethusdt,binance,sell,-1,554,0.09676728080052877,1.8774626233820717
train,2026-01-14,ethusdt,binance,buy,0,874,0.0,0.0
train,2026-01-14,ethusdt,binance,sell,0,554,0.0,0.0
train,2026-01-14,ethusdt,binance,buy,1,874,0.0017601869409149525,2.161982185491011
train,2026-01-14,ethusdt,binance,sell,1,554,0.10053192627482316,1.6935024515132997
train,2026-01-14,ethusdt,binance,buy,5,874,0.08927566029160107,4.884943069849734
train,2026-01-14,ethusdt,binance,sell,5,554,0.18189380361139434,3.772903726138582
train,2026-01-14,ethusdt,binance,buy,10,874,0.14681192476903032,6.5470460248658675
train,2026-01-14,ethusdt,binance,sell,10,554,0.429757502343045,5.052786433873901
train,2026-01-14,ethusdt,binance,buy,30,874,-0.1780621881777087,9.964693496078217
train,2026-01-14,ethusdt,binance,sell,30,554,0.9708201427169093,7.947568984542325
train,2026-01-14,ethusdt,binance,buy,60,874,-0.899574156202078,12.693031174065048
train,2026-01-14,ethusdt,binance,sell,60,554,0.7839829176608902,9.941231794640947
train,2026-01-14,ethusdt,binance,buy,120,874,-0.452703639769733,19.280034170507626
train,2026-01-14,ethusdt,binance,sell,120,554,0.006139560964073054,14.523519026244042
train,2026-01-14,ethusdt,binance,buy,300,874,-2.325996360229764,21.834157619392414
train,2026-01-14,ethusdt,binance,sell,300,554,2.9802186925778837,21.81202820360698
train,2026-01-14,ethusdt,bybit,buy,-300,703,-45.93913472907899,27.396179117821198
train,2026-01-14,ethusdt,bybit,sell,-300,295,38.39443702172355,25.36087427138557
train,2026-01-14,ethusdt,bybit,buy,-120,703,-36.19650709658553,22.79893522994931
train,2026-01-14,ethusdt,bybit,sell,-120,295,27.502692897945764,17.949862886266192
train,2026-01-14,ethusdt,bybit,buy,-60,703,-28.70998296080849,22.484876151936287
train,2026-01-14,ethusdt,bybit,sell,-60,295,20.795983711831532,13.905939425711065
train,2026-01-14,ethusdt,bybit,buy,-30,703,-21.297604630499023,16.839045704877808
train,2026-01-14,ethusdt,bybit,sell,-30,295,17.633105774761127,12.34065396963043
train,2026-01-14,ethusdt,bybit,buy,-10,703,-14.299988618872677,10.505806009127374
train,2026-01-14,ethusdt,bybit,sell,-10,295,12.33251316827748,10.595382386373595
train,2026-01-14,ethusdt,bybit,buy,-5,703,-11.34270501693017,8.942596469528711
train,2026-01-14,ethusdt,bybit,sell,-5,295,9.500155592936675,9.198285835506976
train,2026-01-14,ethusdt,bybit,buy,-1,703,-1.51467038049141,4.9033011874681085
train,2026-01-14,ethusdt,bybit,sell,-1,295,1.0797126004646416,3.738230098112111
train,2026-01-14,ethusdt,bybit,buy,0,703,0.0,0.0
train,2026-01-14,ethusdt,bybit,sell,0,295,0.0,0.0
train,2026-01-14,ethusdt,bybit,buy,1,703,0.13376805600852634,3.9106693012303477
train,2026-01-14,ethusdt,bybit,sell,1,295,-0.10709306180549515,2.6968909740187454
train,2026-01-14,ethusdt,bybit,buy,5,703,-1.9338782465519142,7.277377261124286
train,2026-01-14,ethusdt,bybit,sell,5,295,0.585047913524072,4.887902874465447
train,2026-01-14,ethusdt,bybit,buy,10,703,-2.876064986685755,11.903539145484903
train,2026-01-14,ethusdt,bybit,sell,10,295,0.7810835365448239,5.669081128521354
train,2026-01-14,ethusdt,bybit,buy,30,703,-3.976521501581401,17.115060474511672
train,2026-01-14,ethusdt,bybit,sell,30,295,1.6787184298092774,9.315331902812995
train,2026-01-14,ethusdt,bybit,buy,60,703,-8.04386056433763,22.009667394487554
train,2026-01-14,ethusdt,bybit,sell,60,295,2.527980380988836,11.01865359395238
train,2026-01-14,ethusdt,bybit,buy,120,703,-7.896440111932134,33.335619396311166
train,2026-01-14,ethusdt,bybit,sell,120,295,2.6038389798724433,16.201754121569945
train,2026-01-14,ethusdt,bybit,buy,300,703,-16.672603856791284,25.900080638137016
train,2026-01-14,ethusdt,bybit,sell,300,295,1.2852448120469404,20.584026773612898
train,2026-01-15,ethusdt,binance,buy,-300,539,-19.957440254650475,22.166973885321006
train,2026-01-15,ethusdt,binance,sell,-300,720,31.564266899623362,24.280927538055746
train,2026-01-15,ethusdt,binance,buy,-120,539,-16.415770446233086,16.264290379075458
train,2026-01-15,ethusdt,binance,sell,-120,720,20.96276391550824,15.794689258109752
train,2026-01-15,ethusdt,binance,buy,-60,539,-13.232749890789705,11.868816859834208
train,2026-01-15,ethusdt,binance,sell,-60,720,16.201751507478114,13.649007301956592
train,2026-01-15,ethusdt,binance,buy,-30,539,-9.40675442259455,8.364800061251238
train,2026-01-15,ethusdt,binance,sell,-30,720,11.681734699260723,10.774855166060702
train,2026-01-15,ethusdt,binance,buy,-10,539,-5.3189430581529304,5.157721858327083
train,2026-01-15,ethusdt,binance,sell,-10,720,6.715699577301504,7.1304572133098265
train,2026-01-15,ethusdt,binance,buy,-5,539,-3.8099873297790414,3.887842583105869
train,2026-01-15,ethusdt,binance,sell,-5,720,4.100405467079439,5.1225724064703675
train,2026-01-15,ethusdt,binance,buy,-1,539,-0.3599272533423663,1.6691425119660108
train,2026-01-15,ethusdt,binance,sell,-1,720,0.2595007973796355,2.013490599948209
train,2026-01-15,ethusdt,binance,buy,0,539,0.0,0.0
train,2026-01-15,ethusdt,binance,sell,0,720,0.0,0.0
train,2026-01-15,ethusdt,binance,buy,1,539,-0.007941576151472613,1.4371803300435915
train,2026-01-15,ethusdt,binance,sell,1,720,-0.02010797579790891,1.8668560881056806
train,2026-01-15,ethusdt,binance,buy,5,539,-0.32255557170561283,3.4913851912787566
train,2026-01-15,ethusdt,binance,sell,5,720,0.15534736284929876,3.7109944127075023
train,2026-01-15,ethusdt,binance,buy,10,539,-0.10854767274073963,4.628645159232236
train,2026-01-15,ethusdt,binance,sell,10,720,0.4553765492555729,4.926498497990583
train,2026-01-15,ethusdt,binance,buy,30,539,0.032213149928487485,8.189756326770134
train,2026-01-15,ethusdt,binance,sell,30,720,0.7705588252768388,9.016672711596767
train,2026-01-15,ethusdt,binance,buy,60,539,-0.3012882609323189,10.840107471135799
train,2026-01-15,ethusdt,binance,sell,60,720,1.02502521894019,11.448088806119177
train,2026-01-15,ethusdt,binance,buy,120,539,-0.38841533454704724,15.125017126658395
train,2026-01-15,ethusdt,binance,sell,120,720,0.7375106266809233,17.553393186953233
train,2026-01-15,ethusdt,binance,buy,300,539,-2.9794164324646784,21.655818338946375
train,2026-01-15,ethusdt,binance,sell,300,720,1.7553160428409,26.998717358698
train,2026-01-15,ethusdt,bybit,buy,-300,217,-28.42220190757015,21.992056661446632
train,2026-01-15,ethusdt,bybit,sell,-300,623,46.88968435204707,23.394498719455736
train,2026-01-15,ethusdt,bybit,buy,-120,217,-21.83260363028282,16.37732906272311
train,2026-01-15,ethusdt,bybit,sell,-120,623,33.51174496732032,16.321521116786442
train,2026-01-15,ethusdt,bybit,buy,-60,217,-16.997317666350128,12.856232031326927
train,2026-01-15,ethusdt,bybit,sell,-60,623,27.190893461689463,14.444340812584509
train,2026-01-15,ethusdt,bybit,buy,-30,217,-12.118302693675545,9.03261827474229
train,2026-01-15,ethusdt,bybit,sell,-30,623,20.33912982582912,13.914185747144245
train,2026-01-15,ethusdt,bybit,buy,-10,217,-7.27440179584684,5.755464930277766
train,2026-01-15,ethusdt,bybit,sell,-10,623,13.68958580129978,11.0519162742657
train,2026-01-15,ethusdt,bybit,buy,-5,217,-6.0500840855786775,4.746240831612363
train,2026-01-15,ethusdt,bybit,sell,-5,623,9.545613389571391,8.983260323695424
train,2026-01-15,ethusdt,bybit,buy,-1,217,-1.2918864842055535,3.3308492697734025
train,2026-01-15,ethusdt,bybit,sell,-1,623,0.6789886507620281,3.271622544735652
train,2026-01-15,ethusdt,bybit,buy,0,217,0.0,0.0
train,2026-01-15,ethusdt,bybit,sell,0,623,0.0,0.0
train,2026-01-15,ethusdt,bybit,buy,1,217,0.053794053711512996,2.001412339493883
train,2026-01-15,ethusdt,bybit,sell,1,623,0.2510493704111993,2.6942112882504015
train,2026-01-15,ethusdt,bybit,buy,5,217,-1.023171800410216,3.7881354841501564
train,2026-01-15,ethusdt,bybit,sell,5,623,0.2655778551558925,5.1610861385376365
train,2026-01-15,ethusdt,bybit,buy,10,217,-0.9665435626188649,4.777458605466371
train,2026-01-15,ethusdt,bybit,sell,10,623,0.33856300655399835,6.626170770918757
train,2026-01-15,ethusdt,bybit,buy,30,217,-0.6697495741506607,8.467946940020973
train,2026-01-15,ethusdt,bybit,sell,30,623,0.9897489212679069,10.375812315900323
train,2026-01-15,ethusdt,bybit,buy,60,217,-0.09961139214419562,10.296837589217912
train,2026-01-15,ethusdt,bybit,sell,60,623,2.1868165084661877,13.365400164515584
train,2026-01-15,ethusdt,bybit,buy,120,217,-0.32968073543766885,14.6034016656491
train,2026-01-15,ethusdt,bybit,sell,120,623,1.786290351148638,21.703574977866182
train,2026-01-15,ethusdt,bybit,buy,300,217,-3.7549137602171205,21.29565268697454
train,2026-01-15,ethusdt,bybit,sell,300,623,5.743895642959005,31.13267307181156
train,2026-01-16,ethusdt,binance,buy,-300,327,-13.758161922287588,15.632647334440225
train,2026-01-16,ethusdt,binance,sell,-300,427,20.565101863851098,19.260844101536374
train,2026-01-16,ethusdt,binance,buy,-120,327,-10.10559333881212,10.173368978101017
train,2026-01-16,ethusdt,binance,sell,-120,427,15.727385553216518,15.80995760201597
train,2026-01-16,ethusdt,binance,buy,-60,327,-9.07092207239537,8.709779952548725
train,2026-01-16,ethusdt,binance,sell,-60,427,12.263779005717465,11.6141849587978
train,2026-01-16,ethusdt,binance,buy,-30,327,-7.0709964672384364,6.7893067974481305
train,2026-01-16,ethusdt,binance,sell,-30,427,8.980010368419403,9.408512738312838
train,2026-01-16,ethusdt,binance,buy,-10,327,-4.293898230213306,4.8149533385515655
train,2026-01-16,ethusdt,binance,sell,-10,427,5.669602620311122,6.9688331236481655
train,2026-01-16,ethusdt,binance,buy,-5,327,-2.9379332120258352,3.983561280646387
train,2026-01-16,ethusdt,binance,sell,-5,427,3.7549884769107793,5.625118759077773
train,2026-01-16,ethusdt,binance,buy,-1,327,-0.28406854980402635,1.4978489022625647
train,2026-01-16,ethusdt,binance,sell,-1,427,0.25558648433912345,1.844802770425345
train,2026-01-16,ethusdt,binance,buy,0,327,0.0,0.0
train,2026-01-16,ethusdt,binance,sell,0,427,0.0,0.0
train,2026-01-16,ethusdt,binance,buy,1,327,-0.15883856935538804,1.0883672232651345
train,2026-01-16,ethusdt,binance,sell,1,427,0.07835342152127431,1.646509751844264
train,2026-01-16,ethusdt,binance,buy,5,327,-0.26750774762551355,2.6601734518507456
train,2026-01-16,ethusdt,binance,sell,5,427,0.3579575678477584,3.2614274126679343
train,2026-01-16,ethusdt,binance,buy,10,327,-0.43421359783763397,3.6437155458938606
train,2026-01-16,ethusdt,binance,sell,10,427,0.7890586637503462,4.338406182809733
train,2026-01-16,ethusdt,binance,buy,30,327,-1.0081060966105504,5.57604768035003
train,2026-01-16,ethusdt,binance,sell,30,427,1.0791903234913325,7.76414719669262
train,2026-01-16,ethusdt,binance,buy,60,327,-1.5812431001373335,7.1911653915000935
train,2026-01-16,ethusdt,binance,sell,60,427,1.9914216160022185,10.977617898165374
train,2026-01-16,ethusdt,binance,buy,120,327,-1.5720151657277313,8.246334839275551
train,2026-01-16,ethusdt,binance,sell,120,427,1.9869523776028222,13.703813491427377
train,2026-01-16,ethusdt,binance,buy,300,327,-1.835255021102096,13.535017337683785
train,2026-01-16,ethusdt,binance,sell,300,427,4.263144246026776,18.33377109429498
train,2026-01-16,ethusdt,bybit,buy,-300,102,-14.018311104793131,20.195180642901125
train,2026-01-16,ethusdt,bybit,sell,-300,358,39.39005540067843,24.667472638590763
train,2026-01-16,ethusdt,bybit,buy,-120,102,-10.012125498889572,16.381120439128484
train,2026-01-16,ethusdt,bybit,sell,-120,358,36.98410250696143,21.857345603634574
train,2026-01-16,ethusdt,bybit,buy,-60,102,-10.042252717528877,14.92917543203597
train,2026-01-16,ethusdt,bybit,sell,-60,358,28.40866276769783,16.453349812887822
train,2026-01-16,ethusdt,bybit,buy,-30,102,-8.119895436873668,11.629491365368807
train,2026-01-16,ethusdt,bybit,sell,-30,358,22.882726208317905,15.891336103819867
train,2026-01-16,ethusdt,bybit,buy,-10,102,-5.239061882406907,7.215497404892082
train,2026-01-16,ethusdt,bybit,sell,-10,358,14.258777201188364,9.924902826116535
train,2026-01-16,ethusdt,bybit,buy,-5,102,-4.215094909045604,7.456512600732629
train,2026-01-16,ethusdt,bybit,sell,-5,358,13.249451938345343,10.971823118030875
train,2026-01-16,ethusdt,bybit,buy,-1,102,-0.24786035935800113,2.35160868716925
train,2026-01-16,ethusdt,bybit,sell,-1,358,1.8647879956673448,4.29670559585525
train,2026-01-16,ethusdt,bybit,buy,0,102,0.0,0.0
train,2026-01-16,ethusdt,bybit,sell,0,358,0.0,0.0
train,2026-01-16,ethusdt,bybit,buy,1,102,-0.06965119492358117,1.3368663831527714
train,2026-01-16,ethusdt,bybit,sell,1,358,-0.18710701412167705,3.004254509530112
train,2026-01-16,ethusdt,bybit,buy,5,102,-1.0267925349256666,2.68341498306209
train,2026-01-16,ethusdt,bybit,sell,5,358,1.3965070039934424,5.363411966672822
train,2026-01-16,ethusdt,bybit,buy,10,102,-1.4684649039907292,3.967921764968933
train,2026-01-16,ethusdt,bybit,sell,10,358,3.5424720631302407,6.4082169613031805
train,2026-01-16,ethusdt,bybit,buy,30,102,-1.330638046744324,5.942421058874314
train,2026-01-16,ethusdt,bybit,sell,30,358,2.98747644062287,10.540481629488495
train,2026-01-16,ethusdt,bybit,buy,60,102,-2.2682143081155344,7.5259759483838895
train,2026-01-16,ethusdt,bybit,sell,60,358,7.353539181804231,10.756911806111034
train,2026-01-16,ethusdt,bybit,buy,120,102,-2.0026264808072396,9.040241640482988
train,2026-01-16,ethusdt,bybit,sell,120,358,3.5434618249883854,13.443506783887013
train,2026-01-16,ethusdt,bybit,buy,300,102,-0.10169020434556557,15.53440748520159
train,2026-01-16,ethusdt,bybit,sell,300,358,14.307419051626939,18.234033742136813
train,2026-01-17,ethusdt,binance,buy,-300,186,-7.637698156835592,8.180863752363804
train,2026-01-17,ethusdt,binance,sell,-300,145,6.6831384351899565,10.010274738575687
train,2026-01-17,ethusdt,binance,buy,-120,186,-5.5479786234931865,6.673366884388161
train,2026-01-17,ethusdt,binance,sell,-120,145,5.0353629313975965,7.165564856998755
train,2026-01-17,ethusdt,binance,buy,-60,186,-4.131155395415472,5.297507724026673
train,2026-01-17,ethusdt,binance,sell,-60,145,3.9747835996278242,5.999349909160278
train,2026-01-17,ethusdt,binance,buy,-30,186,-3.7385545753097045,4.962888103108668
train,2026-01-17,ethusdt,binance,sell,-30,145,2.967201539885952,4.924073572275274
train,2026-01-17,ethusdt,binance,buy,-10,186,-2.603477297755644,4.381040874080311
train,2026-01-17,ethusdt,binance,sell,-10,145,1.778353061073797,3.2372563409733783
train,2026-01-17,ethusdt,binance,buy,-5,186,-1.9004759303504737,3.313538745953894
train,2026-01-17,ethusdt,binance,sell,-5,145,1.4851087171125423,2.760569914241757
train,2026-01-17,ethusdt,binance,buy,-1,186,-0.2034903846003848,0.9787656491367611
train,2026-01-17,ethusdt,binance,sell,-1,145,0.027298012837800978,1.055425424637829
train,2026-01-17,ethusdt,binance,buy,0,186,0.0,0.0
train,2026-01-17,ethusdt,binance,sell,0,145,0.0,0.0
train,2026-01-17,ethusdt,binance,buy,1,186,0.0703802202501021,0.8463871451544902
train,2026-01-17,ethusdt,binance,sell,1,145,-0.19884767138008316,0.9901624521490341
train,2026-01-17,ethusdt,binance,buy,5,186,0.09779435489028475,1.8193561799451081
train,2026-01-17,ethusdt,binance,sell,5,145,-0.17462018577205385,1.6619241445177426
train,2026-01-17,ethusdt,binance,buy,10,186,-0.12177805539921946,2.3545371315421577
train,2026-01-17,ethusdt,binance,sell,10,145,0.008598194936150926,1.8457568778913283
train,2026-01-17,ethusdt,binance,buy,30,186,-1.0081097465368314,3.635848933065365
train,2026-01-17,ethusdt,binance,sell,30,145,-0.19606145135430775,3.038697105363261
train,2026-01-17,ethusdt,binance,buy,60,186,-1.5028753459507014,4.57221153390392
train,2026-01-17,ethusdt,binance,sell,60,145,0.04983213617870402,4.5112617647809445
train,2026-01-17,ethusdt,binance,buy,120,186,-1.0231182615262235,5.377838466059538
train,2026-01-17,ethusdt,binance,sell,120,145,0.5074317426778168,6.061078812051514
train,2026-01-17,ethusdt,binance,buy,300,186,-1.2561081390083353,6.844667928209779
train,2026-01-17,ethusdt,binance,sell,300,145,2.3363358560719023,5.6136363443991675
train,2026-01-17,ethusdt,bybit,buy,-300,92,-14.056409477920095,7.98321555226156
train,2026-01-17,ethusdt,bybit,sell,-300,36,14.716613838953338,11.820666046388585
train,2026-01-17,ethusdt,bybit,buy,-120,92,-11.383930792605408,7.427555648043552
train,2026-01-17,ethusdt,bybit,sell,-120,36,12.333408088221653,9.300484939420855
train,2026-01-17,ethusdt,bybit,buy,-60,92,-9.048731395492322,6.040938143852795
train,2026-01-17,ethusdt,bybit,sell,-60,36,10.271151362947705,7.039346565867699
train,2026-01-17,ethusdt,bybit,buy,-30,92,-8.63069068345567,5.825203822464081
train,2026-01-17,ethusdt,bybit,sell,-30,36,7.672528265102506,6.2945888116508515
train,2026-01-17,ethusdt,bybit,buy,-10,92,-6.9633416839134155,5.644020926280588
train,2026-01-17,ethusdt,bybit,sell,-10,36,6.563771932619736,5.650825488702638
train,2026-01-17,ethusdt,bybit,buy,-5,92,-5.296450332484361,4.197980281306979
train,2026-01-17,ethusdt,bybit,sell,-5,36,6.144328433475093,5.159677408073185
train,2026-01-17,ethusdt,bybit,buy,-1,92,-1.1479888645567051,2.4702221463230076
train,2026-01-17,ethusdt,bybit,sell,-1,36,1.2237286094638407,3.3800416976985215
train,2026-01-17,ethusdt,bybit,buy,0,92,0.0,0.0
train,2026-01-17,ethusdt,bybit,sell,0,36,0.0,0.0
train,2026-01-17,ethusdt,bybit,buy,1,92,0.21510337433158286,1.1729780384306066
train,2026-01-17,ethusdt,bybit,sell,1,36,0.8663645118275227,2.197167565586217
train,2026-01-17,ethusdt,bybit,buy,5,92,0.4887269291634028,3.0221920428273514
train,2026-01-17,ethusdt,bybit,sell,5,36,0.9037692814781367,3.1384781341264483
train,2026-01-17,ethusdt,bybit,buy,10,92,0.097733503630573,4.038303250882085
train,2026-01-17,ethusdt,bybit,sell,10,36,1.9191751040172318,4.013041594565522
train,2026-01-17,ethusdt,bybit,buy,30,92,-1.8059086318323658,4.330833201272743
train,2026-01-17,ethusdt,bybit,sell,30,36,-0.2331300642612643,3.644104032612098
train,2026-01-17,ethusdt,bybit,buy,60,92,-2.4042674204600307,5.3008678321359
train,2026-01-17,ethusdt,bybit,sell,60,36,0.4718310569548925,5.433302695829259
train,2026-01-17,ethusdt,bybit,buy,120,92,0.20563385697064954,5.958368499910581
train,2026-01-17,ethusdt,bybit,sell,120,36,3.091543444233616,5.177163104895612
train,2026-01-17,ethusdt,bybit,buy,300,92,-2.560092242164998,6.795447337599378
train,2026-01-17,ethusdt,bybit,sell,300,36,8.246120619281045,7.496599241814583
train,2026-01-18,ethusdt,binance,buy,-300,270,-13.119225520311025,25.600821700947066
train,2026-01-18,ethusdt,binance,sell,-300,331,25.5691892760912,21.99507616441745
train,2026-01-18,ethusdt,binance,buy,-120,270,-13.277893446954005,21.16683305304517
train,2026-01-18,ethusdt,binance,sell,-120,331,19.074814335983678,18.31038052938236
train,2026-01-18,ethusdt,binance,buy,-60,270,-9.988751532231419,15.420027842387311
train,2026-01-18,ethusdt,binance,sell,-60,331,13.647506328886346,12.696254958826158
train,2026-01-18,ethusdt,binance,buy,-30,270,-7.83032273734558,12.188856338726263
train,2026-01-18,ethusdt,binance,sell,-30,331,10.215522035378642,10.549484005017307
train,2026-01-18,ethusdt,binance,buy,-10,270,-4.606624916278554,7.4153036277698146
train,2026-01-18,ethusdt,binance,sell,-10,331,5.243272813562488,6.081114780751659
train,2026-01-18,ethusdt,binance,buy,-5,270,-3.233381773173722,4.989821831835309
train,2026-01-18,ethusdt,binance,sell,-5,331,3.218012852965966,4.537440939386558
train,2026-01-18,ethusdt,binance,buy,-1,270,-0.29700651581591575,1.6865554276453398
train,2026-01-18,ethusdt,binance,sell,-1,331,0.16872427388528308,2.17891142461859
train,2026-01-18,ethusdt,binance,buy,0,270,0.0,0.0
train,2026-01-18,ethusdt,binance,sell,0,331,0.0,0.0
train,2026-01-18,ethusdt,binance,buy,1,270,0.10758117644970111,1.796032168672522
train,2026-01-18,ethusdt,binance,sell,1,331,-0.09005484737698145,2.2017639990938975
train,2026-01-18,ethusdt,binance,buy,5,270,0.21783992425774587,3.9365402910446226
train,2026-01-18,ethusdt,binance,sell,5,331,-0.5042649722403394,4.284629818814288
train,2026-01-18,ethusdt,binance,buy,10,270,0.6853587938298944,5.5426007439880856
train,2026-01-18,ethusdt,binance,sell,10,331,-0.8850587204415372,6.182841909442412
train,2026-01-18,ethusdt,binance,buy,30,270,0.7806695354152381,9.196332972674107
train,2026-01-18,ethusdt,binance,sell,30,331,-1.5163491124254613,9.699891764020355
train,2026-01-18,ethusdt,binance,buy,60,270,0.4862064351780789,11.230720319573072
train,2026-01-18,ethusdt,binance,sell,60,331,-1.3369860239577025,12.515133620609882
train,2026-01-18,ethusdt,binance,buy,120,270,-0.44870490676405744,11.512186303194486
train,2026-01-18,ethusdt,binance,sell,120,331,0.9313772250193364,17.15897387418844
train,2026-01-18,ethusdt,binance,buy,300,270,-2.6241510026182824,16.628217654301523
train,2026-01-18,ethusdt,binance,sell,300,331,-6.225850235016502,28.317857829470512
train,2026-01-18,ethusdt,bybit,buy,-300,252,-38.65194848174989,27.789138755195733
train,2026-01-18,ethusdt,bybit,sell,-300,397,40.29660063827642,21.40796072098734
train,2026-01-18,ethusdt,bybit,buy,-120,252,-35.50418525140567,25.7542488129636
train,2026-01-18,ethusdt,bybit,sell,-120,397,33.60655403037094,20.89092607942444
train,2026-01-18,ethusdt,bybit,buy,-60,252,-26.942454341714726,19.81222258023049
train,2026-01-18,ethusdt,bybit,sell,-60,397,23.508048137778935,15.365145187837147
train,2026-01-18,ethusdt,bybit,buy,-30,252,-22.949524444895125,17.16590304865151
train,2026-01-18,ethusdt,bybit,sell,-30,397,19.804392268539498,14.655761693504912
train,2026-01-18,ethusdt,bybit,buy,-10,252,-14.324628248327501,13.24294900855644
train,2026-01-18,ethusdt,bybit,sell,-10,397,10.788050163255619,8.891242211079142
train,2026-01-18,ethusdt,bybit,buy,-5,252,-10.04331010991872,7.458486356571584
train,2026-01-18,ethusdt,bybit,sell,-5,397,7.685134595561995,7.281914905542268
train,2026-01-18,ethusdt,bybit,buy,-1,252,-2.240119309300216,4.5300719473250295
train,2026-01-18,ethusdt,bybit,sell,-1,397,0.688512658336173,3.124142581617081
train,2026-01-18,ethusdt,bybit,buy,0,252,0.0,0.0
train,2026-01-18,ethusdt,bybit,sell,0,397,0.0,0.0
train,2026-01-18,ethusdt,bybit,buy,1,252,0.2212842779800838,2.695494569601607
train,2026-01-18,ethusdt,bybit,sell,1,397,0.07591754661197578,3.945036251297853
train,2026-01-18,ethusdt,bybit,buy,5,252,1.6900840766228296,7.760701364115152
train,2026-01-18,ethusdt,bybit,sell,5,397,-0.46431629427546833,6.88493889624275
train,2026-01-18,ethusdt,bybit,buy,10,252,3.4538735107448484,11.338681438099194
train,2026-01-18,ethusdt,bybit,sell,10,397,-0.6321521088323929,7.637957384998507
train,2026-01-18,ethusdt,bybit,buy,30,252,2.550975287892204,13.67853247998376
train,2026-01-18,ethusdt,bybit,sell,30,397,1.3772727515726868,9.429353460998183
train,2026-01-18,ethusdt,bybit,buy,60,252,1.167522527619598,16.447587992712666
train,2026-01-18,ethusdt,bybit,sell,60,397,-1.777996825210008,14.791145345537716
train,2026-01-18,ethusdt,bybit,buy,120,252,0.16221390906744998,17.318659203639644
train,2026-01-18,ethusdt,bybit,sell,120,397,1.5628494667693589,22.307055016548
train,2026-01-18,ethusdt,bybit,buy,300,252,-1.1586162134100235,14.571563507774464
train,2026-01-18,ethusdt,bybit,sell,300,397,-3.0650759793334448,26.667791273975524
train,2026-01-19,ethusdt,binance,buy,-300,328,0.8035166629137174,43.17295770118383
train,2026-01-19,ethusdt,binance,sell,-300,654,41.572668932961314,42.59287740685904
train,2026-01-19,ethusdt,binance,buy,-120,328,-3.9933206593207564,32.0168654824537
train,2026-01-19,ethusdt,binance,sell,-120,654,34.07383317783305,34.70689561920072
train,2026-01-19,ethusdt,binance,buy,-60,328,-8.058052343463046,22.819407030722935
train,2026-01-19,ethusdt,binance,sell,-60,654,25.03908508514698,24.406663535114628
train,2026-01-19,ethusdt,binance,buy,-30,328,-8.576667647620136,16.940371056296097
train,2026-01-19,ethusdt,binance,sell,-30,654,17.256223903561168,17.535805660281703
train,2026-01-19,ethusdt,binance,buy,-10,328,-6.171035605106945,9.730458962465999
train,2026-01-19,ethusdt,binance,sell,-10,654,8.80591414969072,10.367398998209325
train,2026-01-19,ethusdt,binance,buy,-5,328,-3.908294331572208,5.910681456799034
train,2026-01-19,ethusdt,binance,sell,-5,654,5.239092650092588,6.937144722993827
train,2026-01-19,ethusdt,binance,buy,-1,328,-0.3101590552006581,2.2823185281585867
train,2026-01-19,ethusdt,binance,sell,-1,654,0.5842388177659145,2.977776628860389
train,2026-01-19,ethusdt,binance,buy,0,328,0.0,0.0
train,2026-01-19,ethusdt,binance,sell,0,654,0.0,0.0
train,2026-01-19,ethusdt,binance,buy,1,328,-0.13175978212299233,2.155247990072507
train,2026-01-19,ethusdt,binance,sell,1,654,-0.24984123447613218,2.848526943402024
train,2026-01-19,ethusdt,binance,buy,5,328,-0.3873473652091972,4.914890524548906
train,2026-01-19,ethusdt,binance,sell,5,654,-0.8918150477747175,7.164645459772143
train,2026-01-19,ethusdt,binance,buy,10,328,-0.3744330139787582,7.358514301382169
train,2026-01-19,ethusdt,binance,sell,10,654,-1.002671772975807,10.600083531226026
train,2026-01-19,ethusdt,binance,buy,30,328,-1.647892238983571,14.228868939643103
train,2026-01-19,ethusdt,binance,sell,30,654,-2.4614506966373098,18.019539374930442
train,2026-01-19,ethusdt,binance,buy,60,328,-4.666459368081928,22.924047905269408
train,2026-01-19,ethusdt,binance,sell,60,654,-3.0458179524336297,28.322718349348253
train,2026-01-19,ethusdt,binance,buy,120,328,-5.755024262771556,27.525912434080823
train,2026-01-19,ethusdt,binance,sell,120,654,-1.188669199938245,43.21741779025358
train,2026-01-19,ethusdt,binance,buy,300,328,-6.16318425627375,23.66712393002493
train,2026-01-19,ethusdt,binance,sell,300,654,0.617540654457876,29.502126499408952
train,2026-01-19,ethusdt,bybit,buy,-300,147,33.52935715364288,67.80849547200945
train,2026-01-19,ethusdt,bybit,sell,-300,1564,84.95722366179045,45.610154417254144
train,2026-01-19,ethusdt,bybit,buy,-120,147,22.01285584921888,56.6927499025118
train,2026-01-19,ethusdt,bybit,sell,-120,1564,70.0281052998136,37.59777302110816
train,2026-01-19,ethusdt,bybit,buy,-60,147,9.406020795761544,40.220203520051584
train,2026-01-19,ethusdt,bybit,sell,-60,1564,50.692677090019515,25.111107634511463
train,2026-01-19,ethusdt,bybit,buy,-30,147,2.0727810580199266,26.313004133187857
train,2026-01-19,ethusdt,bybit,sell,-30,1564,34.33219527570487,20.419767937313306
train,2026-01-19,ethusdt,bybit,buy,-10,147,1.3232512904956577,14.534654893233936
train,2026-01-19,ethusdt,bybit,sell,-10,1564,19.789074631419247,12.351001993531328
train,2026-01-19,ethusdt,bybit,buy,-5,147,-0.1302880563966071,7.589920013576587
train,2026-01-19,ethusdt,bybit,sell,-5,1564,12.674094754832058,8.096175292006324
train,2026-01-19,ethusdt,bybit,buy,-1,147,0.43514478846571264,3.087197175594917
train,2026-01-19,ethusdt,bybit,sell,-1,1564,2.510893932900024,3.8645330656910386
train,2026-01-19,ethusdt,bybit,buy,0,147,0.0,0.0
train,2026-01-19,ethusdt,bybit,sell,0,1564,0.0,0.0
train,2026-01-19,ethusdt,bybit,buy,1,147,-0.002883660349594441,2.464872954868706
train,2026-01-19,ethusdt,bybit,sell,1,1564,-0.6372816225013709,3.8854887934929696
train,2026-01-19,ethusdt,bybit,buy,5,147,0.04733214265181084,5.905143595124409
train,2026-01-19,ethusdt,bybit,sell,5,1564,-2.122804625781142,11.272890784458935
train,2026-01-19,ethusdt,bybit,buy,10,147,-1.0242399738168113,9.951280716580275
train,2026-01-19,ethusdt,bybit,sell,10,1564,-1.9506897198938602,15.632837988854854
train,2026-01-19,ethusdt,bybit,buy,30,147,-5.667735597844864,16.32077737283682
train,2026-01-19,ethusdt,bybit,sell,30,1564,-5.02621553640498,26.179636891273955
train,2026-01-19,ethusdt,bybit,buy,60,147,-6.10469079944637,28.728330840215044
train,2026-01-19,ethusdt,bybit,sell,60,1564,-5.684151346083757,40.161769200603985
train,2026-01-19,ethusdt,bybit,buy,120,147,0.5648770006001946,46.72694844588167
train,2026-01-19,ethusdt,bybit,sell,120,1564,1.2925747845223252,66.12577482081574
train,2026-01-19,ethusdt,bybit,buy,300,147,0.425848665151147,25.762015755432742
train,2026-01-19,ethusdt,bybit,sell,300,1564,10.690363039991775,38.717352629864685
train,2026-01-20,ethusdt,binance,buy,-300,356,-11.602198346952397,34.761577680284674
train,2026-01-20,ethusdt,binance,sell,-300,1308,37.56888294944536,38.01896442799228
train,2026-01-20,ethusdt,binance,buy,-120,356,-16.68224044652497,19.41206109905187
train,2026-01-20,ethusdt,binance,sell,-120,1308,29.623260279100137,33.29702096457092
train,2026-01-20,ethusdt,binance,buy,-60,356,-14.947223246369202,13.140406065623335
train,2026-01-20,ethusdt,binance,sell,-60,1308,22.169167980700504,28.621047372067284
train,2026-01-20,ethusdt,binance,buy,-30,356,-11.778130771736308,9.723789097148279
train,2026-01-20,ethusdt,binance,sell,-30,1308,16.889166487319727,24.853594244138907
train,2026-01-20,ethusdt,binance,buy,-10,356,-6.5668401016505875,5.456198502387013
train,2026-01-20,ethusdt,binance,sell,-10,1308,8.644325065916249,16.56672130148363
train,2026-01-20,ethusdt,binance,buy,-5,356,-4.521473314486719,4.204459065080565
train,2026-01-20,ethusdt,binance,sell,-5,1308,4.978097007931654,10.990081015389176
train,2026-01-20,ethusdt,binance,buy,-1,356,-0.16390237031217864,1.8236902729916113
train,2026-01-20,ethusdt,binance,sell,-1,1308,0.48351389354421703,4.212991515687379
train,2026-01-20,ethusdt,binance,buy,0,356,0.0,0.0
train,2026-01-20,ethusdt,binance,sell,0,1308,0.0,0.0
train,2026-01-20,ethusdt,binance,buy,1,356,-0.059216195257288176,1.633541310181615
train,2026-01-20,ethusdt,binance,sell,1,1308,-0.4097394538025629,4.414273331777651
train,2026-01-20,ethusdt,binance,buy,5,356,-0.11196916358793825,3.5282468939420113
train,2026-01-20,ethusdt,binance,sell,5,1308,-0.6441465141756827,10.795737127928192
train,2026-01-20,ethusdt,binance,buy,10,356,-0.2993413616096934,5.068870872672032
train,2026-01-20,ethusdt,binance,sell,10,1308,-0.7344036355033564,15.612057160492071
train,2026-01-20,ethusdt,binance,buy,30,356,-1.3343741521716626,8.453096453185216
train,2026-01-20,ethusdt,binance,sell,30,1308,0.04602722815564161,16.449802780122162
train,2026-01-20,ethusdt,binance,buy,60,356,-2.5201991623253805,11.406404721968636
train,2026-01-20,ethusdt,binance,sell,60,1308,0.09348027114580794,18.116023342149568
train,2026-01-20,ethusdt,binance,buy,120,356,-5.405488373906634,16.549965168889877
train,2026-01-20,ethusdt,binance,sell,120,1308,0.6504558475189679,23.445690324811647
train,2026-01-20,ethusdt,binance,buy,300,356,-5.130082670086207,19.915985213573414
train,2026-01-20,ethusdt,binance,sell,300,1308,4.323660055471691,27.444835760081897
train,2026-01-20,ethusdt,bybit,buy,-300,113,-11.98963806952162,62.7466438487372
train,2026-01-20,ethusdt,bybit,sell,-300,4046,86.48933151683899,54.30585122859575
train,2026-01-20,ethusdt,bybit,buy,-120,113,-19.557252028638374,50.070755144190805
train,2026-01-20,ethusdt,bybit,sell,-120,4046,79.00483393549062,56.75565042559935
train,2026-01-20,ethusdt,bybit,buy,-60,113,-12.405395016443508,41.59644265285352
train,2026-01-20,ethusdt,bybit,sell,-60,4046,70.35878458787931,59.621708294005465
train,2026-01-20,ethusdt,bybit,buy,-30,113,-7.175954630843348,39.27309851233943
train,2026-01-20,ethusdt,bybit,sell,-30,4046,64.69780855357561,60.73195450784045
train,2026-01-20,ethusdt,bybit,buy,-10,113,-3.6921247013472325,25.24906001997679
train,2026-01-20,ethusdt,bybit,sell,-10,4046,48.58826236303829,50.19035063528961
train,2026-01-20,ethusdt,bybit,buy,-5,113,-3.41045582710118,12.828341832905963
train,2026-01-20,ethusdt,bybit,sell,-5,4046,30.52249281352433,28.80217977789319
train,2026-01-20,ethusdt,bybit,buy,-1,113,0.010127814580723746,3.317741164851857
train,2026-01-20,ethusdt,bybit,sell,-1,4046,5.5689331433428535,10.30913890706256
train,2026-01-20,ethusdt,bybit,buy,0,113,0.0,0.0
train,2026-01-20,ethusdt,bybit,sell,0,4046,0.0,0.0
train,2026-01-20,ethusdt,bybit,buy,1,113,0.04469420126778476,4.276038113991298
train,2026-01-20,ethusdt,bybit,sell,1,4046,-3.544814069429457,10.534206804947138
train,2026-01-20,ethusdt,bybit,buy,5,113,0.5224398170268668,10.03551977817399
train,2026-01-20,ethusdt,bybit,sell,5,4046,-10.23446488050747,33.16696414791485
train,2026-01-20,ethusdt,bybit,buy,10,113,-0.06719658686871811,12.893422414060645
train,2026-01-20,ethusdt,bybit,sell,10,4046,-5.946163536468934,46.546494739700094
train,2026-01-20,ethusdt,bybit,buy,30,113,-1.309599781894276,15.339524273197116
train,2026-01-20,ethusdt,bybit,sell,30,4046,3.656591055118366,39.3706732250039
train,2026-01-20,ethusdt,bybit,buy,60,113,-3.6143992463176287,15.193410846219452
train,2026-01-20,ethusdt,bybit,sell,60,4046,1.322513365299814,33.73672171567234
train,2026-01-20,ethusdt,bybit,buy,120,113,-9.559303598537412,23.19807024329774
train,2026-01-20,ethusdt,bybit,sell,120,4046,7.493111696312538,39.99124306604038
train,2026-01-20,ethusdt,bybit,buy,300,113,-5.875315126697453,23.993947058703554
train,2026-01-20,ethusdt,bybit,sell,300,4046,16.134331456741542,40.005883333413045
train,2026-01-21,ethusdt,binance,buy,-300,949,-40.502300734173204,43.003535520415994
train,2026-01-21,ethusdt,binance,sell,-300,1190,38.45098009378974,34.4767292019397
train,2026-01-21,ethusdt,binance,buy,-120,949,-29.856680354016383,26.480935405682622
train,2026-01-21,ethusdt,binance,sell,-120,1190,26.10979139862079,20.144045207870885
train,2026-01-21,ethusdt,binance,buy,-60,949,-23.084516235771627,18.39052472787513
train,2026-01-21,ethusdt,binance,sell,-60,1190,19.52041293649226,15.607462689517405
train,2026-01-21,ethusdt,binance,buy,-30,949,-17.2814580067068,13.59033585157144
train,2026-01-21,ethusdt,binance,sell,-30,1190,14.44704848254845,12.728587351975186
train,2026-01-21,ethusdt,binance,buy,-10,949,-9.40798956203386,8.187161378476194
train,2026-01-21,ethusdt,binance,sell,-10,1190,7.679447396242818,7.654320572057537
train,2026-01-21,ethusdt,binance,buy,-5,949,-5.828917765042756,5.863031066951329
train,2026-01-21,ethusdt,binance,sell,-5,1190,4.63022787000576,5.528448346947342
train,2026-01-21,ethusdt,binance,buy,-1,949,-0.3921384980612366,3.046286521936191
train,2026-01-21,ethusdt,binance,sell,-1,1190,0.28946970308377995,2.3414700065446095
train,2026-01-21,ethusdt,binance,buy,0,949,0.0,0.0
train,2026-01-21,ethusdt,binance,sell,0,1190,0.0,0.0
train,2026-01-21,ethusdt,binance,buy,1,949,0.05828266644897393,2.914314054833395
train,2026-01-21,ethusdt,binance,sell,1,1190,-0.032082498235459445,2.4489784515211674
train,2026-01-21,ethusdt,binance,buy,5,949,0.4266528849988321,5.809240400474365
train,2026-01-21,ethusdt,binance,sell,5,1190,-0.03731430070316306,5.206356044280049
train,2026-01-21,ethusdt,binance,buy,10,949,0.867886001719471,7.574759219882633
train,2026-01-21,ethusdt,binance,sell,10,1190,-0.13687975540034894,7.446790839954191
train,2026-01-21,ethusdt,binance,buy,30,949,1.4282069247369036,12.514695354073293
train,2026-01-21,ethusdt,binance,sell,30,1190,0.031646542834315436,12.16545139617679
train,2026-01-21,ethusdt,binance,buy,60,949,2.221708101370533,17.640529475148586
train,2026-01-21,ethusdt,binance,sell,60,1190,0.7607850767555075,16.44898884986379
train,2026-01-21,ethusdt,binance,buy,120,949,5.146459096985233,25.678449345381555
train,2026-01-21,ethusdt,binance,sell,120,1190,-0.7587321112842951,23.09434344921073
train,2026-01-21,ethusdt,binance,buy,300,949,10.858928520154327,40.46231762050286
train,2026-01-21,ethusdt,binance,sell,300,1190,-1.6833431249447643,36.98998687394771
train,2026-01-21,ethusdt,bybit,buy,-300,641,-64.63424886127281,45.2162603681243
train,2026-01-21,ethusdt,bybit,sell,-300,1954,71.53104795515374,35.46005754239067
train,2026-01-21,ethusdt,bybit,buy,-120,641,-43.64056132690786,29.661040525286495
train,2026-01-21,ethusdt,bybit,sell,-120,1954,46.06854471499797,24.476675422254953
train,2026-01-21,ethusdt,bybit,buy,-60,641,-33.29790536006234,21.57318621393145
train,2026-01-21,ethusdt,bybit,sell,-60,1954,35.63915330206179,23.62603304757087
train,2026-01-21,ethusdt,bybit,buy,-30,641,-26.47278122783444,17.970826909933063
train,2026-01-21,ethusdt,bybit,sell,-30,1954,29.99038845152838,20.439689203964406
train,2026-01-21,ethusdt,bybit,buy,-10,641,-15.883723571769224,11.10271784729493
train,2026-01-21,ethusdt,bybit,sell,-10,1954,18.007431567551006,12.059676087798064
train,2026-01-21,ethusdt,bybit,buy,-5,641,-11.048951294469044,8.7692497398368
train,2026-01-21,ethusdt,bybit,sell,-5,1954,13.059553659892956,10.136783338073263
train,2026-01-21,ethusdt,bybit,buy,-1,641,-1.3398797570022123,4.172090003589273
train,2026-01-21,ethusdt,bybit,sell,-1,1954,1.6263858224142407,4.837465593717994
train,2026-01-21,ethusdt,bybit,buy,0,641,0.0,0.0
train,2026-01-21,ethusdt,bybit,sell,0,1954,0.0,0.0
train,2026-01-21,ethusdt,bybit,buy,1,641,-0.42871326005312915,3.576436805929469
train,2026-01-21,ethusdt,bybit,sell,1,1954,0.051117082315516905,3.7615169832798836
train,2026-01-21,ethusdt,bybit,buy,5,641,0.3370771948968995,8.17376625205484
train,2026-01-21,ethusdt,bybit,sell,5,1954,-0.5166605292066315,7.5133861630840615
train,2026-01-21,ethusdt,bybit,buy,10,641,2.0627668864535025,10.628496384222778
train,2026-01-21,ethusdt,bybit,sell,10,1954,-0.19846385390948684,10.324794812809376
train,2026-01-21,ethusdt,bybit,buy,30,641,4.171375379264926,18.241847565068127
train,2026-01-21,ethusdt,bybit,sell,30,1954,-1.1387079691965116,14.370587644288001
train,2026-01-21,ethusdt,bybit,buy,60,641,7.2179289683123535,25.492474408945714
train,2026-01-21,ethusdt,bybit,sell,60,1954,1.9033368185560993,19.538296570637385
train,2026-01-21,ethusdt,bybit,buy,120,641,15.204586796531084,38.086264624865414
train,2026-01-21,ethusdt,bybit,sell,120,1954,9.070116352057807,30.54449964980275
train,2026-01-21,ethusdt,bybit,buy,300,641,28.251756333299554,60.75301517996314
train,2026-01-21,ethusdt,bybit,sell,300,1954,20.531669364457247,52.36644142484587
train,2026-01-22,ethusdt,binance,buy,-300,422,-23.73468357517375,26.90151631541791
train,2026-01-22,ethusdt,binance,sell,-300,793,29.768469301382297,28.709740028517096
train,2026-01-22,ethusdt,binance,buy,-120,422,-20.44067568874895,19.757677968315186
train,2026-01-22,ethusdt,binance,sell,-120,793,20.809985135100806,17.935383598347443
train,2026-01-22,ethusdt,binance,buy,-60,422,-15.749245742214178,13.61091588413674
train,2026-01-22,ethusdt,binance,sell,-60,793,15.573708525100496,13.960441957068102
train,2026-01-22,ethusdt,binance,buy,-30,422,-12.092323101416524,10.637843635228544
train,2026-01-22,ethusdt,binance,sell,-30,793,11.321522051564346,10.80360641611399
train,2026-01-22,ethusdt,binance,buy,-10,422,-6.652394315364744,6.218259830581204
train,2026-01-22,ethusdt,binance,sell,-10,793,6.001250193944605,6.313658815852347
train,2026-01-22,ethusdt,binance,buy,-5,422,-4.341151435796573,4.616480178475529
train,2026-01-22,ethusdt,binance,sell,-5,793,3.50649037777479,4.528857446814316
train,2026-01-22,ethusdt,binance,buy,-1,422,-0.388056713975495,1.9949272292481737
train,2026-01-22,ethusdt,binance,sell,-1,793,0.008014005549875726,2.2477069264023677
train,2026-01-22,ethusdt,binance,buy,0,422,0.0,0.0
train,2026-01-22,ethusdt,binance,sell,0,793,0.0,0.0
train,2026-01-22,ethusdt,binance,buy,1,422,0.12590620438426206,1.8395867255410503
train,2026-01-22,ethusdt,binance,sell,1,793,0.08124779411447462,2.1605732187463245
train,2026-01-22,ethusdt,binance,buy,5,422,-0.11190090818873982,3.9309313761797324
train,2026-01-22,ethusdt,binance,sell,5,793,0.11662226307279054,4.3989416533937655
train,2026-01-22,ethusdt,binance,buy,10,422,-0.056803050723050016,5.64710139989083
train,2026-01-22,ethusdt,binance,sell,10,793,0.47287069009735394,6.248876336663295
train,2026-01-22,ethusdt,binance,buy,30,422,0.052505571174204964,9.203038002255015
train,2026-01-22,ethusdt,binance,sell,30,793,1.101955635230906,8.507684581611024
train,2026-01-22,ethusdt,binance,buy,60,422,1.0903584592083853,14.531208595782996
train,2026-01-22,ethusdt,binance,sell,60,793,1.2860010285472632,10.730815438449216
train,2026-01-22,ethusdt,binance,buy,120,422,-0.0035338871647936513,20.401235422245023
train,2026-01-22,ethusdt,binance,sell,120,793,0.3463863710548256,16.605836215017433
train,2026-01-22,ethusdt,binance,buy,300,422,-4.814712936380819,25.49716606373024
train,2026-01-22,ethusdt,binance,sell,300,793,3.5775101536944898,25.310088236735005
train,2026-01-22,ethusdt,bybit,buy,-300,113,-38.3925022358044,31.921546721247317
train,2026-01-22,ethusdt,bybit,sell,-300,667,51.94169944059269,29.328712123289836
train,2026-01-22,ethusdt,bybit,buy,-120,113,-32.67915852496054,25.343066542416082
train,2026-01-22,ethusdt,bybit,sell,-120,667,34.28720276579037,21.23377442394583
train,2026-01-22,ethusdt,bybit,buy,-60,113,-24.460011980003703,16.958603790285725
train,2026-01-22,ethusdt,bybit,sell,-60,667,28.040307015234212,19.06565049395413
train,2026-01-22,ethusdt,bybit,buy,-30,113,-18.043442648353512,13.305033676738997
train,2026-01-22,ethusdt,bybit,sell,-30,667,21.865019325018785,16.582421347092097
train,2026-01-22,ethusdt,bybit,buy,-10,113,-10.308860323829833,8.484891666058216
train,2026-01-22,ethusdt,bybit,sell,-10,667,12.88108665118288,9.60518084206869
train,2026-01-22,ethusdt,bybit,buy,-5,113,-7.632074923558298,6.544971433017579
train,2026-01-22,ethusdt,bybit,sell,-5,667,9.058706919973252,7.485916396755763
train,2026-01-22,ethusdt,bybit,buy,-1,113,-0.6740553780518403,3.36365071029514
train,2026-01-22,ethusdt,bybit,sell,-1,667,0.7445687666973669,4.2653710224332055
train,2026-01-22,ethusdt,bybit,buy,0,113,0.0,0.0
train,2026-01-22,ethusdt,bybit,sell,0,667,0.0,0.0
train,2026-01-22,ethusdt,bybit,buy,1,113,0.1896285849154846,2.41526844575431
train,2026-01-22,ethusdt,bybit,sell,1,667,0.7080483808638987,3.71301260401929
train,2026-01-22,ethusdt,bybit,buy,5,113,0.2967995223152063,4.48370208489466
train,2026-01-22,ethusdt,bybit,sell,5,667,0.2558497949430612,6.9321570148411515
train,2026-01-22,ethusdt,bybit,buy,10,113,0.8874067937531245,6.127381590983602
train,2026-01-22,ethusdt,bybit,sell,10,667,0.9281598129935889,9.87317839528054
train,2026-01-22,ethusdt,bybit,buy,30,113,1.4196413731070816,12.547465374717886
train,2026-01-22,ethusdt,bybit,sell,30,667,1.0431895940316063,12.679718403281461
train,2026-01-22,ethusdt,bybit,buy,60,113,3.235573807040285,19.041470361769285
train,2026-01-22,ethusdt,bybit,sell,60,667,-0.7045098476457444,14.568251044350962
train,2026-01-22,ethusdt,bybit,buy,120,113,2.4733359704857634,28.022470389340718
train,2026-01-22,ethusdt,bybit,sell,120,667,-6.029400705422777,22.27819678142206
train,2026-01-22,ethusdt,bybit,buy,300,113,-7.1390436917318585,27.605826560512718
train,2026-01-22,ethusdt,bybit,sell,300,667,3.7741704554582722,32.92631110007085
train,2026-01-23,ethusdt,binance,buy,-300,455,-33.14866300820308,30.04232755254773
train,2026-01-23,ethusdt,binance,sell,-300,657,30.65529513214215,27.728120903708746
train,2026-01-23,ethusdt,binance,buy,-120,455,-27.03696467033501,22.510206180689185
train,2026-01-23,ethusdt,binance,sell,-120,657,21.24952602269525,16.93037978620288
train,2026-01-23,ethusdt,binance,buy,-60,455,-21.549422857448178,18.2700541190395
train,2026-01-23,ethusdt,binance,sell,-60,657,15.934893935421144,12.971527090758153
train,2026-01-23,ethusdt,binance,buy,-30,455,-15.617645597453762,12.736211355173811
train,2026-01-23,ethusdt,binance,sell,-30,657,12.371857909526934,10.511454518210039
train,2026-01-23,ethusdt,binance,buy,-10,455,-8.66612540369553,8.227785157878182
train,2026-01-23,ethusdt,binance,sell,-10,657,6.638256945178651,6.129762491912495
train,2026-01-23,ethusdt,binance,buy,-5,455,-5.490028108007658,6.452618387032812
train,2026-01-23,ethusdt,binance,sell,-5,657,4.093818907342322,4.570458666477708
train,2026-01-23,ethusdt,binance,buy,-1,455,-0.10346890739858752,2.5663423785470885
train,2026-01-23,ethusdt,binance,sell,-1,657,0.1500914818129786,2.147945265781429
train,2026-01-23,ethusdt,binance,buy,0,455,0.0,0.0
train,2026-01-23,ethusdt,binance,sell,0,657,0.0,0.0
train,2026-01-23,ethusdt,binance,buy,1,455,0.18954536914226724,2.515189474348576
train,2026-01-23,ethusdt,binance,sell,1,657,0.008249041760224911,1.8824361435369033
train,2026-01-23,ethusdt,binance,buy,5,455,0.38949050790553325,4.813266242918085
train,2026-01-23,ethusdt,binance,sell,5,657,0.3158105077385939,4.636382031561758
train,2026-01-23,ethusdt,binance,buy,10,455,0.1494137865065908,7.064660879171276
train,2026-01-23,ethusdt,binance,sell,10,657,0.29874514470437386,6.290118613772069
train,2026-01-23,ethusdt,binance,buy,30,455,0.6661597157469906,12.12041112931468
train,2026-01-23,ethusdt,binance,sell,30,657,0.7918703016510059,9.377570213560446
train,2026-01-23,ethusdt,binance,buy,60,455,0.10063799077768243,16.562287290956302
train,2026-01-23,ethusdt,binance,sell,60,657,1.483195978192772,12.788687936761033
train,2026-01-23,ethusdt,binance,buy,120,455,-0.8061204520211205,20.894065698009335
train,2026-01-23,ethusdt,binance,sell,120,657,1.399895768812098,16.070332720071374
train,2026-01-23,ethusdt,binance,buy,300,455,-4.265326967702403,26.030999275318326
train,2026-01-23,ethusdt,binance,sell,300,657,5.4799785312884755,32.290661455020654
train,2026-01-23,ethusdt,bybit,buy,-300,335,-55.354762571285676,26.601765028632403
train,2026-01-23,ethusdt,bybit,sell,-300,627,55.85304326461604,26.696492642338047
train,2026-01-23,ethusdt,bybit,buy,-120,335,-43.690829088355635,24.990018457498607
train,2026-01-23,ethusdt,bybit,sell,-120,627,35.86006346314753,15.752448929213518
train,2026-01-23,ethusdt,bybit,buy,-60,335,-37.250652581078015,22.79176883278435
train,2026-01-23,ethusdt,bybit,sell,-60,627,28.747815914728406,16.749526512592613
train,2026-01-23,ethusdt,bybit,buy,-30,335,-26.4657483582905,14.603598636120765
train,2026-01-23,ethusdt,bybit,sell,-30,627,24.354740749396832,16.1844012887817
train,2026-01-23,ethusdt,bybit,buy,-10,335,-17.822714944152533,11.627091965479357
train,2026-01-23,ethusdt,bybit,sell,-10,627,14.651674757143807,9.646023413504789
train,2026-01-23,ethusdt,bybit,buy,-5,335,-13.7082947340908,10.078805722894431
train,2026-01-23,ethusdt,bybit,sell,-5,627,9.899246843801263,6.688902208434485
train,2026-01-23,ethusdt,bybit,buy,-1,335,-3.477866717273305,7.940266605961926
train,2026-01-23,ethusdt,bybit,sell,-1,627,0.9601024452915053,4.464953929211119
train,2026-01-23,ethusdt,bybit,buy,0,335,0.0,0.0
train,2026-01-23,ethusdt,bybit,sell,0,627,0.0,0.0
train,2026-01-23,ethusdt,bybit,buy,1,335,0.23476583104523305,3.38311855642115
train,2026-01-23,ethusdt,bybit,sell,1,627,0.43117478074276494,2.9788777461562845
train,2026-01-23,ethusdt,bybit,buy,5,335,1.183545804425602,7.239626258010526
train,2026-01-23,ethusdt,bybit,sell,5,627,1.4234894072656519,7.235086101611758
train,2026-01-23,ethusdt,bybit,buy,10,335,0.6655079359484818,9.703411357668859
train,2026-01-23,ethusdt,bybit,sell,10,627,1.5135312861521582,11.025575045715701
train,2026-01-23,ethusdt,bybit,buy,30,335,-1.7997458648096003,13.267208634607924
train,2026-01-23,ethusdt,bybit,sell,30,627,2.0998104118124603,10.913896056007816
train,2026-01-23,ethusdt,bybit,buy,60,335,-1.1315671772842637,17.930227579043265
train,2026-01-23,ethusdt,bybit,sell,60,627,4.484691888524234,15.68569201979036
train,2026-01-23,ethusdt,bybit,buy,120,335,-5.374424028437762,18.94355929182438
train,2026-01-23,ethusdt,bybit,sell,120,627,0.6677837680673201,20.27222459922409
train,2026-01-23,ethusdt,bybit,buy,300,335,-8.421849193930516,27.55260436445774
train,2026-01-23,ethusdt,bybit,sell,300,627,10.843271516052644,32.05400916309114
train,2026-01-24,ethusdt,binance,buy,-300,99,-7.3351729477053125,8.843901865706417
train,2026-01-24,ethusdt,binance,sell,-300,211,7.686142416375829,13.287090311065569
train,2026-01-24,ethusdt,binance,buy,-120,99,-5.81772687612797,6.190743013483892
train,2026-01-24,ethusdt,binance,sell,-120,211,6.227836504112443,11.063593431229172
train,2026-01-24,ethusdt,binance,buy,-60,99,-4.080533521929177,4.910981487087694
train,2026-01-24,ethusdt,binance,sell,-60,211,4.874053547107588,8.350848149075013
train,2026-01-24,ethusdt,binance,buy,-30,99,-2.8111580665298437,3.804552293085417
train,2026-01-24,ethusdt,binance,sell,-30,211,3.4949830474647503,5.960742948536867
train,2026-01-24,ethusdt,binance,buy,-10,99,-2.1203479764589876,3.1142192989158795
train,2026-01-24,ethusdt,binance,sell,-10,211,2.2222863176860215,4.258528613043783
train,2026-01-24,ethusdt,binance,buy,-5,99,-1.6497478704092654,2.295444347803848
train,2026-01-24,ethusdt,binance,sell,-5,211,1.397012197621009,2.8341620163769154
train,2026-01-24,ethusdt,binance,buy,-1,99,-0.18675995280174787,0.9868230389784518
train,2026-01-24,ethusdt,binance,sell,-1,211,0.06745322594354117,1.1834184694200525
train,2026-01-24,ethusdt,binance,buy,0,99,0.0,0.0
train,2026-01-24,ethusdt,binance,sell,0,211,0.0,0.0
train,2026-01-24,ethusdt,binance,buy,1,99,0.09657092985554241,0.6477160289531608
train,2026-01-24,ethusdt,binance,sell,1,211,-0.09924139879738814,1.2822758718566236
train,2026-01-24,ethusdt,binance,buy,5,99,-0.13510955591106483,1.4993188047112316
train,2026-01-24,ethusdt,binance,sell,5,211,-0.21985388749172363,2.6074024815833803
train,2026-01-24,ethusdt,binance,buy,10,99,-0.44600640718656914,1.9770677814604134
train,2026-01-24,ethusdt,binance,sell,10,211,-0.4172706509131392,3.572558902643657
train,2026-01-24,ethusdt,binance,buy,30,99,-1.0010599086320282,2.9336163117693097
train,2026-01-24,ethusdt,binance,sell,30,211,-0.6955106908746866,5.726389686284853
train,2026-01-24,ethusdt,binance,buy,60,99,-1.6620992918298625,3.717873741054426
train,2026-01-24,ethusdt,binance,sell,60,211,-0.7493602988264855,7.935129279981055
train,2026-01-24,ethusdt,binance,buy,120,99,-1.9740445114703413,4.737903770921903
train,2026-01-24,ethusdt,binance,sell,120,211,-0.15880760447480988,7.84876267776516
train,2026-01-24,ethusdt,binance,buy,300,99,-2.670064458392738,6.425809044291237
train,2026-01-24,ethusdt,binance,sell,300,211,-0.383069985183722,8.214730414391049
train,2026-01-24,ethusdt,bybit,buy,-300,17,-12.92421627370425,8.0747268876146
train,2026-01-24,ethusdt,bybit,sell,-300,69,29.887202016559822,22.561033297250955
train,2026-01-24,ethusdt,bybit,buy,-120,17,-6.891244908578354,4.745427468508222
train,2026-01-24,ethusdt,bybit,sell,-120,69,26.954235743472683,20.43665893211703
train,2026-01-24,ethusdt,bybit,buy,-60,17,-5.183686249846601,4.442885247272704
train,2026-01-24,ethusdt,bybit,sell,-60,69,17.460836996796992,14.690106024905536
train,2026-01-24,ethusdt,bybit,buy,-30,17,-3.781986600597001,3.8102777524429836
train,2026-01-24,ethusdt,bybit,sell,-30,69,10.689752851240877,9.430565689837179
train,2026-01-24,ethusdt,bybit,buy,-10,17,-3.219563114630415,3.3021139301204667
train,2026-01-24,ethusdt,bybit,sell,-10,69,7.773556387621164,6.8059015115953265
train,2026-01-24,ethusdt,bybit,buy,-5,17,-2.8304263044598024,3.216221946568928
train,2026-01-24,ethusdt,bybit,sell,-5,69,5.729148396067116,4.891942110527631
train,2026-01-24,ethusdt,bybit,buy,-1,17,-0.6798102030251202,2.5432438916929647
train,2026-01-24,ethusdt,bybit,sell,-1,69,0.7915182360013764,2.007103759099496
train,2026-01-24,ethusdt,bybit,buy,0,17,0.0,0.0
train,2026-01-24,ethusdt,bybit,sell,0,69,0.0,0.0
train,2026-01-24,ethusdt,bybit,buy,1,17,-0.09308882324296605,0.6282676038862227
train,2026-01-24,ethusdt,bybit,sell,1,69,0.36745271038512217,1.1984332425450506
train,2026-01-24,ethusdt,bybit,buy,5,17,-0.2497189105686821,1.3653769252656367
train,2026-01-24,ethusdt,bybit,sell,5,69,3.7476792696673202,5.106842672912829
train,2026-01-24,ethusdt,bybit,buy,10,17,-0.30337069792050086,2.1538679478573255
train,2026-01-24,ethusdt,bybit,sell,10,69,3.8497754085037634,5.095842747785183
train,2026-01-24,ethusdt,bybit,buy,30,17,-1.350300221328576,2.813491346698718
train,2026-01-24,ethusdt,bybit,sell,30,69,1.167329070392943,6.506576370586466
train,2026-01-24,ethusdt,bybit,buy,60,17,-1.5477985573869573,2.900311911914658
train,2026-01-24,ethusdt,bybit,sell,60,69,5.494796651121246,11.447640497293733
train,2026-01-24,ethusdt,bybit,buy,120,17,-1.9620503015492115,3.5314415993937724
train,2026-01-24,ethusdt,bybit,sell,120,69,9.458170617840274,10.039654845970562
train,2026-01-24,ethusdt,bybit,buy,300,17,-3.4345801298397034,4.821814392756867
train,2026-01-24,ethusdt,bybit,sell,300,69,9.245847339902339,9.972132984398925
train,2026-01-25,ethusdt,binance,buy,-300,236,-10.0302739872916,27.603245814217868
train,2026-01-25,ethusdt,binance,sell,-300,1040,29.291580164213855,25.04244565049815
train,2026-01-25,ethusdt,binance,buy,-120,236,-9.315335070960197,21.015108173610656
train,2026-01-25,ethusdt,binance,sell,-120,1040,22.864639372735745,21.673611131446492
train,2026-01-25,ethusdt,binance,buy,-60,236,-8.727988376209614,18.262484341107736
train,2026-01-25,ethusdt,binance,sell,-60,1040,18.197118954859548,19.03456677291966
train,2026-01-25,ethusdt,binance,buy,-30,236,-8.21595641301507,14.553291681106714
train,2026-01-25,ethusdt,binance,sell,-30,1040,14.016286248674088,16.13260789330324
train,2026-01-25,ethusdt,binance,buy,-10,236,-5.300906832841838,10.958225328777795
train,2026-01-25,ethusdt,binance,sell,-10,1040,7.9727359234279955,11.203641333357826
train,2026-01-25,ethusdt,binance,buy,-5,236,-3.154047138378242,7.531695782170838
train,2026-01-25,ethusdt,binance,sell,-5,1040,4.655099817158493,8.062602368403322
train,2026-01-25,ethusdt,binance,buy,-1,236,0.16848609440601112,3.0441166476207657
train,2026-01-25,ethusdt,binance,sell,-1,1040,0.13325322835732553,3.130799605283057
train,2026-01-25,ethusdt,binance,buy,0,236,0.0,0.0
train,2026-01-25,ethusdt,binance,sell,0,1040,0.0,0.0
train,2026-01-25,ethusdt,binance,buy,1,236,-0.4189707877221084,2.496131799079536
train,2026-01-25,ethusdt,binance,sell,1,1040,-0.08799518876534461,3.32108071012974
train,2026-01-25,ethusdt,binance,buy,5,236,-0.5762865494661633,3.82587070594824
train,2026-01-25,ethusdt,binance,sell,5,1040,0.3283722413929596,9.07155842000806
train,2026-01-25,ethusdt,binance,buy,10,236,-0.29117281835738384,5.067820979591704
train,2026-01-25,ethusdt,binance,sell,10,1040,0.8284796606406808,11.867564355508247
train,2026-01-25,ethusdt,binance,buy,30,236,-1.304937490666256,7.886446566142744
train,2026-01-25,ethusdt,binance,sell,30,1040,2.1997993139406056,13.764947062250142
train,2026-01-25,ethusdt,binance,buy,60,236,-1.9084606676687914,10.881922619268858
train,2026-01-25,ethusdt,binance,sell,60,1040,4.071121480005571,15.800208746659889
train,2026-01-25,ethusdt,binance,buy,120,236,-2.34189435418138,14.462386044502892
train,2026-01-25,ethusdt,binance,sell,120,1040,5.7673704463467015,18.50904793428955
train,2026-01-25,ethusdt,binance,buy,300,236,-6.54493864900801,20.997923769439705
train,2026-01-25,ethusdt,binance,sell,300,1040,2.3718551063183626,23.89941213698821
train,2026-01-25,ethusdt,bybit,buy,-300,53,-19.891351127885006,33.23052763535992
train,2026-01-25,ethusdt,bybit,sell,-300,2683,59.91160546803646,29.41052152948444
train,2026-01-25,ethusdt,bybit,buy,-120,53,-12.489506204114054,26.391771018989395
train,2026-01-25,ethusdt,bybit,sell,-120,2683,53.71834897541776,31.4675864021662
train,2026-01-25,ethusdt,bybit,buy,-60,53,-8.361891125357403,20.65072153996682
train,2026-01-25,ethusdt,bybit,sell,-60,2683,49.04953802203214,30.883961850931044
train,2026-01-25,ethusdt,bybit,buy,-30,53,-7.756834683247627,18.139904210803543
train,2026-01-25,ethusdt,bybit,sell,-30,2683,43.023522259909804,30.02194503723062
train,2026-01-25,ethusdt,bybit,buy,-10,53,-3.5270277283535068,13.531694521704997
train,2026-01-25,ethusdt,bybit,sell,-10,2683,32.50867723134115,27.196161507020747
train,2026-01-25,ethusdt,bybit,buy,-5,53,-2.8841951262064907,11.791360011894895
train,2026-01-25,ethusdt,bybit,sell,-5,2683,25.341209716547525,21.791608787574734
train,2026-01-25,ethusdt,bybit,buy,-1,53,0.0075383973225394045,3.9383497232857345
train,2026-01-25,ethusdt,bybit,sell,-1,2683,5.246808467624552,8.507130470762167
train,2026-01-25,ethusdt,bybit,buy,0,53,0.0,0.0
train,2026-01-25,ethusdt,bybit,sell,0,2683,0.0,0.0
train,2026-01-25,ethusdt,bybit,buy,1,53,-0.3793299176264227,2.6229948454726517
train,2026-01-25,ethusdt,bybit,sell,1,2683,-2.357621850545664,7.8706599010535205
train,2026-01-25,ethusdt,bybit,buy,5,53,0.5474901376067258,6.095670384396771
train,2026-01-25,ethusdt,bybit,sell,5,2683,1.4623432112347037,20.41635533090062
train,2026-01-25,ethusdt,bybit,buy,10,53,2.1306741304833134,9.183933627233667
train,2026-01-25,ethusdt,bybit,sell,10,2683,7.318801455871623,21.034433457934828
train,2026-01-25,ethusdt,bybit,buy,30,53,-0.2603901139563851,10.285024801078986
train,2026-01-25,ethusdt,bybit,sell,30,2683,12.395557698729199,22.647365158888874
train,2026-01-25,ethusdt,bybit,buy,60,53,0.05717130999207498,13.259254976105375
train,2026-01-25,ethusdt,bybit,sell,60,2683,17.79437426881715,24.665423944372403
train,2026-01-25,ethusdt,bybit,buy,120,53,1.121415791810104,11.50996443623972
train,2026-01-25,ethusdt,bybit,sell,120,2683,22.269948298520582,24.949532328119595
train,2026-01-25,ethusdt,bybit,buy,300,53,-3.8706808713623166,19.11654409839732
train,2026-01-25,ethusdt,bybit,sell,300,2683,17.8707266506538,30.549639171392037
train,2026-01-26,ethusdt,binance,buy,-300,702,-36.106789459024355,30.411897815561677
train,2026-01-26,ethusdt,binance,sell,-300,551,21.83907560091232,28.559437525668073
train,2026-01-26,ethusdt,binance,buy,-120,702,-27.559502543680964,25.829159608770485
train,2026-01-26,ethusdt,binance,sell,-120,551,17.25796167024537,17.594581112549
train,2026-01-26,ethusdt,binance,buy,-60,702,-21.379618119687404,20.028314439608458
train,2026-01-26,ethusdt,binance,sell,-60,551,14.071673570612973,11.437576748583009
train,2026-01-26,ethusdt,binance,buy,-30,702,-15.414923626440096,15.09351971697129
train,2026-01-26,ethusdt,binance,sell,-30,551,10.627646015041078,9.24543857390286
train,2026-01-26,ethusdt,binance,buy,-10,702,-9.031365718800265,9.996151671107578
train,2026-01-26,ethusdt,binance,sell,-10,551,5.784754603948007,5.657521012426535
train,2026-01-26,ethusdt,binance,buy,-5,702,-5.847458943678488,7.283648765669767
train,2026-01-26,ethusdt,binance,sell,-5,551,3.6986271865873803,4.296744282384628
train,2026-01-26,ethusdt,binance,buy,-1,702,-0.28213171588035957,2.9716012862313703
train,2026-01-26,ethusdt,binance,sell,-1,551,0.07507718448212067,1.6670027230509685
train,2026-01-26,ethusdt,binance,buy,0,702,0.0,0.0
train,2026-01-26,ethusdt,binance,sell,0,551,0.0,0.0
train,2026-01-26,ethusdt,binance,buy,1,702,0.08271275161992679,2.4702832640132106
train,2026-01-26,ethusdt,binance,sell,1,551,-0.04607489483325751,1.774537399374156
train,2026-01-26,ethusdt,binance,buy,5,702,0.32251864550113984,6.427518738328937
train,2026-01-26,ethusdt,binance,sell,5,551,0.2253272065949905,3.6289153496099344
train,2026-01-26,ethusdt,binance,buy,10,702,0.1030585751807902,9.742040717081542
train,2026-01-26,ethusdt,binance,sell,10,551,0.4371603643488875,5.123145679328434
train,2026-01-26,ethusdt,binance,buy,30,702,0.19954982665236404,12.005485579259801
train,2026-01-26,ethusdt,binance,sell,30,551,0.32304940451058584,8.252385784918419
train,2026-01-26,ethusdt,binance,buy,60,702,0.21208721058747365,17.25191990674536
train,2026-01-26,ethusdt,binance,sell,60,551,0.12050073397584292,11.738907329832132
train,2026-01-26,ethusdt,binance,buy,120,702,-0.1887258586480323,22.011018376789156
train,2026-01-26,ethusdt,binance,sell,120,551,0.4294136209987514,14.024906902377744
train,2026-01-26,ethusdt,binance,buy,300,702,0.385636027119168,24.87460281269857
train,2026-01-26,ethusdt,binance,sell,300,551,5.208861879314718,27.676900111453513
train,2026-01-26,ethusdt,bybit,buy,-300,646,-62.37401854689348,37.68496117348617
train,2026-01-26,ethusdt,bybit,sell,-300,213,36.2559152419623,27.711946127192963
train,2026-01-26,ethusdt,bybit,buy,-120,646,-49.92548420818687,36.59832839254523
train,2026-01-26,ethusdt,bybit,sell,-120,213,27.63292609887423,23.061378534884753
train,2026-01-26,ethusdt,bybit,buy,-60,646,-38.992387172444495,29.63645347300606
train,2026-01-26,ethusdt,bybit,sell,-60,213,19.81303374003571,18.403890713835775
train,2026-01-26,ethusdt,bybit,buy,-30,646,-28.348831539308755,21.817345384626385
train,2026-01-26,ethusdt,bybit,sell,-30,213,14.994739858422498,12.471425970731511
train,2026-01-26,ethusdt,bybit,buy,-10,646,-19.78119172976693,15.560902026063888
train,2026-01-26,ethusdt,bybit,sell,-10,213,8.971369658600054,8.476583654895892
train,2026-01-26,ethusdt,bybit,buy,-5,646,-14.383670067905072,12.904962629796515
train,2026-01-26,ethusdt,bybit,sell,-5,213,7.3958711222934435,7.44483324663925
train,2026-01-26,ethusdt,bybit,buy,-1,646,-2.471657495493701,6.171570550022191
train,2026-01-26,ethusdt,bybit,sell,-1,213,0.8594741767726274,3.184364748960293
train,2026-01-26,ethusdt,bybit,buy,0,646,0.0,0.0
train,2026-01-26,ethusdt,bybit,sell,0,213,0.0,0.0
train,2026-01-26,ethusdt,bybit,buy,1,646,0.10956307286749577,4.697729758193111
train,2026-01-26,ethusdt,bybit,sell,1,213,0.10281757140414907,2.9151798631471855
train,2026-01-26,ethusdt,bybit,buy,5,646,-1.0034743971467361,7.599726880190248
train,2026-01-26,ethusdt,bybit,sell,5,213,-0.48470566763520706,4.213793913624663
train,2026-01-26,ethusdt,bybit,buy,10,646,-3.1214892343749447,12.019129553175565
train,2026-01-26,ethusdt,bybit,sell,10,213,0.16450933677458965,4.52660145891921
train,2026-01-26,ethusdt,bybit,buy,30,646,-5.655940871448724,15.514301668911683
train,2026-01-26,ethusdt,bybit,sell,30,213,1.3625913928878917,8.292795649253748
train,2026-01-26,ethusdt,bybit,buy,60,646,-9.294533381391991,22.79934169697354
train,2026-01-26,ethusdt,bybit,sell,60,213,-0.9709004375644777,12.326441316088903
train,2026-01-26,ethusdt,bybit,buy,120,646,-10.234560565345307,28.450961174459607
train,2026-01-26,ethusdt,bybit,sell,120,213,-0.8827904831247929,13.272092431060075
train,2026-01-26,ethusdt,bybit,buy,300,646,-6.043654900130496,27.564855448286792
train,2026-01-26,ethusdt,bybit,sell,300,213,7.889843502715187,29.996087913297654
train,2026-01-27,ethusdt,binance,buy,-300,657,-32.65633204512928,26.03650549206103
train,2026-01-27,ethusdt,binance,sell,-300,565,23.656071059638794,24.613103349041367
train,2026-01-27,ethusdt,binance,buy,-120,657,-26.027612840494168,19.18682081134388
train,2026-01-27,ethusdt,binance,sell,-120,565,14.98073950079472,13.05714204429136
train,2026-01-27,ethusdt,binance,buy,-60,657,-21.109651180817803,17.138792039143663
train,2026-01-27,ethusdt,binance,sell,-60,565,11.037534003276974,9.23827837410887
train,2026-01-27,ethusdt,binance,buy,-30,657,-16.299071721190852,14.640055534094547
train,2026-01-27,ethusdt,binance,sell,-30,565,8.148036332028298,7.283379499817865
train,2026-01-27,ethusdt,binance,buy,-10,657,-8.63274119832596,9.008193216308237
train,2026-01-27,ethusdt,binance,sell,-10,565,4.622372312717098,4.941702601576595
train,2026-01-27,ethusdt,binance,buy,-5,657,-5.412414122068492,6.303880618933493
train,2026-01-27,ethusdt,binance,sell,-5,565,2.94491257393894,3.5537619403025307
train,2026-01-27,ethusdt,binance,buy,-1,657,-0.321293737682354,2.682387129873338
train,2026-01-27,ethusdt,binance,sell,-1,565,0.025765027220309787,1.5968875240775795
train,2026-01-27,ethusdt,binance,buy,0,657,0.0,0.0
train,2026-01-27,ethusdt,binance,sell,0,565,0.0,0.0
train,2026-01-27,ethusdt,binance,buy,1,657,0.18278277761782813,2.516257819159313
train,2026-01-27,ethusdt,binance,sell,1,565,0.05754024528661396,1.609418986654122
train,2026-01-27,ethusdt,binance,buy,5,657,0.5012001143700981,5.244470299074876
train,2026-01-27,ethusdt,binance,sell,5,565,0.47094805628999525,3.0549593107723956
train,2026-01-27,ethusdt,binance,buy,10,657,0.6445360715515493,7.217031663123252
train,2026-01-27,ethusdt,binance,sell,10,565,0.6905173914090618,3.899822401973799
train,2026-01-27,ethusdt,binance,buy,30,657,0.4677501994551981,11.658578701039128
train,2026-01-27,ethusdt,binance,sell,30,565,1.504015498752016,6.330951124411787
train,2026-01-27,ethusdt,binance,buy,60,657,1.0807814330860903,14.089377222722716
train,2026-01-27,ethusdt,binance,sell,60,565,0.8446334271212379,9.22593894186907
train,2026-01-27,ethusdt,binance,buy,120,657,2.8701972336607144,19.01658161034922
train,2026-01-27,ethusdt,binance,sell,120,565,-0.6077977041471634,11.693397614422723
train,2026-01-27,ethusdt,binance,buy,300,657,2.5732808776810008,25.49929356514393
train,2026-01-27,ethusdt,binance,sell,300,565,-2.760065980586606,24.71149901127947
train,2026-01-27,ethusdt,bybit,buy,-300,707,-55.04673931276343,29.715962283115996
train,2026-01-27,ethusdt,bybit,sell,-300,167,37.682953401608756,32.94774263799935
train,2026-01-27,ethusdt,bybit,buy,-120,707,-42.7194947870761,20.486524729613468
train,2026-01-27,ethusdt,bybit,sell,-120,167,21.111558119941066,18.025221702653486
train,2026-01-27,ethusdt,bybit,buy,-60,707,-36.163874202209996,19.582734422473802
train,2026-01-27,ethusdt,bybit,sell,-60,167,14.726512602367121,12.987564369246188
train,2026-01-27,ethusdt,bybit,buy,-30,707,-29.472579996056144,18.26379004368868
train,2026-01-27,ethusdt,bybit,sell,-30,167,11.123664724464243,10.642588305331397
train,2026-01-27,ethusdt,bybit,buy,-10,707,-17.160550365246706,11.841892305814449
train,2026-01-27,ethusdt,bybit,sell,-10,167,7.940745818750907,8.629746121750731
train,2026-01-27,ethusdt,bybit,buy,-5,707,-12.00659862633941,8.660710941517655
train,2026-01-27,ethusdt,bybit,sell,-5,167,6.25930866940287,6.989181131683601
train,2026-01-27,ethusdt,bybit,buy,-1,707,-2.567288700757382,4.498890590346687
train,2026-01-27,ethusdt,bybit,sell,-1,167,0.5968366907272136,2.952791768493419
train,2026-01-27,ethusdt,bybit,buy,0,707,0.0,0.0
train,2026-01-27,ethusdt,bybit,sell,0,167,0.0,0.0
train,2026-01-27,ethusdt,bybit,buy,1,707,-0.3410247958838702,3.6108393747006318
train,2026-01-27,ethusdt,bybit,sell,1,167,0.4625412320712915,3.100230305027903
train,2026-01-27,ethusdt,bybit,buy,5,707,0.6217650241974978,6.714230564916377
train,2026-01-27,ethusdt,bybit,sell,5,167,1.440356562214767,4.716137593204185
train,2026-01-27,ethusdt,bybit,buy,10,707,0.8872097289692543,10.593679502766351
train,2026-01-27,ethusdt,bybit,sell,10,167,1.473877415399822,5.804288800422142
train,2026-01-27,ethusdt,bybit,buy,30,707,-1.3289416532071534,15.481469081643299
train,2026-01-27,ethusdt,bybit,sell,30,167,3.053763498977649,8.721379941782326
train,2026-01-27,ethusdt,bybit,buy,60,707,0.3234605392145223,16.101640813020857
train,2026-01-27,ethusdt,bybit,sell,60,167,1.4021772920459383,9.886551043694134
train,2026-01-27,ethusdt,bybit,buy,120,707,-0.4124063508589225,20.409537755101002
train,2026-01-27,ethusdt,bybit,sell,120,167,-3.012851413747613,14.932793327610323
train,2026-01-27,ethusdt,bybit,buy,300,707,2.2849478910282626,31.19656689314384
train,2026-01-27,ethusdt,bybit,sell,300,167,-6.691234582307008,25.74772754993373
train,2026-01-28,ethusdt,binance,buy,-300,557,-19.51786847289502,15.57221560626833
train,2026-01-28,ethusdt,binance,sell,-300,545,22.396940200926934,17.478034347275013
train,2026-01-28,ethusdt,binance,buy,-120,557,-15.781707128535416,11.512023317276466
train,2026-01-28,ethusdt,binance,sell,-120,545,16.11516029414811,12.514459515262539
train,2026-01-28,ethusdt,binance,buy,-60,557,-12.386304269699659,8.921714698797045
train,2026-01-28,ethusdt,binance,sell,-60,545,12.866689205909038,10.858243050043136
train,2026-01-28,ethusdt,binance,buy,-30,557,-9.414157206154261,7.345041161595581
train,2026-01-28,ethusdt,binance,sell,-30,545,9.276580342619907,7.808185018029175
train,2026-01-28,ethusdt,binance,buy,-10,557,-5.696365209653992,4.940874794048257
train,2026-01-28,ethusdt,binance,sell,-10,545,4.932052053819597,5.03038410069021
train,2026-01-28,ethusdt,binance,buy,-5,557,-3.7607788457653264,4.113569403165181
train,2026-01-28,ethusdt,binance,sell,-5,545,3.016476027578433,3.78050102706048
train,2026-01-28,ethusdt,binance,buy,-1,557,-0.1321886228164313,1.9340821052517654
train,2026-01-28,ethusdt,binance,sell,-1,545,-0.026977978005963445,1.824114542478487
train,2026-01-28,ethusdt,binance,buy,0,557,0.0,0.0
train,2026-01-28,ethusdt,binance,sell,0,545,0.0,0.0
train,2026-01-28,ethusdt,binance,buy,1,557,-0.03398034159564303,1.8338140333737762
train,2026-01-28,ethusdt,binance,sell,1,545,0.16290306889445616,1.4626036413395214
train,2026-01-28,ethusdt,binance,buy,5,557,-0.4097971238830837,3.8457855655791446
train,2026-01-28,ethusdt,binance,sell,5,545,0.3978998418958449,3.153430692174117
train,2026-01-28,ethusdt,binance,buy,10,557,-0.6152877677208669,4.79322392859942
train,2026-01-28,ethusdt,binance,sell,10,545,0.6738085569968323,4.462406436006795
train,2026-01-28,ethusdt,binance,buy,30,557,-1.8156560069853986,9.118360660844377
train,2026-01-28,ethusdt,binance,sell,30,545,1.1766700706863136,7.385984610646287
train,2026-01-28,ethusdt,binance,buy,60,557,-3.435366935608154,12.865749006078897
train,2026-01-28,ethusdt,binance,sell,60,545,1.2006352165629355,9.843585368844904
train,2026-01-28,ethusdt,binance,buy,120,557,-4.575962844934241,15.561984619151767
train,2026-01-28,ethusdt,binance,sell,120,545,1.2994572503598734,13.240080587902026
train,2026-01-28,ethusdt,binance,buy,300,557,-5.891879759080624,18.440833611740135
train,2026-01-28,ethusdt,binance,sell,300,545,4.05680122102901,18.003925345152673
train,2026-01-28,ethusdt,bybit,buy,-300,240,-32.171699146191976,18.631113490100606
train,2026-01-28,ethusdt,bybit,sell,-300,253,31.13127176082247,20.665674451661392
train,2026-01-28,ethusdt,bybit,buy,-120,240,-25.87252334760899,14.143445799176602
train,2026-01-28,ethusdt,bybit,sell,-120,253,21.002718383940532,14.14279055391609
train,2026-01-28,ethusdt,bybit,buy,-60,240,-19.519904059560407,10.935065848956635
train,2026-01-28,ethusdt,bybit,sell,-60,253,15.128449312166582,11.717074744275054
train,2026-01-28,ethusdt,bybit,buy,-30,240,-15.552229579527147,11.23932434729658
train,2026-01-28,ethusdt,bybit,sell,-30,253,12.217489926064388,10.128037678711996
train,2026-01-28,ethusdt,bybit,buy,-10,240,-10.250250904413747,7.77460045573569
train,2026-01-28,ethusdt,bybit,sell,-10,253,8.292573159209947,7.866793181160088
train,2026-01-28,ethusdt,bybit,buy,-5,240,-8.320976332952077,6.692358658620332
train,2026-01-28,ethusdt,bybit,sell,-5,253,5.876248203975356,6.170152776137907
train,2026-01-28,ethusdt,bybit,buy,-1,240,-0.8067885971438833,4.19888525294216
train,2026-01-28,ethusdt,bybit,sell,-1,253,0.5814423407916756,2.6171055761304585
train,2026-01-28,ethusdt,bybit,buy,0,240,0.0,0.0
train,2026-01-28,ethusdt,bybit,sell,0,253,0.0,0.0
train,2026-01-28,ethusdt,bybit,buy,1,240,-0.5244136105943539,3.2020162868205078
train,2026-01-28,ethusdt,bybit,sell,1,253,0.3655204477230352,2.2045212867441357
train,2026-01-28,ethusdt,bybit,buy,5,240,-1.9664569937714877,7.266557537353736
train,2026-01-28,ethusdt,bybit,sell,5,253,1.1179875201148601,3.6402122428605814
train,2026-01-28,ethusdt,bybit,buy,10,240,-2.458270976919182,6.611973247736115
train,2026-01-28,ethusdt,bybit,sell,10,253,1.774565661031407,5.282617754181044
train,2026-01-28,ethusdt,bybit,buy,30,240,-8.577017146757022,14.606521619361953
train,2026-01-28,ethusdt,bybit,sell,30,253,3.954127316008486,11.237399746735218
train,2026-01-28,ethusdt,bybit,buy,60,240,-12.940959788996423,15.748894569412926
train,2026-01-28,ethusdt,bybit,sell,60,253,4.8852080550045,13.541937121038014
train,2026-01-28,ethusdt,bybit,buy,120,240,-15.560227899663193,19.892616971887616
train,2026-01-28,ethusdt,bybit,sell,120,253,3.949248719169898,15.949834405580107
train,2026-01-28,ethusdt,bybit,buy,300,240,-16.55940540786492,22.288827745479704
train,2026-01-28,ethusdt,bybit,sell,300,253,11.375807469283684,24.594490997415196
train,2026-01-29,ethusdt,binance,buy,-300,495,-21.152411502608064,37.94832259253099
train,2026-01-29,ethusdt,binance,sell,-300,1418,41.69240501451661,34.63023342798872
train,2026-01-29,ethusdt,binance,buy,-120,495,-19.160103740866237,23.633168220130788
train,2026-01-29,ethusdt,binance,sell,-120,1418,25.26629046558394,21.715885799862033
train,2026-01-29,ethusdt,binance,buy,-60,495,-17.944068903551557,19.442288430251306
train,2026-01-29,ethusdt,binance,sell,-60,1418,20.7350179022273,17.80342455788909
train,2026-01-29,ethusdt,binance,buy,-30,495,-13.412954826455572,14.24014562121139
train,2026-01-29,ethusdt,binance,sell,-30,1418,15.246657171583939,14.387415680399034
train,2026-01-29,ethusdt,binance,buy,-10,495,-8.348529253826209,8.525821648389032
train,2026-01-29,ethusdt,binance,sell,-10,1418,8.08998278971109,9.14565748162027
train,2026-01-29,ethusdt,binance,buy,-5,495,-5.427717489918845,6.546686884279152
train,2026-01-29,ethusdt,binance,sell,-5,1418,4.716143648940669,6.661929748906145
train,2026-01-29,ethusdt,binance,buy,-1,495,-0.17380224737855218,2.558202397703793
train,2026-01-29,ethusdt,binance,sell,-1,1418,0.12638773898054034,2.9232661269334703
train,2026-01-29,ethusdt,binance,buy,0,495,0.0,0.0
train,2026-01-29,ethusdt,binance,sell,0,1418,0.0,0.0
train,2026-01-29,ethusdt,binance,buy,1,495,-0.002116019858067253,2.701731175851542
train,2026-01-29,ethusdt,binance,sell,1,1418,-0.08011682748539956,2.918981160978332
train,2026-01-29,ethusdt,binance,buy,5,495,-0.25898523286851594,5.622418920958737
train,2026-01-29,ethusdt,binance,sell,5,1418,0.05292208769475103,6.806729326330131
train,2026-01-29,ethusdt,binance,buy,10,495,-0.4800064260280866,7.162621637986563
train,2026-01-29,ethusdt,binance,sell,10,1418,0.07492363799441963,8.994790959212096
train,2026-01-29,ethusdt,binance,buy,30,495,0.5398049778792888,11.624035848154966
train,2026-01-29,ethusdt,binance,sell,30,1418,-0.20233929842799395,13.942877245986837
train,2026-01-29,ethusdt,binance,buy,60,495,-0.9739280578963966,16.659365210238608
train,2026-01-29,ethusdt,binance,sell,60,1418,0.7217046888890591,18.53070357340962
train,2026-01-29,ethusdt,binance,buy,120,495,-3.440295364446747,21.10768777651509
train,2026-01-29,ethusdt,binance,sell,120,1418,-0.7433838540370625,21.715411625366308
train,2026-01-29,ethusdt,binance,buy,300,495,-5.368867079814549,30.596747327431356
train,2026-01-29,ethusdt,binance,sell,300,1418,-8.456463850917471,36.07457587905093
train,2026-01-29,ethusdt,bybit,buy,-300,210,-38.1267486747718,41.10037098673743
train,2026-01-29,ethusdt,bybit,sell,-300,2675,78.88424086948511,36.15966748424553
train,2026-01-29,ethusdt,bybit,buy,-120,210,-31.752781979539403,29.151861560134066
train,2026-01-29,ethusdt,bybit,sell,-120,2675,51.37659236497992,29.938767216204695
train,2026-01-29,ethusdt,bybit,buy,-60,210,-28.30156987675822,26.766902690362492
train,2026-01-29,ethusdt,bybit,sell,-60,2675,45.06931864016608,25.227614259673423
train,2026-01-29,ethusdt,bybit,buy,-30,210,-20.937214475661783,22.10906659351388
train,2026-01-29,ethusdt,bybit,sell,-30,2675,34.57913553607997,20.757427911151
train,2026-01-29,ethusdt,bybit,buy,-10,210,-12.997574035005753,12.04868546382444
train,2026-01-29,ethusdt,bybit,sell,-10,2675,23.597337418686198,17.6487693356703
train,2026-01-29,ethusdt,bybit,buy,-5,210,-9.898907233975136,10.552513271921343
train,2026-01-29,ethusdt,bybit,sell,-5,2675,17.408459295964775,14.807261204897012
train,2026-01-29,ethusdt,bybit,buy,-1,210,-1.0425843871771936,3.407492343075141
train,2026-01-29,ethusdt,bybit,sell,-1,2675,2.0651341894598585,5.900845182859994
train,2026-01-29,ethusdt,bybit,buy,0,210,0.0,0.0
train,2026-01-29,ethusdt,bybit,sell,0,2675,0.0,0.0
train,2026-01-29,ethusdt,bybit,buy,1,210,0.05720563242441366,3.547569648787558
train,2026-01-29,ethusdt,bybit,sell,1,2675,0.2755507662958195,5.350727089017933
train,2026-01-29,ethusdt,bybit,buy,5,210,-0.2609213273861097,6.111141718450527
train,2026-01-29,ethusdt,bybit,sell,5,2675,3.068934276243761,11.73492547812637
train,2026-01-29,ethusdt,bybit,buy,10,210,-1.2831741297472485,7.3070784694340265
train,2026-01-29,ethusdt,bybit,sell,10,2675,2.9584033120080075,12.684297252676856
train,2026-01-29,ethusdt,bybit,buy,30,210,0.5151655526889621,11.376488197361866
train,2026-01-29,ethusdt,bybit,sell,30,2675,5.371951217876299,17.960289693082057
train,2026-01-29,ethusdt,bybit,buy,60,210,-0.964738207095972,16.471120027820728
train,2026-01-29,ethusdt,bybit,sell,60,2675,11.63283112646339,24.05241840575887
train,2026-01-29,ethusdt,bybit,buy,120,210,-5.007512697685625,19.05934617598136
train,2026-01-29,ethusdt,bybit,sell,120,2675,6.048365535540484,26.170293065478518
train,2026-01-29,ethusdt,bybit,buy,300,210,-7.191518216000103,27.44534351762987
train,2026-01-29,ethusdt,bybit,sell,300,2675,1.1771584831611306,41.35753630371886
train,2026-01-30,ethusdt,binance,buy,-300,816,-29.557732848014467,58.299577618408605
train,2026-01-30,ethusdt,binance,sell,-300,1681,47.910893788032055,56.84649097848621
train,2026-01-30,ethusdt,binance,buy,-120,816,-28.80462488984892,36.48277424647218
train,2026-01-30,ethusdt,binance,sell,-120,1681,32.08634130512822,39.174549122088266
train,2026-01-30,ethusdt,binance,buy,-60,816,-26.064002713552355,24.620330822145046
train,2026-01-30,ethusdt,binance,sell,-60,1681,23.98044595581853,27.660640535119963
train,2026-01-30,ethusdt,binance,buy,-30,816,-19.582499402159755,16.17307350506314
train,2026-01-30,ethusdt,binance,sell,-30,1681,17.4255807107395,22.190317476409763
train,2026-01-30,ethusdt,binance,buy,-10,816,-11.789439906203526,10.352496349880107
train,2026-01-30,ethusdt,binance,sell,-10,1681,9.587621819127316,11.974427486572825
train,2026-01-30,ethusdt,binance,buy,-5,816,-7.73928965436495,7.393325793864537
train,2026-01-30,ethusdt,binance,sell,-5,1681,5.709381105328635,8.541591440684222
train,2026-01-30,ethusdt,binance,buy,-1,816,-0.516746669497902,3.4628349552170428
train,2026-01-30,ethusdt,binance,sell,-1,1681,0.16988794319880332,3.719336543780485
train,2026-01-30,ethusdt,binance,buy,0,816,0.0,0.0
train,2026-01-30,ethusdt,binance,sell,0,1681,0.0,0.0
train,2026-01-30,ethusdt,binance,buy,1,816,-0.07891037347169602,3.4394200661439496
train,2026-01-30,ethusdt,binance,sell,1,1681,-0.2457484350821837,3.763452505468561
train,2026-01-30,ethusdt,binance,buy,5,816,0.21361436164537423,7.232434583220383
train,2026-01-30,ethusdt,binance,sell,5,1681,-0.4850981302182661,9.428579261286618
train,2026-01-30,ethusdt,binance,buy,10,816,0.14655651300241748,9.24154748528257
train,2026-01-30,ethusdt,binance,sell,10,1681,-0.34895606311185473,13.512386649315399
train,2026-01-30,ethusdt,binance,buy,30,816,0.9062417117566739,14.802110930279499
train,2026-01-30,ethusdt,binance,sell,30,1681,-1.0037146579079643,16.823274899714182
train,2026-01-30,ethusdt,binance,buy,60,816,0.9451230761256008,23.04662861849501
train,2026-01-30,ethusdt,binance,sell,60,1681,-2.6481924709818045,26.63645031741433
train,2026-01-30,ethusdt,binance,buy,120,816,2.427278444735701,28.516003810451814
train,2026-01-30,ethusdt,binance,sell,120,1681,-2.40028557421906,34.304346418117
train,2026-01-30,ethusdt,binance,buy,300,816,6.135588312548603,38.44835158556918
train,2026-01-30,ethusdt,binance,sell,300,1681,-5.8841274415683475,58.56389509252864
train,2026-01-30,ethusdt,bybit,buy,-300,319,-47.24196590389046,78.32749261744533
train,2026-01-30,ethusdt,bybit,sell,-300,4191,183.3621561554418,109.08184147306604
train,2026-01-30,ethusdt,bybit,buy,-120,319,-37.991449245395074,49.58205825380557
train,2026-01-30,ethusdt,bybit,sell,-120,4191,127.18180098860985,96.2468255898869
train,2026-01-30,ethusdt,bybit,buy,-60,319,-33.13837004394795,33.881533188746324
train,2026-01-30,ethusdt,bybit,sell,-60,4191,89.81777163711861,67.71092858497155
train,2026-01-30,ethusdt,bybit,buy,-30,319,-25.205060083465213,27.43038254120679
train,2026-01-30,ethusdt,bybit,sell,-30,4191,80.15112312131913,65.51871667957234
train,2026-01-30,ethusdt,bybit,buy,-10,319,-15.938429498508857,16.71460824536795
train,2026-01-30,ethusdt,bybit,sell,-10,4191,44.47484889237466,31.7772241727623
train,2026-01-30,ethusdt,bybit,buy,-5,319,-11.974882334383729,11.66921478730043
train,2026-01-30,ethusdt,bybit,sell,-5,4191,28.943920551831646,23.044534496991897
train,2026-01-30,ethusdt,bybit,buy,-1,319,-1.4403175044029444,5.236288779108625
train,2026-01-30,ethusdt,bybit,sell,-1,4191,6.296393847315095,9.50358564957205
train,2026-01-30,ethusdt,bybit,buy,0,319,0.0,0.0
train,2026-01-30,ethusdt,bybit,sell,0,4191,0.0,0.0
train,2026-01-30,ethusdt,bybit,buy,1,319,-0.32480622698065104,4.614709698528653
train,2026-01-30,ethusdt,bybit,sell,1,4191,-1.6671814903975808,9.796810238580962
train,2026-01-30,ethusdt,bybit,buy,5,319,-1.580401502189744,8.469796222997719
train,2026-01-30,ethusdt,bybit,sell,5,4191,-2.1662163701039816,23.659026856683425
train,2026-01-30,ethusdt,bybit,buy,10,319,-0.4152405409991494,12.846660866840367
train,2026-01-30,ethusdt,bybit,sell,10,4191,3.675319023470302,40.36522924895716
train,2026-01-30,ethusdt,bybit,buy,30,319,1.7301564158445193,16.84814007951325
train,2026-01-30,ethusdt,bybit,sell,30,4191,-1.7148348711713395,30.560574427979507
train,2026-01-30,ethusdt,bybit,buy,60,319,2.918044072968529,26.286686337638336
train,2026-01-30,ethusdt,bybit,sell,60,4191,-6.698600738383758,62.58048279516168
train,2026-01-30,ethusdt,bybit,buy,120,319,2.1044875696702605,35.835489232331796
train,2026-01-30,ethusdt,bybit,sell,120,4191,14.410599731079051,76.4237177857499
train,2026-01-30,ethusdt,bybit,buy,300,319,6.548914406008176,47.656808408309864
train,2026-01-30,ethusdt,bybit,sell,300,4191,17.967385620110694,93.65817025663256
train,2026-01-31,ethusdt,binance,buy,-300,1008,-9.764833651442217,103.17765942708093
train,2026-01-31,ethusdt,binance,sell,-300,2048,61.308816716986215,91.85196989524829
train,2026-01-31,ethusdt,binance,buy,-120,1008,-22.89539478860295,84.32079464311816
train,2026-01-31,ethusdt,binance,sell,-120,2048,44.433117886976724,66.2653647638466
train,2026-01-31,ethusdt,binance,buy,-60,1008,-28.366807140594418,68.53552944618704
train,2026-01-31,ethusdt,binance,sell,-60,2048,36.588524056910316,57.77146423106298
train,2026-01-31,ethusdt,binance,buy,-30,1008,-28.18464478384326,43.73160084168021
train,2026-01-31,ethusdt,binance,sell,-30,2048,27.160204103398506,39.395451855734606
train,2026-01-31,ethusdt,binance,buy,-10,1008,-19.99248908972301,26.633877488697642
train,2026-01-31,ethusdt,binance,sell,-10,2048,15.0165821055574,24.266504918338622
train,2026-01-31,ethusdt,binance,buy,-5,1008,-13.0687010796896,20.176205178824176
train,2026-01-31,ethusdt,binance,sell,-5,2048,8.740360102585779,17.35609842692303
train,2026-01-31,ethusdt,binance,buy,-1,1008,-0.5950507024561099,8.497373475523277
train,2026-01-31,ethusdt,binance,sell,-1,2048,0.3116999020401233,7.288663207426402
train,2026-01-31,ethusdt,binance,buy,0,1008,0.0,0.0
train,2026-01-31,ethusdt,binance,sell,0,2048,0.0,0.0
train,2026-01-31,ethusdt,binance,buy,1,1008,0.3713368536087586,7.2042187222571314
train,2026-01-31,ethusdt,binance,sell,1,2048,-0.3705195169010111,7.941334937404879
train,2026-01-31,ethusdt,binance,buy,5,1008,-0.06467256336847436,17.94220832643128
train,2026-01-31,ethusdt,binance,sell,5,2048,-0.5559454784025104,19.249169666906333
train,2026-01-31,ethusdt,binance,buy,10,1008,0.3501686596278195,22.684671673720036
train,2026-01-31,ethusdt,binance,sell,10,2048,-0.2703659374274528,27.1129055642113
train,2026-01-31,ethusdt,binance,buy,30,1008,3.6325958597216785,37.05097628781307
train,2026-01-31,ethusdt,binance,sell,30,2048,-0.6847036172889047,43.09644872597764
train,2026-01-31,ethusdt,binance,buy,60,1008,4.808353505652555,49.4341895926382
train,2026-01-31,ethusdt,binance,sell,60,2048,3.7578037288180415,58.52234350019725
train,2026-01-31,ethusdt,binance,buy,120,1008,4.568916184579239,74.50376214451437
train,2026-01-31,ethusdt,binance,sell,120,2048,4.574688345665243,75.15355495362223
train,2026-01-31,ethusdt,binance,buy,300,1008,-2.681691819267761,84.94006374452087
train,2026-01-31,ethusdt,binance,sell,300,2048,-3.9837798847987482,97.99397349545016
train,2026-01-31,ethusdt,bybit,buy,-300,703,-35.141714256805436,137.3591924387996
train,2026-01-31,ethusdt,bybit,sell,-300,13329,227.04188579729114,139.74374342873597
train,2026-01-31,ethusdt,bybit,buy,-120,703,-50.82212155729232,123.45078035031233
train,2026-01-31,ethusdt,bybit,sell,-120,13329,163.98092643908151,112.88162698209322
train,2026-01-31,ethusdt,bybit,buy,-60,703,-60.38722561261606,105.3277543560154
train,2026-01-31,ethusdt,bybit,sell,-60,13329,147.53783699946968,107.86660235581824
train,2026-01-31,ethusdt,bybit,buy,-30,703,-50.658381392140264,67.07450632786089
train,2026-01-31,ethusdt,bybit,sell,-30,13329,109.83786580427673,81.762477786636
train,2026-01-31,ethusdt,bybit,buy,-10,703,-32.710385079426246,40.15855027680078
train,2026-01-31,ethusdt,bybit,sell,-10,13329,71.1890356986329,52.069078349772234
train,2026-01-31,ethusdt,bybit,buy,-5,703,-25.84330115598567,27.265934848315343
train,2026-01-31,ethusdt,bybit,sell,-5,13329,48.201683011539906,42.13777033875814
train,2026-01-31,ethusdt,bybit,buy,-1,703,-4.300693824181343,10.167402854388733
train,2026-01-31,ethusdt,bybit,sell,-1,13329,7.170623975134575,19.795076010018377
train,2026-01-31,ethusdt,bybit,buy,0,703,0.0,0.0
train,2026-01-31,ethusdt,bybit,sell,0,13329,0.0,0.0
train,2026-01-31,ethusdt,bybit,buy,1,703,0.3291968650101991,9.63592553736242
train,2026-01-31,ethusdt,bybit,sell,1,13329,-2.9099806611224177,19.90624121311906
train,2026-01-31,ethusdt,bybit,buy,5,703,0.048659321206536175,23.596773897076943
train,2026-01-31,ethusdt,bybit,sell,5,13329,0.8304386421619318,48.085923861165774
train,2026-01-31,ethusdt,bybit,buy,10,703,-0.8297549995350633,31.91077421700314
train,2026-01-31,ethusdt,bybit,sell,10,13329,16.309825514869043,57.7283744052501
train,2026-01-31,ethusdt,bybit,buy,30,703,4.825615270698161,49.43415924438511
train,2026-01-31,ethusdt,bybit,sell,30,13329,5.979694392188871,92.07945310122452
train,2026-01-31,ethusdt,bybit,buy,60,703,6.9838526336849505,61.794743821405625
train,2026-01-31,ethusdt,bybit,sell,60,13329,49.796502185717124,125.65637494023876
train,2026-01-31,ethusdt,bybit,buy,120,703,12.671378968881013,91.42202332452803
train,2026-01-31,ethusdt,bybit,sell,120,13329,81.27757338909534,163.17683294469714
train,2026-01-31,ethusdt,bybit,buy,300,703,6.210192779795164,101.80981346085747
train,2026-01-31,ethusdt,bybit,sell,300,13329,75.59265051059486,201.68379503765127
validation,2026-02-01,ethusdt,binance,buy,-300,1095,-34.74945898949673,50.98277753498162
validation,2026-02-01,ethusdt,binance,sell,-300,1855,52.324482301704165,60.79553636824166
validation,2026-02-01,ethusdt,binance,buy,-120,1095,-33.839131711252016,33.57956904184173
validation,2026-02-01,ethusdt,binance,sell,-120,1855,35.85196482725669,33.83356137853453
validation,2026-02-01,ethusdt,binance,buy,-60,1095,-27.803295733682106,24.085854876349043
validation,2026-02-01,ethusdt,binance,sell,-60,1855,26.18253211036481,22.981360636442666
validation,2026-02-01,ethusdt,binance,buy,-30,1095,-22.07707005360854,17.409806760637547
validation,2026-02-01,ethusdt,binance,sell,-30,1855,19.787754843674364,17.505571202197192
validation,2026-02-01,ethusdt,binance,buy,-10,1095,-14.09367357874555,12.183544297786536
validation,2026-02-01,ethusdt,binance,sell,-10,1855,11.318732123573703,10.88334006056865
validation,2026-02-01,ethusdt,binance,buy,-5,1095,-8.962165143606903,8.667829755615884
validation,2026-02-01,ethusdt,binance,sell,-5,1855,7.065439741494861,8.24109982938437
validation,2026-02-01,ethusdt,binance,buy,-1,1095,-0.8146651938063078,3.783032074659483
validation,2026-02-01,ethusdt,binance,sell,-1,1855,0.2933712329114915,4.001354818491286
validation,2026-02-01,ethusdt,binance,buy,0,1095,0.0,0.0
validation,2026-02-01,ethusdt,binance,sell,0,1855,0.0,0.0
validation,2026-02-01,ethusdt,binance,buy,1,1095,0.2055942453264508,3.846792358105193
validation,2026-02-01,ethusdt,binance,sell,1,1855,-0.2017837674711634,3.7217907937938226
validation,2026-02-01,ethusdt,binance,buy,5,1095,0.8819857703102402,8.537673909323638
validation,2026-02-01,ethusdt,binance,sell,5,1855,-0.014158378398263045,8.149258518934989
validation,2026-02-01,ethusdt,binance,buy,10,1095,0.9364073688896021,11.45631183769751
validation,2026-02-01,ethusdt,binance,sell,10,1855,0.28889039192757754,11.104271861669176
validation,2026-02-01,ethusdt,binance,buy,30,1095,0.4397468924927137,18.080632546440107
validation,2026-02-01,ethusdt,binance,sell,30,1855,0.6891909278233225,17.360068800794203
validation,2026-02-01,ethusdt,binance,buy,60,1095,-0.013159828363696427,24.62351707997506
validation,2026-02-01,ethusdt,binance,sell,60,1855,-0.49277499818155196,22.96824228268119
validation,2026-02-01,ethusdt,binance,buy,120,1095,0.22843249579658376,30.871976338511733
validation,2026-02-01,ethusdt,binance,sell,120,1855,-2.6839525824785193,37.52267063995991
validation,2026-02-01,ethusdt,binance,buy,300,1095,-4.819294012543039,48.72325286122896
validation,2026-02-01,ethusdt,binance,sell,300,1855,1.5138379768508037,57.98235064337675
validation,2026-02-01,ethusdt,bybit,buy,-300,539,-69.33921356159979,52.47466695158594
validation,2026-02-01,ethusdt,bybit,sell,-300,2472,124.03532814514377,92.319995787919
validation,2026-02-01,ethusdt,bybit,buy,-120,539,-62.290754053227744,35.38516576860314
validation,2026-02-01,ethusdt,bybit,sell,-120,2472,75.51790439553318,55.52425073165715
validation,2026-02-01,ethusdt,bybit,buy,-60,539,-49.88398754033894,25.68089116750131
validation,2026-02-01,ethusdt,bybit,sell,-60,2472,52.815417566237656,37.398834373539664
validation,2026-02-01,ethusdt,bybit,buy,-30,539,-39.060834589377855,21.224381021661507
validation,2026-02-01,ethusdt,bybit,sell,-30,2472,40.4577007210814,28.973155836135813
validation,2026-02-01,ethusdt,bybit,buy,-10,539,-28.549562461106284,18.85678281748447
validation,2026-02-01,ethusdt,bybit,sell,-10,2472,26.911265360651715,17.872460697825705
validation,2026-02-01,ethusdt,bybit,buy,-5,539,-19.378844128078025,13.010934043193915
validation,2026-02-01,ethusdt,bybit,sell,-5,2472,20.25313452991969,14.205664844060678
validation,2026-02-01,ethusdt,bybit,buy,-1,539,-2.959193113308889,5.7076621064380975
validation,2026-02-01,ethusdt,bybit,sell,-1,2472,2.282270028157458,8.063012102793115
validation,2026-02-01,ethusdt,bybit,buy,0,539,0.0,0.0
validation,2026-02-01,ethusdt,bybit,sell,0,2472,0.0,0.0
validation,2026-02-01,ethusdt,bybit,buy,1,539,0.8252707261067451,5.9723189857906105
validation,2026-02-01,ethusdt,bybit,sell,1,2472,0.389852325231297,6.937779772089861
validation,2026-02-01,ethusdt,bybit,buy,5,539,2.517695404949133,12.522184633256973
validation,2026-02-01,ethusdt,bybit,sell,5,2472,5.174118489758607,12.837826538049546
validation,2026-02-01,ethusdt,bybit,buy,10,539,2.6635241838055568,16.834849524781383
validation,2026-02-01,ethusdt,bybit,sell,10,2472,5.55165430703199,16.49832766006253
validation,2026-02-01,ethusdt,bybit,buy,30,539,-0.9196126482457505,21.423515935476704
validation,2026-02-01,ethusdt,bybit,sell,30,2472,9.669742273274988,24.253327236489305
validation,2026-02-01,ethusdt,bybit,buy,60,539,-5.63089955321019,30.193165939269022
validation,2026-02-01,ethusdt,bybit,sell,60,2472,2.225418448117185,29.396192122574426
validation,2026-02-01,ethusdt,bybit,buy,120,539,-6.076142949747624,33.689293793416226
validation,2026-02-01,ethusdt,bybit,sell,120,2472,-10.374790664259747,58.0046087807057
validation,2026-02-01,ethusdt,bybit,buy,300,539,-11.7385444070809,52.3666939275747
validation,2026-02-01,ethusdt,bybit,sell,300,2472,6.15945036357299,84.23991510384616
validation,2026-02-02,ethusdt,binance,buy,-300,1465,-46.376694615814,58.243768431335035
validation,2026-02-02,ethusdt,binance,sell,-300,1651,45.691964684284784,59.778468191630935
validation,2026-02-02,ethusdt,binance,buy,-120,1465,-39.6642808118542,38.88508973516284
validation,2026-02-02,ethusdt,binance,sell,-120,1651,32.67804853877987,33.984272638651596
validation,2026-02-02,ethusdt,binance,buy,-60,1465,-33.21686305563844,29.134179836016983
validation,2026-02-02,ethusdt,binance,sell,-60,1651,27.5430216974747,22.97277575218098
validation,2026-02-02,ethusdt,binance,buy,-30,1465,-26.232677486294374,21.476225597094746
validation,2026-02-02,ethusdt,binance,sell,-30,1651,20.386481176795332,16.607635941808713
validation,2026-02-02,ethusdt,binance,buy,-10,1465,-15.341128666697214,12.463319414572416
validation,2026-02-02,ethusdt,binance,sell,-10,1651,11.40461221805917,10.717464341345824
validation,2026-02-02,ethusdt,binance,buy,-5,1465,-9.55371401193737,9.029707189138273
validation,2026-02-02,ethusdt,binance,sell,-5,1651,7.094987841123033,8.103942666897257
validation,2026-02-02,ethusdt,binance,buy,-1,1465,-0.4764941859756596,4.37145466071315
validation,2026-02-02,ethusdt,binance,sell,-1,1651,0.17631190478164033,3.632646647726896
validation,2026-02-02,ethusdt,binance,buy,0,1465,0.0,0.0
validation,2026-02-02,ethusdt,binance,sell,0,1651,0.0,0.0
validation,2026-02-02,ethusdt,binance,buy,1,1465,0.22088517906254007,4.504605157610637
validation,2026-02-02,ethusdt,binance,sell,1,1651,-0.10047160755330006,3.6428516740619385
validation,2026-02-02,ethusdt,binance,buy,5,1465,0.9136958987537264,9.682760267496093
validation,2026-02-02,ethusdt,binance,sell,5,1651,0.2428891938042332,7.9697821729283485
validation,2026-02-02,ethusdt,binance,buy,10,1465,0.932632595263795,12.930375965355369
validation,2026-02-02,ethusdt,binance,sell,10,1651,0.644281880428726,11.000122970051237
validation,2026-02-02,ethusdt,binance,buy,30,1465,0.8108264314309217,22.15603247017959
validation,2026-02-02,ethusdt,binance,sell,30,1651,1.2632239941313248,18.273064505880612
validation,2026-02-02,ethusdt,binance,buy,60,1465,-0.35618331229672273,31.202841726267522
validation,2026-02-02,ethusdt,binance,sell,60,1651,2.85191351263058,24.523228598854526
validation,2026-02-02,ethusdt,binance,buy,120,1465,-0.6174066708332204,36.894823107682676
validation,2026-02-02,ethusdt,binance,sell,120,1651,2.1296546086622503,33.38092058419226
validation,2026-02-02,ethusdt,binance,buy,300,1465,0.9234396234351331,52.87225773559025
validation,2026-02-02,ethusdt,binance,sell,300,1651,3.468610270045632,58.03006253445443
validation,2026-02-02,ethusdt,bybit,buy,-300,1018,-79.44141554966068,55.37347256292118
validation,2026-02-02,ethusdt,bybit,sell,-300,2460,129.29615353399245,75.98716108595158
validation,2026-02-02,ethusdt,bybit,buy,-120,1018,-63.52310739201683,43.85620181420801
validation,2026-02-02,ethusdt,bybit,sell,-120,2460,70.62262219613885,40.827787173642626
validation,2026-02-02,ethusdt,bybit,buy,-60,1018,-51.91923541179692,34.394636874743576
validation,2026-02-02,ethusdt,bybit,sell,-60,2460,55.605793028028316,28.22144321489533
validation,2026-02-02,ethusdt,bybit,buy,-30,1018,-39.273539131060886,24.36285215798344
validation,2026-02-02,ethusdt,bybit,sell,-30,2460,41.34350127807028,20.18289590408944
validation,2026-02-02,ethusdt,bybit,buy,-10,1018,-23.860510067197332,15.448319625702059
validation,2026-02-02,ethusdt,bybit,sell,-10,2460,27.011611803505456,16.77510789025171
validation,2026-02-02,ethusdt,bybit,buy,-5,1018,-16.84970297912284,11.312836782720701
validation,2026-02-02,ethusdt,bybit,sell,-5,2460,21.145142988829274,14.585853888160567
validation,2026-02-02,ethusdt,bybit,buy,-1,1018,-2.0718489916065974,7.434332189259417
validation,2026-02-02,ethusdt,bybit,sell,-1,2460,2.7906899824389257,8.117673680334319
validation,2026-02-02,ethusdt,bybit,buy,0,1018,0.0,0.0
validation,2026-02-02,ethusdt,bybit,sell,0,2460,0.0,0.0
validation,2026-02-02,ethusdt,bybit,buy,1,1018,-0.2593194727063967,5.991973205112426
validation,2026-02-02,ethusdt,bybit,sell,1,2460,0.31185784369300096,6.148077722384475
validation,2026-02-02,ethusdt,bybit,buy,5,1018,-0.20058513050764593,11.899087369114778
validation,2026-02-02,ethusdt,bybit,sell,5,2460,4.693277579452677,12.754906883912025
validation,2026-02-02,ethusdt,bybit,buy,10,1018,-0.43404650658540195,15.33008621363717
validation,2026-02-02,ethusdt,bybit,sell,10,2460,4.938359157819183,17.412649060632067
validation,2026-02-02,ethusdt,bybit,buy,30,1018,-0.2747923520300282,25.404036299631237
validation,2026-02-02,ethusdt,bybit,sell,30,2460,4.735341800431975,29.531787658099592
validation,2026-02-02,ethusdt,bybit,buy,60,1018,-4.478542657790615,33.50179571227412
validation,2026-02-02,ethusdt,bybit,sell,60,2460,11.03415874071504,40.82463158047942
validation,2026-02-02,ethusdt,bybit,buy,120,1018,-4.981870985914819,35.837011069073405
validation,2026-02-02,ethusdt,bybit,sell,120,2460,-3.389807105015785,52.71670682516285
validation,2026-02-02,ethusdt,bybit,buy,300,1018,-4.583763894801959,50.19502230654243
validation,2026-02-02,ethusdt,bybit,sell,300,2460,-11.923821298153488,93.36203038929531
validation,2026-02-03,ethusdt,binance,buy,-300,1181,-50.40939549046185,72.22063603654594
validation,2026-02-03,ethusdt,binance,sell,-300,2042,43.48339871685844,49.694650548355
validation,2026-02-03,ethusdt,binance,buy,-120,1185,-43.477911444796476,54.11773782160732
validation,2026-02-03,ethusdt,binance,sell,-120,2039,29.409790990291896,32.53880150777648
validation,2026-02-03,ethusdt,binance,buy,-60,1185,-35.917167761658106,40.665693686600285
validation,2026-02-03,ethusdt,binance,sell,-60,2042,23.84465595064551,21.043034360057757
validation,2026-02-03,ethusdt,binance,buy,-30,1185,-27.518963134677783,26.905984468684775
validation,2026-02-03,ethusdt,binance,sell,-30,2042,18.246347903208736,16.161618602782035
validation,2026-02-03,ethusdt,binance,buy,-10,1185,-15.881951909557033,16.096607108536247
validation,2026-02-03,ethusdt,binance,sell,-10,2042,10.755767891134491,11.26319113612347
validation,2026-02-03,ethusdt,binance,buy,-5,1185,-10.01142067496168,10.829790278325769
validation,2026-02-03,ethusdt,binance,sell,-5,2042,6.655967066534026,8.650585938536837
validation,2026-02-03,ethusdt,binance,buy,-1,1185,-0.30820609152142614,4.811411313091273
validation,2026-02-03,ethusdt,binance,sell,-1,2042,0.24833115956877744,3.674293145709307
validation,2026-02-03,ethusdt,binance,buy,0,1185,0.0,0.0
validation,2026-02-03,ethusdt,binance,sell,0,2042,0.0,0.0
validation,2026-02-03,ethusdt,binance,buy,1,1185,0.323116194688169,5.575120140263132
validation,2026-02-03,ethusdt,binance,sell,1,2042,-0.06735469105724148,3.5253109196949683
validation,2026-02-03,ethusdt,binance,buy,5,1185,1.2897886907817668,12.38659219619554
validation,2026-02-03,ethusdt,binance,sell,5,2042,0.34011405625061836,7.508975942694887
validation,2026-02-03,ethusdt,binance,buy,10,1185,1.5301139683027147,18.525320587427377
validation,2026-02-03,ethusdt,binance,sell,10,2042,0.563630221903896,10.47162768278895
validation,2026-02-03,ethusdt,binance,buy,30,1185,2.193720107995422,29.657052010208936
validation,2026-02-03,ethusdt,binance,sell,30,2042,1.0481861414080549,17.640914322597247
validation,2026-02-03,ethusdt,binance,buy,60,1185,2.6036357172294227,42.2681295325211
validation,2026-02-03,ethusdt,binance,sell,60,2042,0.8250930452536099,20.994460359101637
validation,2026-02-03,ethusdt,binance,buy,120,1185,-0.8647643100418436,41.99918748172872
validation,2026-02-03,ethusdt,binance,sell,120,2042,0.17671839181722682,29.66375370078801
validation,2026-02-03,ethusdt,binance,buy,300,1185,4.3242431187126655,67.47399300548739
validation,2026-02-03,ethusdt,binance,sell,300,2042,-3.833271187603814,43.13221693424272
validation,2026-02-03,ethusdt,bybit,buy,-300,838,-125.62564905570483,114.28659004725816
validation,2026-02-03,ethusdt,bybit,sell,-300,3521,84.45608592942583,55.25577630855336
validation,2026-02-03,ethusdt,bybit,buy,-120,838,-104.31825467304613,101.1786472467619
validation,2026-02-03,ethusdt,bybit,sell,-120,3521,48.56034535874202,29.862737845979407
validation,2026-02-03,ethusdt,bybit,buy,-60,838,-84.58178987438497,72.56199971063326
validation,2026-02-03,ethusdt,bybit,sell,-60,3521,43.482092429991184,24.453867351571514
validation,2026-02-03,ethusdt,bybit,buy,-30,838,-58.92021436273952,44.23722738065438
validation,2026-02-03,ethusdt,bybit,sell,-30,3521,35.214673664352674,23.066867222775848
validation,2026-02-03,ethusdt,bybit,buy,-10,838,-35.91855008367213,29.583189833488742
validation,2026-02-03,ethusdt,bybit,sell,-10,3521,24.08980441340314,18.167430545598933
validation,2026-02-03,ethusdt,bybit,buy,-5,838,-23.690237157677686,17.830119044371365
validation,2026-02-03,ethusdt,bybit,sell,-5,3521,19.5956671134437,16.844307399837007
validation,2026-02-03,ethusdt,bybit,buy,-1,838,-2.4975984786331904,9.548259224042011
validation,2026-02-03,ethusdt,bybit,sell,-1,3521,1.8392332172105055,7.862119993682237
validation,2026-02-03,ethusdt,bybit,buy,0,838,0.0,0.0
validation,2026-02-03,ethusdt,bybit,sell,0,3521,0.0,0.0
validation,2026-02-03,ethusdt,bybit,buy,1,838,1.0290300092159084,7.802554883057362
validation,2026-02-03,ethusdt,bybit,sell,1,3521,-0.1563225063764175,6.278052020632932
validation,2026-02-03,ethusdt,bybit,buy,5,838,2.541166935812088,22.482517769234576
validation,2026-02-03,ethusdt,bybit,sell,5,3521,1.9858008017497524,11.282295409371452
validation,2026-02-03,ethusdt,bybit,buy,10,838,-0.4093868403963773,35.55742820599202
validation,2026-02-03,ethusdt,bybit,sell,10,3521,4.313683448560536,14.872854823845966
validation,2026-02-03,ethusdt,bybit,buy,30,838,0.05905959024647035,55.47341178557331
validation,2026-02-03,ethusdt,bybit,sell,30,3521,10.636153650953775,27.11653626895223
validation,2026-02-03,ethusdt,bybit,buy,60,838,-0.3018118651261792,85.17000589655184
validation,2026-02-03,ethusdt,bybit,sell,60,3521,11.310187707502713,26.866231179499547
validation,2026-02-03,ethusdt,bybit,buy,120,838,-9.858995694954723,72.57988565026588
validation,2026-02-03,ethusdt,bybit,sell,120,3521,5.0417730070513915,31.553031961300583
validation,2026-02-03,ethusdt,bybit,buy,300,838,4.332451233270517,94.34904068502567
validation,2026-02-03,ethusdt,bybit,sell,300,3521,-1.6955265892791256,46.54464938696442
validation,2026-02-04,ethusdt,binance,buy,-300,1135,-43.56152299273595,57.57228714190697
validation,2026-02-04,ethusdt,binance,sell,-300,1758,51.97397320699055,49.47333460530429
validation,2026-02-04,ethusdt,binance,buy,-120,1135,-37.16711233237683,34.58690795153249
validation,2026-02-04,ethusdt,binance,sell,-120,1758,37.44666111262281,29.785037792285774
validation,2026-02-04,ethusdt,binance,buy,-60,1135,-33.501413468898306,28.386910831247924
validation,2026-02-04,ethusdt,binance,sell,-60,1758,29.550814354776186,21.063812336401433
validation,2026-02-04,ethusdt,binance,buy,-30,1135,-27.774725131764733,22.70783588031473
validation,2026-02-04,ethusdt,binance,sell,-30,1758,21.95684341195415,14.729070603048873
validation,2026-02-04,ethusdt,binance,buy,-10,1135,-16.924296186864535,14.771101715854021
validation,2026-02-04,ethusdt,binance,sell,-10,1758,12.318645241644244,9.889116291230986
validation,2026-02-04,ethusdt,binance,buy,-5,1135,-11.226042891858388,11.365384101802467
validation,2026-02-04,ethusdt,binance,sell,-5,1758,7.627333882188177,7.621699258286299
validation,2026-02-04,ethusdt,binance,buy,-1,1135,-0.4570395674499044,4.623937627643652
validation,2026-02-04,ethusdt,binance,sell,-1,1758,0.4031772678333774,3.472265779628233
validation,2026-02-04,ethusdt,binance,buy,0,1135,0.0,0.0
validation,2026-02-04,ethusdt,binance,sell,0,1758,0.0,0.0
validation,2026-02-04,ethusdt,binance,buy,1,1135,-0.03149998821147016,4.549370817712782
validation,2026-02-04,ethusdt,binance,sell,1,1758,-0.1426480779488016,3.3868340339846212
validation,2026-02-04,ethusdt,binance,buy,5,1135,-0.20336093862514507,10.684496313436922
validation,2026-02-04,ethusdt,binance,sell,5,1758,0.3314274782938974,8.08958146742307
validation,2026-02-04,ethusdt,binance,buy,10,1135,-0.11216912449144614,14.60282004552376
validation,2026-02-04,ethusdt,binance,sell,10,1758,0.7408905718043,11.18906470559744
validation,2026-02-04,ethusdt,binance,buy,30,1135,-0.7100211761465517,21.383485967148626
validation,2026-02-04,ethusdt,binance,sell,30,1758,0.44797330829987314,18.392187834201657
validation,2026-02-04,ethusdt,binance,buy,60,1135,-2.0462497576274763,27.136896021322713
validation,2026-02-04,ethusdt,binance,sell,60,1758,0.668447844050658,25.79193667914544
validation,2026-02-04,ethusdt,binance,buy,120,1135,-2.046254032097306,33.852856127686124
validation,2026-02-04,ethusdt,binance,sell,120,1758,3.3644584507232693,35.71201232334086
validation,2026-02-04,ethusdt,binance,buy,300,1135,-5.381930984335906,52.589526642779525
validation,2026-02-04,ethusdt,binance,sell,300,1758,5.856551325901763,52.275024158987605
validation,2026-02-04,ethusdt,bybit,buy,-300,627,-81.17965599864779,67.51019642397799
validation,2026-02-04,ethusdt,bybit,sell,-300,2724,91.21842260512221,45.994417610284
validation,2026-02-04,ethusdt,bybit,buy,-120,627,-63.44637412704475,44.66712663239785
validation,2026-02-04,ethusdt,bybit,sell,-120,2724,58.05762292983909,25.692743500262313
validation,2026-02-04,ethusdt,bybit,buy,-60,627,-58.7485742137777,39.82426983588253
validation,2026-02-04,ethusdt,bybit,sell,-60,2724,44.62918603812097,23.86831964762409
validation,2026-02-04,ethusdt,bybit,buy,-30,627,-50.33697806322568,37.83565408948074
validation,2026-02-04,ethusdt,bybit,sell,-30,2724,33.286555503324756,17.184262944351833
validation,2026-02-04,ethusdt,bybit,buy,-10,627,-32.43994799687044,26.04894148344482
validation,2026-02-04,ethusdt,bybit,sell,-10,2724,22.493676243337504,12.596458579278574
validation,2026-02-04,ethusdt,bybit,buy,-5,627,-23.29452461420639,18.264930414072523
validation,2026-02-04,ethusdt,bybit,sell,-5,2724,16.02163346437599,10.49979550154478
validation,2026-02-04,ethusdt,bybit,buy,-1,627,-3.313623997097621,9.069691970562953
validation,2026-02-04,ethusdt,bybit,sell,-1,2724,1.6906941938598747,6.555601806961414
validation,2026-02-04,ethusdt,bybit,buy,0,627,0.0,0.0
validation,2026-02-04,ethusdt,bybit,sell,0,2724,0.0,0.0
validation,2026-02-04,ethusdt,bybit,buy,1,627,0.009944697136094015,6.786853217028054
validation,2026-02-04,ethusdt,bybit,sell,1,2724,-0.1642842724594781,4.847159227560008
validation,2026-02-04,ethusdt,bybit,buy,5,627,-1.8546479617162184,17.120316771703138
validation,2026-02-04,ethusdt,bybit,sell,5,2724,1.2363264758329942,11.037865335894146
validation,2026-02-04,ethusdt,bybit,buy,10,627,-1.6568932492309103,24.979200792936822
validation,2026-02-04,ethusdt,bybit,sell,10,2724,3.7417282954796343,14.376621173533096
validation,2026-02-04,ethusdt,bybit,buy,30,627,-8.102842390200426,28.790945145584335
validation,2026-02-04,ethusdt,bybit,sell,30,2724,6.242041929047307,19.889892493081167
validation,2026-02-04,ethusdt,bybit,buy,60,627,-10.527430676485492,30.617716143677093
validation,2026-02-04,ethusdt,bybit,sell,60,2724,9.928750927161147,28.63247577733458
validation,2026-02-04,ethusdt,bybit,buy,120,627,-10.849399649494131,36.51028328519712
validation,2026-02-04,ethusdt,bybit,sell,120,2724,20.472433703767717,41.395226084832004
validation,2026-02-04,ethusdt,bybit,buy,300,627,-11.898841745279089,56.0608812788793
validation,2026-02-04,ethusdt,bybit,sell,300,2724,33.0074092058922,54.821392127039566
validation,2026-02-05,ethusdt,binance,buy,-300,1906,-37.562633789756525,77.99537787173787
validation,2026-02-05,ethusdt,binance,sell,-300,3407,61.61558259323187,61.78995267130399
validation,2026-02-05,ethusdt,binance,buy,-120,1906,-39.76115032389661,48.32281743412439
validation,2026-02-05,ethusdt,binance,sell,-120,3407,43.57827385647115,37.19950928402671
validation,2026-02-05,ethusdt,binance,buy,-60,1906,-37.34475479900319,34.59227450790582
validation,2026-02-05,ethusdt,binance,sell,-60,3407,33.98771497179848,27.047917498557087
validation,2026-02-05,ethusdt,binance,buy,-30,1906,-32.167052687136604,24.388740568035402
validation,2026-02-05,ethusdt,binance,sell,-30,3407,26.86243072597072,20.899242313251605
validation,2026-02-05,ethusdt,binance,buy,-10,1906,-19.650740522413727,14.395562207641568
validation,2026-02-05,ethusdt,binance,sell,-10,3407,14.650376184603394,13.232058293287421
validation,2026-02-05,ethusdt,binance,buy,-5,1906,-12.950160210169027,10.804643775079224
validation,2026-02-05,ethusdt,binance,sell,-5,3407,9.097509191471007,9.976579004085464
validation,2026-02-05,ethusdt,binance,buy,-1,1906,-0.5773127868353833,5.523660711648149
validation,2026-02-05,ethusdt,binance,sell,-1,3407,0.5115691904559629,4.6323993828886945
validation,2026-02-05,ethusdt,binance,buy,0,1906,0.0,0.0
validation,2026-02-05,ethusdt,binance,sell,0,3407,0.0,0.0
validation,2026-02-05,ethusdt,binance,buy,1,1906,0.05372038439254808,5.412517262011487
validation,2026-02-05,ethusdt,binance,sell,1,3407,-0.12025855499171259,4.554352168429882
validation,2026-02-05,ethusdt,binance,buy,5,1906,-0.00896333279886115,11.485990324301948
validation,2026-02-05,ethusdt,binance,sell,5,3407,0.019939768256234038,10.158673110120027
validation,2026-02-05,ethusdt,binance,buy,10,1906,0.27136439072793467,16.149040919835024
validation,2026-02-05,ethusdt,binance,sell,10,3407,0.24670639946931242,14.20299565128977
validation,2026-02-05,ethusdt,binance,buy,30,1906,-0.688241493689689,26.569164626962174
validation,2026-02-05,ethusdt,binance,sell,30,3407,0.9236454981826147,23.211847849423624
validation,2026-02-05,ethusdt,binance,buy,60,1906,-1.745048365062505,34.65927084506097
validation,2026-02-05,ethusdt,binance,sell,60,3407,0.40879150891545246,32.907209564611726
validation,2026-02-05,ethusdt,binance,buy,120,1906,-2.3032511533145934,44.69549074634223
validation,2026-02-05,ethusdt,binance,sell,120,3407,0.2702552196129841,44.06670121506257
validation,2026-02-05,ethusdt,binance,buy,300,1906,-10.116022457008219,64.70581864492095
validation,2026-02-05,ethusdt,binance,sell,300,3407,-0.12563542411225093,66.35194109488624
validation,2026-02-05,ethusdt,bybit,buy,-300,1277,-80.32325195157172,87.45671247667492
validation,2026-02-05,ethusdt,bybit,sell,-300,10323,124.67735693144574,62.45813989220451
validation,2026-02-05,ethusdt,bybit,buy,-120,1277,-65.37178283378918,52.170575488635826
validation,2026-02-05,ethusdt,bybit,sell,-120,10323,81.47508628624544,38.055707046521896
validation,2026-02-05,ethusdt,bybit,buy,-60,1277,-55.393128504259664,39.16604685750339
validation,2026-02-05,ethusdt,bybit,sell,-60,10323,63.29522469907248,32.75355999039808
validation,2026-02-05,ethusdt,bybit,buy,-30,1277,-45.12624484116772,28.707866788094353
validation,2026-02-05,ethusdt,bybit,sell,-30,10323,50.363278195984876,29.3302944773678
validation,2026-02-05,ethusdt,bybit,buy,-10,1277,-28.54390766372782,19.575009628107356
validation,2026-02-05,ethusdt,bybit,sell,-10,10323,31.779614221928323,21.338524580095026
validation,2026-02-05,ethusdt,bybit,buy,-5,1277,-21.71168693437202,16.990077369228384
validation,2026-02-05,ethusdt,bybit,sell,-5,10323,23.326982863664277,18.00020349318507
validation,2026-02-05,ethusdt,bybit,buy,-1,1277,-3.080839925617526,7.807768111170965
validation,2026-02-05,ethusdt,bybit,sell,-1,10323,3.4511146958838594,9.750725856154324
validation,2026-02-05,ethusdt,bybit,buy,0,1277,0.0,0.0
validation,2026-02-05,ethusdt,bybit,sell,0,10323,0.0,0.0
validation,2026-02-05,ethusdt,bybit,buy,1,1277,0.1726188949562656,7.066483647179519
validation,2026-02-05,ethusdt,bybit,sell,1,10323,0.3814945584610277,8.192323995341033
validation,2026-02-05,ethusdt,bybit,buy,5,1277,-1.474316061906334,12.870314744598891
validation,2026-02-05,ethusdt,bybit,sell,5,10323,3.3760711884842083,14.960455570786076
validation,2026-02-05,ethusdt,bybit,buy,10,1277,-1.7158829137639848,17.681493693695753
validation,2026-02-05,ethusdt,bybit,sell,10,10323,3.8860761814481797,18.971054501227382
validation,2026-02-05,ethusdt,bybit,buy,30,1277,-1.6350943443550277,29.189621142683933
validation,2026-02-05,ethusdt,bybit,sell,30,10323,7.276776147083657,28.616438759596743
validation,2026-02-05,ethusdt,bybit,buy,60,1277,-4.845905550119138,39.033530244374425
validation,2026-02-05,ethusdt,bybit,sell,60,10323,11.402725672302035,45.38805734845181
validation,2026-02-05,ethusdt,bybit,buy,120,1277,-3.5325804972060086,50.00629785243713
validation,2026-02-05,ethusdt,bybit,sell,120,10323,16.486425031039936,60.473404989016544
validation,2026-02-05,ethusdt,bybit,buy,300,1277,-14.834812531459082,62.84513586983708
validation,2026-02-05,ethusdt,bybit,sell,300,10323,12.01909929684721,75.51802851869687
validation,2026-02-06,ethusdt,binance,buy,-300,2392,-52.840794280718015,64.43103763004744
validation,2026-02-06,ethusdt,binance,sell,-300,1850,40.35807486537046,68.43034558716057
validation,2026-02-06,ethusdt,binance,buy,-120,2392,-41.131838662448374,41.13269157236973
validation,2026-02-06,ethusdt,binance,sell,-120,1850,40.27260363649584,49.71516431013666
validation,2026-02-06,ethusdt,binance,buy,-60,2392,-33.78714683035155,29.340936045874777
validation,2026-02-06,ethusdt,binance,sell,-60,1850,32.67962411013706,31.689276080890576
validation,2026-02-06,ethusdt,binance,buy,-30,2392,-26.983757842025668,22.39250295858777
validation,2026-02-06,ethusdt,binance,sell,-30,1850,25.21979731979802,21.698042354493168
validation,2026-02-06,ethusdt,binance,buy,-10,2392,-15.251180076939276,13.546912689780639
validation,2026-02-06,ethusdt,binance,sell,-10,1850,13.483403569091648,14.412921914537153
validation,2026-02-06,ethusdt,binance,buy,-5,2392,-9.996005001003144,10.25945349508197
validation,2026-02-06,ethusdt,binance,sell,-5,1850,8.24398367170723,11.497041584488793
validation,2026-02-06,ethusdt,binance,buy,-1,2392,-0.5469416261549893,4.726797745777268
validation,2026-02-06,ethusdt,binance,sell,-1,1850,0.1509121740295718,5.6765731216595485
validation,2026-02-06,ethusdt,binance,buy,0,2392,0.0,0.0
validation,2026-02-06,ethusdt,binance,sell,0,1850,0.0,0.0
validation,2026-02-06,ethusdt,binance,buy,1,2392,0.032847119158118374,4.716176834718208
validation,2026-02-06,ethusdt,binance,sell,1,1850,0.3045671473649415,5.647077866106292
validation,2026-02-06,ethusdt,binance,buy,5,2392,-0.09317533424261308,10.273242581955817
validation,2026-02-06,ethusdt,binance,sell,5,1850,0.6941140491605741,12.102533536958646
validation,2026-02-06,ethusdt,binance,buy,10,2392,-0.2342271411177861,14.227512087484296
validation,2026-02-06,ethusdt,binance,sell,10,1850,1.1688611477333806,15.104420419669538
validation,2026-02-06,ethusdt,binance,buy,30,2392,-0.6411106729513419,22.262594341408736
validation,2026-02-06,ethusdt,binance,sell,30,1850,1.1080084227103646,25.882143209872
validation,2026-02-06,ethusdt,binance,buy,60,2392,-1.14606769689337,31.32689079808815
validation,2026-02-06,ethusdt,binance,sell,60,1850,0.25187023636042266,34.30783540307293
validation,2026-02-06,ethusdt,binance,buy,120,2392,-2.008444452388508,41.20115519438151
validation,2026-02-06,ethusdt,binance,sell,120,1850,3.327468792235306,47.086303265663474
validation,2026-02-06,ethusdt,binance,buy,300,2392,-0.5827089538785744,58.317291860270956
validation,2026-02-06,ethusdt,binance,sell,300,1850,5.68052487232373,58.74285984569947
validation,2026-02-06,ethusdt,bybit,buy,-300,2044,-86.80056004623432,69.09289767182581
validation,2026-02-06,ethusdt,bybit,sell,-300,3891,140.31262560997433,94.5137846251226
validation,2026-02-06,ethusdt,bybit,buy,-120,2044,-63.30490677646556,48.77402909993636
validation,2026-02-06,ethusdt,bybit,sell,-120,3891,128.78631243682707,77.46378228216723
validation,2026-02-06,ethusdt,bybit,buy,-60,2044,-47.78206893535191,36.193177452078736
validation,2026-02-06,ethusdt,bybit,sell,-60,3891,101.39249507280454,57.761433540568355
validation,2026-02-06,ethusdt,bybit,buy,-30,2044,-37.45918392302493,27.15815929465123
validation,2026-02-06,ethusdt,bybit,sell,-30,3891,70.91438152713594,42.04137841292678
validation,2026-02-06,ethusdt,bybit,buy,-10,2044,-22.857299596835787,17.68768719094824
validation,2026-02-06,ethusdt,bybit,sell,-10,3891,44.36457177444762,34.76764681410715
validation,2026-02-06,ethusdt,bybit,buy,-5,2044,-16.57500362680619,13.178764383302319
validation,2026-02-06,ethusdt,bybit,sell,-5,3891,35.41072139217952,26.761560105307808
validation,2026-02-06,ethusdt,bybit,buy,-1,2044,-1.7481270301769163,6.865335415685356
validation,2026-02-06,ethusdt,bybit,sell,-1,3891,4.4572153256929665,14.000623048376953
validation,2026-02-06,ethusdt,bybit,buy,0,2044,0.0,0.0
validation,2026-02-06,ethusdt,bybit,sell,0,3891,0.0,0.0
validation,2026-02-06,ethusdt,bybit,buy,1,2044,-0.17996430564727786,6.151565337989555
validation,2026-02-06,ethusdt,bybit,sell,1,3891,0.3065791790393709,13.944152045438653
validation,2026-02-06,ethusdt,bybit,buy,5,2044,-0.6993317096328598,12.484260589286814
validation,2026-02-06,ethusdt,bybit,sell,5,3891,12.355066443279581,27.791118253617736
validation,2026-02-06,ethusdt,bybit,buy,10,2044,-0.6131124183690929,15.428534582495425
validation,2026-02-06,ethusdt,bybit,sell,10,3891,6.804890518916682,28.03674948191393
validation,2026-02-06,ethusdt,bybit,buy,30,2044,-2.136339745793322,25.701128726169664
validation,2026-02-06,ethusdt,bybit,sell,30,3891,6.812650719820189,45.935868778652775
validation,2026-02-06,ethusdt,bybit,buy,60,2044,-7.939945271543457,35.47235848020966
validation,2026-02-06,ethusdt,bybit,sell,60,3891,3.7487041409484436,54.27492225749681
validation,2026-02-06,ethusdt,bybit,buy,120,2044,-9.269416444804243,46.6953237314475
validation,2026-02-06,ethusdt,bybit,sell,120,3891,33.21112912909884,84.5887136310546
validation,2026-02-06,ethusdt,bybit,buy,300,2044,-7.462970075992055,61.96099493574095
validation,2026-02-06,ethusdt,bybit,sell,300,3891,26.022798357148147,73.58535036177491
validation,2026-02-07,ethusdt,binance,buy,-300,1173,-37.6608284332908,48.14610378281701
validation,2026-02-07,ethusdt,binance,sell,-300,1195,39.014378366277576,48.61356020938667
validation,2026-02-07,ethusdt,binance,buy,-120,1173,-31.8925292918346,35.870960939701696
validation,2026-02-07,ethusdt,binance,sell,-120,1195,30.95715228872469,39.08972816815336
validation,2026-02-07,ethusdt,binance,buy,-60,1173,-25.65001947500566,31.94951438187525
validation,2026-02-07,ethusdt,binance,sell,-60,1195,22.899828755590303,31.574899795773298
validation,2026-02-07,ethusdt,binance,buy,-30,1173,-21.186920436813473,32.1361727476407
validation,2026-02-07,ethusdt,binance,sell,-30,1195,17.39404872627454,32.88589791140616
validation,2026-02-07,ethusdt,binance,buy,-10,1173,-15.433104486217722,29.006171774482933
validation,2026-02-07,ethusdt,binance,sell,-10,1195,12.919524293875742,31.308033472312125
validation,2026-02-07,ethusdt,binance,buy,-5,1173,-11.137324084389364,24.17822304562071
validation,2026-02-07,ethusdt,binance,sell,-5,1195,9.067382947288287,23.15660521570057
validation,2026-02-07,ethusdt,binance,buy,-1,1173,-0.016489484417204537,9.676883678424984
validation,2026-02-07,ethusdt,binance,sell,-1,1195,-0.08533017595587479,10.492681827438547
validation,2026-02-07,ethusdt,binance,buy,0,1173,0.0,0.0
validation,2026-02-07,ethusdt,binance,sell,0,1195,0.0,0.0
validation,2026-02-07,ethusdt,binance,buy,1,1173,-0.4340699075513611,8.519944711553386
validation,2026-02-07,ethusdt,binance,sell,1,1195,0.3661784420981607,9.816120852333077
validation,2026-02-07,ethusdt,binance,buy,5,1173,-1.951661281902834,23.55667783368902
validation,2026-02-07,ethusdt,binance,sell,5,1195,1.9744769927983705,23.170847226547714
validation,2026-02-07,ethusdt,binance,buy,10,1173,-3.9459803232719017,35.77630665660135
validation,2026-02-07,ethusdt,binance,sell,10,1195,3.6463171954378706,27.65707528317183
validation,2026-02-07,ethusdt,binance,buy,30,1173,-1.6954988014317678,29.05447337967235
validation,2026-02-07,ethusdt,binance,sell,30,1195,4.547711254210168,37.03379400833646
validation,2026-02-07,ethusdt,binance,buy,60,1173,-1.8002584870445804,30.643972075548973
validation,2026-02-07,ethusdt,binance,sell,60,1195,3.087583083719093,33.472550046084
validation,2026-02-07,ethusdt,binance,buy,120,1173,-3.099594471767534,33.42237463204604
validation,2026-02-07,ethusdt,binance,sell,120,1195,1.3087336722761613,36.973924343733955
validation,2026-02-07,ethusdt,binance,buy,300,1173,-10.957311220655983,42.45701373648116
validation,2026-02-07,ethusdt,binance,sell,300,1195,-0.4599529046453255,40.00599832412781
validation,2026-02-07,ethusdt,bybit,buy,-300,1184,-87.25311140411294,98.46861153655848
validation,2026-02-07,ethusdt,bybit,sell,-300,1028,69.12933106389322,74.95145603750457
validation,2026-02-07,ethusdt,bybit,buy,-120,1184,-77.1505190417507,94.63758809763726
validation,2026-02-07,ethusdt,bybit,sell,-120,1028,61.440415940114995,71.90453550131228
validation,2026-02-07,ethusdt,bybit,buy,-60,1184,-73.0891527722791,94.4540318898717
validation,2026-02-07,ethusdt,bybit,sell,-60,1028,49.557379797936456,67.6069793545065
validation,2026-02-07,ethusdt,bybit,buy,-30,1184,-67.53616849950761,88.37857277069392
validation,2026-02-07,ethusdt,bybit,sell,-30,1028,37.54642548432068,74.04763862088987
validation,2026-02-07,ethusdt,bybit,buy,-10,1184,-63.43828969338481,77.60842532581844
validation,2026-02-07,ethusdt,bybit,sell,-10,1028,47.2584946667416,80.25074553209987
validation,2026-02-07,ethusdt,bybit,buy,-5,1184,-44.97520919250474,59.22160197940587
validation,2026-02-07,ethusdt,bybit,sell,-5,1028,36.77329840381055,52.58271364616843
validation,2026-02-07,ethusdt,bybit,buy,-1,1184,-6.569736493509992,23.60531253087488
validation,2026-02-07,ethusdt,bybit,sell,-1,1028,5.478648518308586,23.70886708254593
validation,2026-02-07,ethusdt,bybit,buy,0,1184,0.0,0.0
validation,2026-02-07,ethusdt,bybit,sell,0,1028,0.0,0.0
validation,2026-02-07,ethusdt,bybit,buy,1,1184,1.742311718737887,23.45806887438139
validation,2026-02-07,ethusdt,bybit,sell,1,1028,4.139883139284068,23.62027014374328
validation,2026-02-07,ethusdt,bybit,buy,5,1184,1.4099882544204125,58.870768495811674
validation,2026-02-07,ethusdt,bybit,sell,5,1028,15.889522230533869,59.91831460992651
validation,2026-02-07,ethusdt,bybit,buy,10,1184,-14.078007563658439,91.19865452239516
validation,2026-02-07,ethusdt,bybit,sell,10,1028,27.683488375786,72.30298825843013
validation,2026-02-07,ethusdt,bybit,buy,30,1184,-16.366072133365236,68.92076499420345
validation,2026-02-07,ethusdt,bybit,sell,30,1028,34.57944211665967,109.97441975899244
validation,2026-02-07,ethusdt,bybit,buy,60,1184,-23.45464905451078,71.61217430366369
validation,2026-02-07,ethusdt,bybit,sell,60,1028,32.998868398566046,96.95322456737865
validation,2026-02-07,ethusdt,bybit,buy,120,1184,-25.66527276453575,70.15181559644812
validation,2026-02-07,ethusdt,bybit,sell,120,1028,26.16165086610037,93.11742769642002
validation,2026-02-07,ethusdt,bybit,buy,300,1184,-57.011236851650004,85.2894798346302
validation,2026-02-07,ethusdt,bybit,sell,300,1028,14.325021657042754,71.67959985435601
validation,2026-02-08,ethusdt,binance,buy,-300,788,-35.4626630411169,35.95935252829837
validation,2026-02-08,ethusdt,binance,sell,-300,692,39.11486475849911,33.71933424255703
validation,2026-02-08,ethusdt,binance,buy,-120,788,-25.397974162246683,23.002195283774018
validation,2026-02-08,ethusdt,binance,sell,-120,692,29.186539485581484,23.114644351716837
validation,2026-02-08,ethusdt,binance,buy,-60,788,-19.085988330444355,15.924128897681635
validation,2026-02-08,ethusdt,binance,sell,-60,692,21.659092748195615,16.65661654911431
validation,2026-02-08,ethusdt,binance,buy,-30,788,-15.1100593220392,13.109027993237373
validation,2026-02-08,ethusdt,binance,sell,-30,692,16.26045480017549,12.424272012423994
validation,2026-02-08,ethusdt,binance,buy,-10,788,-8.955050725590933,8.574551171270043
validation,2026-02-08,ethusdt,binance,sell,-10,692,8.865492031260944,7.705922478031294
validation,2026-02-08,ethusdt,binance,buy,-5,788,-6.007174313812487,6.732381436460295
validation,2026-02-08,ethusdt,binance,sell,-5,692,5.88824263974393,6.422573054282625
validation,2026-02-08,ethusdt,binance,buy,-1,788,-0.4982735944137609,3.120383734955188
validation,2026-02-08,ethusdt,binance,sell,-1,692,0.31754768961887025,2.947580751836274
validation,2026-02-08,ethusdt,binance,buy,0,788,0.0,0.0
validation,2026-02-08,ethusdt,binance,sell,0,692,0.0,0.0
validation,2026-02-08,ethusdt,binance,buy,1,788,0.11444126009162844,3.1688669881299454
validation,2026-02-08,ethusdt,binance,sell,1,692,-0.04685838221616305,2.4405680990114105
validation,2026-02-08,ethusdt,binance,buy,5,788,-0.025717273627662348,6.605366103694176
validation,2026-02-08,ethusdt,binance,sell,5,692,0.4101271813920524,5.407724690000666
validation,2026-02-08,ethusdt,binance,buy,10,788,-0.2852533760303967,8.392923369969798
validation,2026-02-08,ethusdt,binance,sell,10,692,0.288173074312831,8.167798126217482
validation,2026-02-08,ethusdt,binance,buy,30,788,-0.6224608672841141,11.886365707231478
validation,2026-02-08,ethusdt,binance,sell,30,692,-0.5868131350483444,12.388308256350973
validation,2026-02-08,ethusdt,binance,buy,60,788,-1.9310323595677474,14.023668477854558
validation,2026-02-08,ethusdt,binance,sell,60,692,-1.924713512090065,16.913859278158046
validation,2026-02-08,ethusdt,binance,buy,120,788,-1.7753445963132386,21.889470945270986
validation,2026-02-08,ethusdt,binance,sell,120,692,-4.170737952204308,23.721982937510926
validation,2026-02-08,ethusdt,binance,buy,300,788,-4.655512196760884,34.69897954997023
validation,2026-02-08,ethusdt,binance,sell,300,692,-2.395087075085623,30.294275591232267
validation,2026-02-08,ethusdt,bybit,buy,-300,637,-69.5340524627701,42.46160852104645
validation,2026-02-08,ethusdt,bybit,sell,-300,568,57.30208670193818,33.53514046743615
validation,2026-02-08,ethusdt,bybit,buy,-120,637,-48.043626731774175,27.647018234192746
validation,2026-02-08,ethusdt,bybit,sell,-120,568,41.41551460711669,27.019502972728162
validation,2026-02-08,ethusdt,bybit,buy,-60,637,-34.0696195104878,17.48503474960372
validation,2026-02-08,ethusdt,bybit,sell,-60,568,30.223949863556772,18.03474823496455
validation,2026-02-08,ethusdt,bybit,buy,-30,637,-28.494962816345325,15.90205501591334
validation,2026-02-08,ethusdt,bybit,sell,-30,568,24.255494088664665,15.6869930663071
validation,2026-02-08,ethusdt,bybit,buy,-10,637,-19.747647143765754,12.038661885284606
validation,2026-02-08,ethusdt,bybit,sell,-10,568,14.27752093290533,9.375577488106863
validation,2026-02-08,ethusdt,bybit,buy,-5,637,-14.55615708924593,9.85891602324554
validation,2026-02-08,ethusdt,bybit,sell,-5,568,11.489103174280851,9.816989236153514
validation,2026-02-08,ethusdt,bybit,buy,-1,637,-1.5981977020910114,7.0292127982463155
validation,2026-02-08,ethusdt,bybit,sell,-1,568,1.2884017185934136,4.513044669968459
validation,2026-02-08,ethusdt,bybit,buy,0,637,0.0,0.0
validation,2026-02-08,ethusdt,bybit,sell,0,568,0.0,0.0
validation,2026-02-08,ethusdt,bybit,buy,1,637,0.19066565896013143,5.207428949652981
validation,2026-02-08,ethusdt,bybit,sell,1,568,0.03643097999962719,3.190559967199514
validation,2026-02-08,ethusdt,bybit,buy,5,637,-1.1192329777463317,9.807178798789609
validation,2026-02-08,ethusdt,bybit,sell,5,568,0.9672636425033004,6.220095721331331
validation,2026-02-08,ethusdt,bybit,buy,10,637,-2.693436856033436,12.225517867752865
validation,2026-02-08,ethusdt,bybit,sell,10,568,1.7355277940066054,10.710063619839268
validation,2026-02-08,ethusdt,bybit,buy,30,637,-3.4457368008888523,17.742437744729234
validation,2026-02-08,ethusdt,bybit,sell,30,568,-0.6662408825124194,16.671389495446544
validation,2026-02-08,ethusdt,bybit,buy,60,637,-5.612707800021452,19.803242681303985
validation,2026-02-08,ethusdt,bybit,sell,60,568,-2.551446373117035,21.650590714241822
validation,2026-02-08,ethusdt,bybit,buy,120,637,-7.6352283774172385,26.08495777118098
validation,2026-02-08,ethusdt,bybit,sell,120,568,-2.4174791215996896,30.435650939015417
validation,2026-02-08,ethusdt,bybit,buy,300,637,-17.72783110334486,43.1749149138531
validation,2026-02-08,ethusdt,bybit,sell,300,568,-0.35816204077525804,32.66566852047783
validation,2026-02-09,ethusdt,binance,buy,-300,852,-53.45703976095958,50.79377067334412
validation,2026-02-09,ethusdt,binance,sell,-300,1011,34.24201197301836,28.075470689193967
validation,2026-02-09,ethusdt,binance,buy,-120,852,-38.18624609904125,28.772955234598513
validation,2026-02-09,ethusdt,binance,sell,-120,1011,25.929323173112135,18.768343085846958
validation,2026-02-09,ethusdt,binance,buy,-60,852,-28.552114605334584,21.658160445545395
validation,2026-02-09,ethusdt,binance,sell,-60,1011,21.513499278649416,15.601717002779962
validation,2026-02-09,ethusdt,binance,buy,-30,852,-22.170014851365696,16.899296378787366
validation,2026-02-09,ethusdt,binance,sell,-30,1011,15.46517817262517,11.566102480820827
validation,2026-02-09,ethusdt,binance,buy,-10,852,-12.161670288059751,11.298083256353209
validation,2026-02-09,ethusdt,binance,sell,-10,1011,8.573287127799745,7.843479581305025
validation,2026-02-09,ethusdt,binance,buy,-5,852,-7.653048030253368,8.948993007459762
validation,2026-02-09,ethusdt,binance,sell,-5,1011,5.129747502605205,5.960067592339536
validation,2026-02-09,ethusdt,binance,buy,-1,852,-0.4514299811948009,3.6449343294523704
validation,2026-02-09,ethusdt,binance,sell,-1,1011,0.15155540376062757,2.6252516534376182
validation,2026-02-09,ethusdt,binance,buy,0,852,0.0,0.0
validation,2026-02-09,ethusdt,binance,sell,0,1011,0.0,0.0
validation,2026-02-09,ethusdt,binance,buy,1,852,0.11650399305511841,3.160187031595242
validation,2026-02-09,ethusdt,binance,sell,1,1011,-0.020278645049907194,2.3599726776073706
validation,2026-02-09,ethusdt,binance,buy,5,852,0.5570430457721424,7.001436208989234
validation,2026-02-09,ethusdt,binance,sell,5,1011,0.12460364826693686,5.321085758677765
validation,2026-02-09,ethusdt,binance,buy,10,852,0.7033695623709489,9.094756228581767
validation,2026-02-09,ethusdt,binance,sell,10,1011,0.3473028307748894,7.577728192022085
validation,2026-02-09,ethusdt,binance,buy,30,852,-0.22887872236196685,14.711533431223234
validation,2026-02-09,ethusdt,binance,sell,30,1011,0.6366769704342845,11.983453040497777
validation,2026-02-09,ethusdt,binance,buy,60,852,1.1359626044362687,20.224519520577562
validation,2026-02-09,ethusdt,binance,sell,60,1011,0.3326035677084822,15.680482966285586
validation,2026-02-09,ethusdt,binance,buy,120,852,3.092255661041771,27.019189365687524
validation,2026-02-09,ethusdt,binance,sell,120,1011,0.5667260863215152,22.557282615224544
validation,2026-02-09,ethusdt,binance,buy,300,852,8.3589133866846,49.50752522913836
validation,2026-02-09,ethusdt,binance,sell,300,1011,-0.4792951349615542,30.71715721770711
validation,2026-02-09,ethusdt,bybit,buy,-300,780,-97.97613378501507,56.93629749795441
validation,2026-02-09,ethusdt,bybit,sell,-300,813,50.48121498046916,25.36575853206658
validation,2026-02-09,ethusdt,bybit,buy,-120,780,-61.426408410228575,31.316801269454658
validation,2026-02-09,ethusdt,bybit,sell,-120,813,36.33211182267518,21.427089570264318
validation,2026-02-09,ethusdt,bybit,buy,-60,780,-45.35490707742118,25.638207342263737
validation,2026-02-09,ethusdt,bybit,sell,-60,813,31.1789971065929,18.939926838669027
validation,2026-02-09,ethusdt,bybit,buy,-30,780,-37.89572572426911,22.484704541085105
validation,2026-02-09,ethusdt,bybit,sell,-30,813,23.122520673594686,15.624260043505
validation,2026-02-09,ethusdt,bybit,buy,-10,780,-24.257973791570475,19.45852163801564
validation,2026-02-09,ethusdt,bybit,sell,-10,813,15.749275936908807,12.660356369344674
validation,2026-02-09,ethusdt,bybit,buy,-5,780,-17.205542282385686,17.1292849251972
validation,2026-02-09,ethusdt,bybit,sell,-5,813,12.561774080268515,12.637178400315731
validation,2026-02-09,ethusdt,bybit,buy,-1,780,-3.0457535682635815,7.629300527412737
validation,2026-02-09,ethusdt,bybit,sell,-1,813,1.4614872827365792,4.874646424749284
validation,2026-02-09,ethusdt,bybit,buy,0,780,0.0,0.0
validation,2026-02-09,ethusdt,bybit,sell,0,813,0.0,0.0
validation,2026-02-09,ethusdt,bybit,buy,1,780,0.33683388080912846,5.266564985046534
validation,2026-02-09,ethusdt,bybit,sell,1,813,-0.07654621091056817,3.270611874662763
validation,2026-02-09,ethusdt,bybit,buy,5,780,-0.13696249260635934,8.810473656438193
validation,2026-02-09,ethusdt,bybit,sell,5,813,0.8701460183643163,5.923236224206144
validation,2026-02-09,ethusdt,bybit,buy,10,780,-0.5697165911713442,11.805273580031184
validation,2026-02-09,ethusdt,bybit,sell,10,813,1.2696505982287154,6.556564217833729
validation,2026-02-09,ethusdt,bybit,buy,30,780,-0.7597946467847154,16.97125629855845
validation,2026-02-09,ethusdt,bybit,sell,30,813,0.8688123635097752,12.788433184262217
validation,2026-02-09,ethusdt,bybit,buy,60,780,0.6243627247909191,25.20550486209386
validation,2026-02-09,ethusdt,bybit,sell,60,813,1.9184306651298686,15.416616902112535
validation,2026-02-09,ethusdt,bybit,buy,120,780,5.453305221033196,34.38374177243807
validation,2026-02-09,ethusdt,bybit,sell,120,813,2.5908872313565197,23.61361824702489
validation,2026-02-09,ethusdt,bybit,buy,300,780,10.694617397710765,55.03434795880175
validation,2026-02-09,ethusdt,bybit,sell,300,813,2.987002322724137,29.645663431477164
validation,2026-02-10,ethusdt,binance,buy,-300,560,-28.3413970953128,29.72380382997041
validation,2026-02-10,ethusdt,binance,sell,-300,903,43.718158401267324,36.866225258104066
validation,2026-02-10,ethusdt,binance,buy,-120,560,-24.569423710482507,19.420050074584307
validation,2026-02-10,ethusdt,binance,sell,-120,903,31.871730636278325,25.102971066836528
validation,2026-02-10,ethusdt,binance,buy,-60,560,-21.038926319093793,15.329249482888
validation,2026-02-10,ethusdt,binance,sell,-60,903,23.714038084991333,18.146187986246453
validation,2026-02-10,ethusdt,binance,buy,-30,560,-16.371770241947523,12.15297578248182
validation,2026-02-10,ethusdt,binance,sell,-30,903,16.677285871504584,13.744187180389284
validation,2026-02-10,ethusdt,binance,buy,-10,560,-9.604070899245563,8.2710143902503
validation,2026-02-10,ethusdt,binance,sell,-10,903,9.690288728346422,9.813579873884127
validation,2026-02-10,ethusdt,binance,buy,-5,560,-6.215315401476072,6.520986094425191
validation,2026-02-10,ethusdt,binance,sell,-5,903,6.052899121990346,7.504107417379335
validation,2026-02-10,ethusdt,binance,buy,-1,560,-0.502143899765199,2.6577588352609403
validation,2026-02-10,ethusdt,binance,sell,-1,903,0.2060658832745099,3.2220414547254568
validation,2026-02-10,ethusdt,binance,buy,0,560,0.0,0.0
validation,2026-02-10,ethusdt,binance,sell,0,903,0.0,0.0
validation,2026-02-10,ethusdt,binance,buy,1,560,0.12526551661138305,2.5626409905965577
validation,2026-02-10,ethusdt,binance,sell,1,903,0.035220507654097497,3.1903852335003955
validation,2026-02-10,ethusdt,binance,buy,5,560,0.007835750115766338,5.519295093695478
validation,2026-02-10,ethusdt,binance,sell,5,903,0.2063192604366986,6.018261370449852
validation,2026-02-10,ethusdt,binance,buy,10,560,0.03637878021393079,7.737571896691869
validation,2026-02-10,ethusdt,binance,sell,10,903,0.41273947881551004,8.319822396727243
validation,2026-02-10,ethusdt,binance,buy,30,560,-0.3034999710907601,11.134399958203343
validation,2026-02-10,ethusdt,binance,sell,30,903,0.3291955587001058,13.310521584909063
validation,2026-02-10,ethusdt,binance,buy,60,560,-0.6564353843693848,14.851076026276663
validation,2026-02-10,ethusdt,binance,sell,60,903,-0.2397534832451568,18.05076480287345
validation,2026-02-10,ethusdt,binance,buy,120,560,-0.9578815987506734,19.80581785243528
validation,2026-02-10,ethusdt,binance,sell,120,903,-0.1595887347914282,22.260872716986636
validation,2026-02-10,ethusdt,binance,buy,300,560,-4.416691778918671,24.7815345664408
validation,2026-02-10,ethusdt,binance,sell,300,903,-3.7482894524744124,38.07638763102947
validation,2026-02-10,ethusdt,bybit,buy,-300,274,-50.338621939548574,25.21446322659584
validation,2026-02-10,ethusdt,bybit,sell,-300,825,76.66477357350215,42.681277280317744
validation,2026-02-10,ethusdt,bybit,buy,-120,274,-41.91880218144814,20.19203530660913
validation,2026-02-10,ethusdt,bybit,sell,-120,825,51.690969968835354,28.74086037060781
validation,2026-02-10,ethusdt,bybit,buy,-60,274,-35.43119028000577,20.63645652681034
validation,2026-02-10,ethusdt,bybit,sell,-60,825,36.33528843548928,18.337836023726577
validation,2026-02-10,ethusdt,bybit,buy,-30,274,-28.962349772776765,16.492350989424754
validation,2026-02-10,ethusdt,bybit,sell,-30,825,28.162631118538645,16.26857420523567
validation,2026-02-10,ethusdt,bybit,buy,-10,274,-19.72040716003803,12.858652645240914
validation,2026-02-10,ethusdt,bybit,sell,-10,825,20.346636641660982,14.004971396466962
validation,2026-02-10,ethusdt,bybit,buy,-5,274,-15.036336038296477,12.00302236289493
validation,2026-02-10,ethusdt,bybit,sell,-5,825,15.523410715617466,11.88227906293342
validation,2026-02-10,ethusdt,bybit,buy,-1,274,-2.176320642594498,5.196005491310235
validation,2026-02-10,ethusdt,bybit,sell,-1,825,1.1649717018272798,6.523225405291833
validation,2026-02-10,ethusdt,bybit,buy,0,274,0.0,0.0
validation,2026-02-10,ethusdt,bybit,sell,0,825,0.0,0.0
validation,2026-02-10,ethusdt,bybit,buy,1,274,-0.3782271957164739,4.616428749658017
validation,2026-02-10,ethusdt,bybit,sell,1,825,0.06213911907192341,3.703262059738841
validation,2026-02-10,ethusdt,bybit,buy,5,274,-0.3027796474549186,7.577026622443522
validation,2026-02-10,ethusdt,bybit,sell,5,825,1.3922603433264686,8.845758586298526
validation,2026-02-10,ethusdt,bybit,buy,10,274,0.2994404767648184,10.126322654883436
validation,2026-02-10,ethusdt,bybit,sell,10,825,2.237244203509995,10.71070853624717
validation,2026-02-10,ethusdt,bybit,buy,30,274,-0.6036029249931625,11.906390125416777
validation,2026-02-10,ethusdt,bybit,sell,30,825,3.7111003697157465,16.71620374936347
validation,2026-02-10,ethusdt,bybit,buy,60,274,-2.7508014679375923,15.738856745188553
validation,2026-02-10,ethusdt,bybit,sell,60,825,3.539250466689766,24.874678846823425
validation,2026-02-10,ethusdt,bybit,buy,120,274,-2.5712718775857244,20.40228262406118
validation,2026-02-10,ethusdt,bybit,sell,120,825,3.136645137589236,27.76627232473382
validation,2026-02-10,ethusdt,bybit,buy,300,274,-11.381845669124093,17.962337589434892
validation,2026-02-10,ethusdt,bybit,sell,300,825,-4.37530107263068,46.24694964858021
validation,2026-02-11,ethusdt,binance,buy,-300,887,-31.076164701077847,40.82677580831605
validation,2026-02-11,ethusdt,binance,sell,-300,1394,40.62844319576334,35.471498867175946
validation,2026-02-11,ethusdt,binance,buy,-120,887,-27.88299732580879,25.460058046163688
validation,2026-02-11,ethusdt,binance,sell,-120,1394,30.500666235471083,24.945861764306606
validation,2026-02-11,ethusdt,binance,buy,-60,887,-23.77009729600948,21.99757871523676
validation,2026-02-11,ethusdt,binance,sell,-60,1394,21.380834698835084,18.634384841464584
validation,2026-02-11,ethusdt,binance,buy,-30,887,-19.441403694112857,19.883317903304494
validation,2026-02-11,ethusdt,binance,sell,-30,1394,16.712818224988773,15.215858345068854
validation,2026-02-11,ethusdt,binance,buy,-10,887,-11.727083183792471,12.332522883628709
validation,2026-02-11,ethusdt,binance,sell,-10,1394,9.427549209623747,10.792906497032702
validation,2026-02-11,ethusdt,binance,buy,-5,887,-7.799723263023976,9.15231188310666
validation,2026-02-11,ethusdt,binance,sell,-5,1394,5.832489927256173,7.717610557042619
validation,2026-02-11,ethusdt,binance,buy,-1,887,-0.48316795625989145,4.148014059363212
validation,2026-02-11,ethusdt,binance,sell,-1,1394,0.2165374871442651,2.972858960101632
validation,2026-02-11,ethusdt,binance,buy,0,887,0.0,0.0
validation,2026-02-11,ethusdt,binance,sell,0,1394,0.0,0.0
validation,2026-02-11,ethusdt,binance,buy,1,887,-0.17559184323888782,3.8772160081463043
validation,2026-02-11,ethusdt,binance,sell,1,1394,-0.020766401355159832,3.1512397640050653
validation,2026-02-11,ethusdt,binance,buy,5,887,-0.04430366330843552,8.052567343940591
validation,2026-02-11,ethusdt,binance,sell,5,1394,0.21927975705753922,6.66845079385717
validation,2026-02-11,ethusdt,binance,buy,10,887,-0.35691055043537795,10.849136154750811
validation,2026-02-11,ethusdt,binance,sell,10,1394,0.7369520497915893,9.036393561709845
validation,2026-02-11,ethusdt,binance,buy,30,887,-1.6633206776904899,14.436822801985514
validation,2026-02-11,ethusdt,binance,sell,30,1394,1.197496642390579,14.809920989891744
validation,2026-02-11,ethusdt,binance,buy,60,887,-2.2792367421207254,17.6410079132335
validation,2026-02-11,ethusdt,binance,sell,60,1394,0.868021414941466,18.76387646225582
validation,2026-02-11,ethusdt,binance,buy,120,887,-2.6202785077856037,23.416303045068112
validation,2026-02-11,ethusdt,binance,sell,120,1394,1.0503191184496823,26.523637375652847
validation,2026-02-11,ethusdt,binance,buy,300,887,-3.219468031189956,36.21592507289808
validation,2026-02-11,ethusdt,binance,sell,300,1394,0.3525439009710664,37.80656186121027
validation,2026-02-11,ethusdt,bybit,buy,-300,675,-76.61024467584483,47.398266438239254
validation,2026-02-11,ethusdt,bybit,sell,-300,1779,76.27055844083826,32.266271071091424
validation,2026-02-11,ethusdt,bybit,buy,-120,675,-60.60650001039601,44.03266525921865
validation,2026-02-11,ethusdt,bybit,sell,-120,1779,61.78225983358116,28.059861003534156
validation,2026-02-11,ethusdt,bybit,buy,-60,675,-56.89594712999041,46.929099232960844
validation,2026-02-11,ethusdt,bybit,sell,-60,1779,46.94076948937234,28.171670371285316
validation,2026-02-11,ethusdt,bybit,buy,-30,675,-49.01936124425263,48.43696283669696
validation,2026-02-11,ethusdt,bybit,sell,-30,1779,38.560740209451936,25.773588909861285
validation,2026-02-11,ethusdt,bybit,buy,-10,675,-30.634240871760596,24.846710505323287
validation,2026-02-11,ethusdt,bybit,sell,-10,1779,27.727191934394536,21.80411920543037
validation,2026-02-11,ethusdt,bybit,buy,-5,675,-23.52249863014114,21.099389985019886
validation,2026-02-11,ethusdt,bybit,sell,-5,1779,21.857799274796243,18.65730271693131
validation,2026-02-11,ethusdt,bybit,buy,-1,675,-3.3471481598644313,10.066790379469234
validation,2026-02-11,ethusdt,bybit,sell,-1,1779,2.7109257278576004,8.017236144002878
validation,2026-02-11,ethusdt,bybit,buy,0,675,0.0,0.0
validation,2026-02-11,ethusdt,bybit,sell,0,1779,0.0,0.0
validation,2026-02-11,ethusdt,bybit,buy,1,675,0.4370863841022802,7.171144368210902
validation,2026-02-11,ethusdt,bybit,sell,1,1779,0.052641193462608475,5.491351318221976
validation,2026-02-11,ethusdt,bybit,buy,5,675,-1.504004510580111,13.858671746668302
validation,2026-02-11,ethusdt,bybit,sell,5,1779,1.670722157533703,9.875903005438442
validation,2026-02-11,ethusdt,bybit,buy,10,675,-1.8299537049218264,23.521955935674768
validation,2026-02-11,ethusdt,bybit,sell,10,1779,3.1906769342450256,13.705973405822917
validation,2026-02-11,ethusdt,bybit,buy,30,675,-4.494490660237634,29.87282917947033
validation,2026-02-11,ethusdt,bybit,sell,30,1779,7.888099123558124,24.888746390486954
validation,2026-02-11,ethusdt,bybit,buy,60,675,-8.50296416021252,32.00752193883389
validation,2026-02-11,ethusdt,bybit,sell,60,1779,6.468216830072343,24.276490245558495
validation,2026-02-11,ethusdt,bybit,buy,120,675,-5.571495030792919,38.219319735810885
validation,2026-02-11,ethusdt,bybit,sell,120,1779,7.768958414497978,31.644161095444144
validation,2026-02-11,ethusdt,bybit,buy,300,675,1.001957509373297,39.30403162838622
validation,2026-02-11,ethusdt,bybit,sell,300,1779,0.23779101315778872,46.7352412729032
validation,2026-02-12,ethusdt,binance,buy,-300,786,-24.262045024469128,23.037741001347698
validation,2026-02-12,ethusdt,binance,sell,-300,968,34.62291551798262,27.816124912890746
validation,2026-02-12,ethusdt,binance,buy,-120,786,-21.504203091998708,14.92651425795985
validation,2026-02-12,ethusdt,binance,sell,-120,968,24.66254924953063,19.256967737016083
validation,2026-02-12,ethusdt,binance,buy,-60,786,-18.64526064264694,12.20846778632645
validation,2026-02-12,ethusdt,binance,sell,-60,968,18.718866624511847,14.92047725063779
validation,2026-02-12,ethusdt,binance,buy,-30,786,-14.175586131477006,9.480942219473484
validation,2026-02-12,ethusdt,binance,sell,-30,968,13.749596880751467,11.209594363676327
validation,2026-02-12,ethusdt,binance,buy,-10,786,-8.344826837967567,6.894957205877069
validation,2026-02-12,ethusdt,binance,sell,-10,968,7.660413016102022,7.452181799169834
validation,2026-02-12,ethusdt,binance,buy,-5,786,-5.72551586277773,5.6049955100113715
validation,2026-02-12,ethusdt,binance,sell,-5,968,4.624277990099798,5.2078760301001
validation,2026-02-12,ethusdt,binance,buy,-1,786,-0.38358407323800925,2.568397137273083
validation,2026-02-12,ethusdt,binance,sell,-1,968,0.12077123899847096,2.354114072529569
validation,2026-02-12,ethusdt,binance,buy,0,786,0.0,0.0
validation,2026-02-12,ethusdt,binance,sell,0,968,0.0,0.0
validation,2026-02-12,ethusdt,binance,buy,1,786,0.007110359347384235,2.4388742865031463
validation,2026-02-12,ethusdt,binance,sell,1,968,0.031008414102882364,2.299958948726214
validation,2026-02-12,ethusdt,binance,buy,5,786,-0.2459633285395533,4.903503391628775
validation,2026-02-12,ethusdt,binance,sell,5,968,-0.0396914976677874,4.878980549663403
validation,2026-02-12,ethusdt,binance,buy,10,786,-0.6771231510732205,6.26363495567687
validation,2026-02-12,ethusdt,binance,sell,10,968,0.33512771294298516,6.795941588466697
validation,2026-02-12,ethusdt,binance,buy,30,786,-1.5650145003325862,9.169532483390409
validation,2026-02-12,ethusdt,binance,sell,30,968,1.2353561186538424,10.25890448227555
validation,2026-02-12,ethusdt,binance,buy,60,786,-2.561857940201518,12.07176304166477
validation,2026-02-12,ethusdt,binance,sell,60,968,1.0870952950375457,14.560858333601136
validation,2026-02-12,ethusdt,binance,buy,120,786,-3.659190675678384,15.564040778999997
validation,2026-02-12,ethusdt,binance,sell,120,968,2.6710930238227117,18.74279021865523
validation,2026-02-12,ethusdt,binance,buy,300,786,-8.110102937557288,26.372501911992394
validation,2026-02-12,ethusdt,binance,sell,300,968,1.6703673497494602,29.555114760807207
validation,2026-02-12,ethusdt,bybit,buy,-300,322,-40.43124511343821,21.65259147117807
validation,2026-02-12,ethusdt,bybit,sell,-300,722,56.780757147372896,23.7397005849816
validation,2026-02-12,ethusdt,bybit,buy,-120,322,-29.750494689550337,15.379956881789797
validation,2026-02-12,ethusdt,bybit,sell,-120,722,37.909071760137564,21.31108229958179
validation,2026-02-12,ethusdt,bybit,buy,-60,322,-23.86078530391975,14.264929309317697
validation,2026-02-12,ethusdt,bybit,sell,-60,722,30.276343753337024,16.956007588211683
validation,2026-02-12,ethusdt,bybit,buy,-30,322,-20.36838311068003,13.737768302371185
validation,2026-02-12,ethusdt,bybit,sell,-30,722,23.76697744228073,14.387221264892736
validation,2026-02-12,ethusdt,bybit,buy,-10,322,-14.842235370353473,11.70869006999519
validation,2026-02-12,ethusdt,bybit,sell,-10,722,15.464972170639388,10.511111261280792
validation,2026-02-12,ethusdt,bybit,buy,-5,322,-11.976433895186384,11.446414977158812
validation,2026-02-12,ethusdt,bybit,sell,-5,722,10.929126214453552,8.34199346883684
validation,2026-02-12,ethusdt,bybit,buy,-1,322,-1.6881728368242566,6.013600831455555
validation,2026-02-12,ethusdt,bybit,sell,-1,722,1.168357426786259,5.518096381231414
validation,2026-02-12,ethusdt,bybit,buy,0,322,0.0,0.0
validation,2026-02-12,ethusdt,bybit,sell,0,722,0.0,0.0
validation,2026-02-12,ethusdt,bybit,buy,1,322,-0.2587787162811506,3.001039710731142
validation,2026-02-12,ethusdt,bybit,sell,1,722,0.3447522049299012,3.79975499037741
validation,2026-02-12,ethusdt,bybit,buy,5,322,-2.2489676872052073,5.439167119666755
validation,2026-02-12,ethusdt,bybit,sell,5,722,1.2720325869455422,6.246385571053717
validation,2026-02-12,ethusdt,bybit,buy,10,322,-3.607979221818757,7.779437103817776
validation,2026-02-12,ethusdt,bybit,sell,10,722,2.533893817688215,10.817545585572068
validation,2026-02-12,ethusdt,bybit,buy,30,322,-3.703128272913064,10.518824979683222
validation,2026-02-12,ethusdt,bybit,sell,30,722,5.264423316307976,16.30143516817837
validation,2026-02-12,ethusdt,bybit,buy,60,322,-8.51035224160864,16.987291157115834
validation,2026-02-12,ethusdt,bybit,sell,60,722,5.36728714901002,19.66184520523611
validation,2026-02-12,ethusdt,bybit,buy,120,322,-8.650032430664435,17.51548524902733
validation,2026-02-12,ethusdt,bybit,sell,120,722,8.335401515613638,23.423541263441223
validation,2026-02-12,ethusdt,bybit,buy,300,322,-8.356693138500646,21.75073594095757
validation,2026-02-12,ethusdt,bybit,sell,300,722,4.175537502403292,38.5164345526482
validation,2026-02-13,ethusdt,binance,buy,-300,859,-41.340414280481106,37.340495922071035
validation,2026-02-13,ethusdt,binance,sell,-300,581,22.22371153858721,23.510039242571217
validation,2026-02-13,ethusdt,binance,buy,-120,859,-30.967327191220534,26.604687450179096
validation,2026-02-13,ethusdt,binance,sell,-120,581,19.88875391766195,15.625489738947712
validation,2026-02-13,ethusdt,binance,buy,-60,859,-23.064830349700205,18.261905239470877
validation,2026-02-13,ethusdt,binance,sell,-60,581,15.76684522602865,12.659604948918302
validation,2026-02-13,ethusdt,binance,buy,-30,859,-17.366798310234877,14.693855872228824
validation,2026-02-13,ethusdt,binance,sell,-30,581,12.079930907974502,9.816058767832676
validation,2026-02-13,ethusdt,binance,buy,-10,859,-9.991368063599763,9.8466014841943
validation,2026-02-13,ethusdt,binance,sell,-10,581,6.129874181040028,5.6275832932907415
validation,2026-02-13,ethusdt,binance,buy,-5,859,-6.433423385921445,7.61206276254219
validation,2026-02-13,ethusdt,binance,sell,-5,581,3.8357529585036336,3.6862645434490706
validation,2026-02-13,ethusdt,binance,buy,-1,859,-0.39646935318896354,3.5969038814871186
validation,2026-02-13,ethusdt,binance,sell,-1,581,0.12842772954662257,1.7967555718397858
validation,2026-02-13,ethusdt,binance,buy,0,859,0.0,0.0
validation,2026-02-13,ethusdt,binance,sell,0,581,0.0,0.0
validation,2026-02-13,ethusdt,binance,buy,1,859,0.10189445087876438,3.278930561433936
validation,2026-02-13,ethusdt,binance,sell,1,581,0.10069664426422201,1.5505488277764214
validation,2026-02-13,ethusdt,binance,buy,5,859,-0.0002513962314233983,7.003953522487958
validation,2026-02-13,ethusdt,binance,sell,5,581,0.10104377097297475,3.543427269909918
validation,2026-02-13,ethusdt,binance,buy,10,859,0.23250570419190342,8.83226111789989
validation,2026-02-13,ethusdt,binance,sell,10,581,0.03956633740828611,4.745965672184304
validation,2026-02-13,ethusdt,binance,buy,30,859,-0.3951047051883767,14.120243749082974
validation,2026-02-13,ethusdt,binance,sell,30,581,1.1992880531278463,9.260784476265567
validation,2026-02-13,ethusdt,binance,buy,60,859,-0.3857869006450751,17.752414609942626
validation,2026-02-13,ethusdt,binance,sell,60,581,1.200375633746811,11.37631894664827
validation,2026-02-13,ethusdt,binance,buy,120,859,2.0206447611246534,24.77161174148066
validation,2026-02-13,ethusdt,binance,sell,120,581,2.0276718493769286,14.728176966854448
validation,2026-02-13,ethusdt,binance,buy,300,859,3.6319404590030557,32.26712990604882
validation,2026-02-13,ethusdt,binance,sell,300,581,7.0604250675600575,29.035254328592345
validation,2026-02-13,ethusdt,bybit,buy,-300,1029,-80.95479454231614,42.56292276138147
validation,2026-02-13,ethusdt,bybit,sell,-300,161,24.599829389952248,32.473376100380364
validation,2026-02-13,ethusdt,bybit,buy,-120,1029,-62.156729113397816,30.306261582887355
validation,2026-02-13,ethusdt,bybit,sell,-120,161,21.473671759205185,21.187951167880716
validation,2026-02-13,ethusdt,bybit,buy,-60,1029,-45.30683053997405,20.95718782742591
validation,2026-02-13,ethusdt,bybit,sell,-60,161,15.686309503602358,14.62052670347396
validation,2026-02-13,ethusdt,bybit,buy,-30,1029,-36.52993726040656,17.946300588801662
validation,2026-02-13,ethusdt,bybit,sell,-30,161,13.187000727206142,11.35944124489528
validation,2026-02-13,ethusdt,bybit,buy,-10,1029,-25.265144152499875,15.479278961719091
validation,2026-02-13,ethusdt,bybit,sell,-10,161,7.39754343490553,7.3588795932448585
validation,2026-02-13,ethusdt,bybit,buy,-5,1029,-19.41943113502628,12.321298841310778
validation,2026-02-13,ethusdt,bybit,sell,-5,161,4.995833762374614,5.171267589440523
validation,2026-02-13,ethusdt,bybit,buy,-1,1029,-2.8882026306570734,6.604570456006908
validation,2026-02-13,ethusdt,bybit,sell,-1,161,0.6115919227629891,3.135674183607208
validation,2026-02-13,ethusdt,bybit,buy,0,1029,0.0,0.0
validation,2026-02-13,ethusdt,bybit,sell,0,161,0.0,0.0
validation,2026-02-13,ethusdt,bybit,buy,1,1029,-0.21933290667017738,6.004041609369433
validation,2026-02-13,ethusdt,bybit,sell,1,161,0.10590446184977681,1.7595045948520733
validation,2026-02-13,ethusdt,bybit,buy,5,1029,-2.2260602127875995,11.999080940563498
validation,2026-02-13,ethusdt,bybit,sell,5,161,0.2869079101474317,3.668685026641288
validation,2026-02-13,ethusdt,bybit,buy,10,1029,-2.617428246350741,12.023791410340479
validation,2026-02-13,ethusdt,bybit,sell,10,161,0.4842114808189263,4.938335457045757
validation,2026-02-13,ethusdt,bybit,buy,30,1029,-3.5700920282126556,20.52790908223936
validation,2026-02-13,ethusdt,bybit,sell,30,161,0.8171226552668265,7.699457351571585
validation,2026-02-13,ethusdt,bybit,buy,60,1029,-6.225606050743574,20.110759552149787
validation,2026-02-13,ethusdt,bybit,sell,60,161,1.4213320438439576,9.581165359370875
validation,2026-02-13,ethusdt,bybit,buy,120,1029,0.011955401727181816,28.24846601639848
validation,2026-02-13,ethusdt,bybit,sell,120,161,3.2155195187896304,12.805696548474094
validation,2026-02-13,ethusdt,bybit,buy,300,1029,-3.0683361800227993,37.46069446478493
validation,2026-02-13,ethusdt,bybit,sell,300,161,7.767859208189882,26.3541935572567
validation,2026-02-14,ethusdt,binance,buy,-300,582,-18.33744403127771,19.658434798891495
validation,2026-02-14,ethusdt,binance,sell,-300,388,18.00652928328801,17.171358100760983
validation,2026-02-14,ethusdt,binance,buy,-120,582,-14.699425284557162,15.958366558854653
validation,2026-02-14,ethusdt,binance,sell,-120,388,13.305911406904091,13.272366386813557
validation,2026-02-14,ethusdt,binance,buy,-60,582,-11.752260917423776,14.368437025217073
validation,2026-02-14,ethusdt,binance,sell,-60,388,9.992683239839867,10.233123076151225
validation,2026-02-14,ethusdt,binance,buy,-30,582,-8.817068580820768,11.599141789565277
validation,2026-02-14,ethusdt,binance,sell,-30,388,7.156765830045089,7.423724786000424
validation,2026-02-14,ethusdt,binance,buy,-10,582,-5.332024710340072,9.212723334229718
validation,2026-02-14,ethusdt,binance,sell,-10,388,3.7765943806285582,4.2681671830911
validation,2026-02-14,ethusdt,binance,buy,-5,582,-3.740877108599393,6.849976985431525
validation,2026-02-14,ethusdt,binance,sell,-5,388,2.6068594475551117,3.4821950723612116
validation,2026-02-14,ethusdt,binance,buy,-1,582,-0.2753815504804475,2.919554638246942
validation,2026-02-14,ethusdt,binance,sell,-1,388,0.007307506927606932,1.3937642969468336
validation,2026-02-14,ethusdt,binance,buy,0,582,0.0,0.0
validation,2026-02-14,ethusdt,binance,sell,0,388,0.0,0.0
validation,2026-02-14,ethusdt,binance,buy,1,582,-0.07833252365462234,2.178304211057519
validation,2026-02-14,ethusdt,binance,sell,1,388,0.11435119143929143,1.4011197026150708
validation,2026-02-14,ethusdt,binance,buy,5,582,-0.43127473011206324,5.599659732492501
validation,2026-02-14,ethusdt,binance,sell,5,388,0.26813717145814076,2.8206551604413765
validation,2026-02-14,ethusdt,binance,buy,10,582,-0.9866351037255443,5.716704576434591
validation,2026-02-14,ethusdt,binance,sell,10,388,0.2266817031161961,3.733542697306383
validation,2026-02-14,ethusdt,binance,buy,30,582,0.6708775316784481,12.814928857740599
validation,2026-02-14,ethusdt,binance,sell,30,388,0.12064385268349058,6.670444143386314
validation,2026-02-14,ethusdt,binance,buy,60,582,-0.028074150920593503,11.474775696797355
validation,2026-02-14,ethusdt,binance,sell,60,388,0.9142551826021583,8.546660883323081
validation,2026-02-14,ethusdt,binance,buy,120,582,-0.5342373566463469,12.744950328986599
validation,2026-02-14,ethusdt,binance,sell,120,388,0.3428846054569395,10.490813743579793
validation,2026-02-14,ethusdt,binance,buy,300,582,-0.8787489828796713,19.017416226823116
validation,2026-02-14,ethusdt,binance,sell,300,388,-0.18875433138080697,17.159897189334405
validation,2026-02-14,ethusdt,bybit,buy,-300,546,-62.63376562711687,41.53353106864032
validation,2026-02-14,ethusdt,bybit,sell,-300,129,23.938733144125877,23.658368357970193
validation,2026-02-14,ethusdt,bybit,buy,-120,546,-56.37904340470498,38.046399434309905
validation,2026-02-14,ethusdt,bybit,sell,-120,129,17.305566367120978,21.242616299127285
validation,2026-02-14,ethusdt,bybit,buy,-60,546,-53.981942725860115,42.28274529485267
validation,2026-02-14,ethusdt,bybit,sell,-60,129,14.464769451720143,18.091381264597462
validation,2026-02-14,ethusdt,bybit,buy,-30,546,-44.85595855436454,35.120552274140984
validation,2026-02-14,ethusdt,bybit,sell,-30,129,10.750209399832803,14.598168921051704
validation,2026-02-14,ethusdt,bybit,buy,-10,546,-34.68789678677048,31.457416479220733
validation,2026-02-14,ethusdt,bybit,sell,-10,129,5.976622200070517,11.064851678015591
validation,2026-02-14,ethusdt,bybit,buy,-5,546,-30.854590432662828,27.945924947929928
validation,2026-02-14,ethusdt,bybit,sell,-5,129,4.779509422214877,9.017972772599771
validation,2026-02-14,ethusdt,bybit,buy,-1,546,-5.56865359622342,9.932081714207428
validation,2026-02-14,ethusdt,bybit,sell,-1,129,0.8869280984657169,3.3085693592622976
validation,2026-02-14,ethusdt,bybit,buy,0,546,0.0,0.0
validation,2026-02-14,ethusdt,bybit,sell,0,129,0.0,0.0
validation,2026-02-14,ethusdt,bybit,buy,1,546,1.8010925793474792,9.533165239815398
validation,2026-02-14,ethusdt,bybit,sell,1,129,0.2990878937586717,1.5677274063377038
validation,2026-02-14,ethusdt,bybit,buy,5,546,-4.2087067476557865,19.265209667740358
validation,2026-02-14,ethusdt,bybit,sell,5,129,1.3640614773216515,5.322720577461172
validation,2026-02-14,ethusdt,bybit,buy,10,546,-14.329685111775442,20.229758815606573
validation,2026-02-14,ethusdt,bybit,sell,10,129,1.2292344136722058,5.682507718033909
validation,2026-02-14,ethusdt,bybit,buy,30,546,-8.486615627875315,30.45148836198957
validation,2026-02-14,ethusdt,bybit,sell,30,129,-0.37141841531937136,9.75433208956287
validation,2026-02-14,ethusdt,bybit,buy,60,546,-12.383236114145827,26.83464622120127
validation,2026-02-14,ethusdt,bybit,sell,60,129,1.5487841507963203,11.610233760575818
validation,2026-02-14,ethusdt,bybit,buy,120,546,-16.447751804768618,28.075075005852714
validation,2026-02-14,ethusdt,bybit,sell,120,129,-1.224467347725247,12.784424816206412
validation,2026-02-14,ethusdt,bybit,buy,300,546,-23.405643833541237,34.018451111827304
validation,2026-02-14,ethusdt,bybit,sell,300,129,-4.986925574966367,21.34322516371951
validation,2026-02-15,ethusdt,binance,buy,-300,626,-20.908662942061387,28.40256275848431
validation,2026-02-15,ethusdt,binance,sell,-300,1026,48.70484151582251,38.016985890854826
validation,2026-02-15,ethusdt,binance,buy,-120,626,-20.27811773839869,19.363194454035938
validation,2026-02-15,ethusdt,binance,sell,-120,1026,32.02454512744932,23.687018065951783
validation,2026-02-15,ethusdt,binance,buy,-60,626,-15.4897375351882,14.01475482535375
validation,2026-02-15,ethusdt,binance,sell,-60,1026,23.795130319577012,19.661807602556376
validation,2026-02-15,ethusdt,binance,buy,-30,626,-12.68684660989009,11.605506428890916
validation,2026-02-15,ethusdt,binance,sell,-30,1026,17.731046914374584,17.878729304806342
validation,2026-02-15,ethusdt,binance,buy,-10,626,-7.142192910873031,7.952054773323957
validation,2026-02-15,ethusdt,binance,sell,-10,1026,9.34713271064879,11.518898954462008
validation,2026-02-15,ethusdt,binance,buy,-5,626,-4.794693070467722,6.507610537411069
validation,2026-02-15,ethusdt,binance,sell,-5,1026,6.3957322699682155,8.522230986244264
validation,2026-02-15,ethusdt,binance,buy,-1,626,-0.2809505711893323,2.5693891155828137
validation,2026-02-15,ethusdt,binance,sell,-1,1026,0.21831025228029013,3.779382984048969
validation,2026-02-15,ethusdt,binance,buy,0,626,0.0,0.0
validation,2026-02-15,ethusdt,binance,sell,0,1026,0.0,0.0
validation,2026-02-15,ethusdt,binance,buy,1,626,-0.09661664784179615,2.092429111953375
validation,2026-02-15,ethusdt,binance,sell,1,1026,0.051537664385433356,3.606884663863057
validation,2026-02-15,ethusdt,binance,buy,5,626,0.027268421097543027,4.334438231415093
validation,2026-02-15,ethusdt,binance,sell,5,1026,0.2594754325726275,7.638422575047566
validation,2026-02-15,ethusdt,binance,buy,10,626,-0.04384258787988124,5.8350852265343045
validation,2026-02-15,ethusdt,binance,sell,10,1026,-0.04153720721368336,10.101116297495627
validation,2026-02-15,ethusdt,binance,buy,30,626,-0.928897079052787,9.094233646345444
validation,2026-02-15,ethusdt,binance,sell,30,1026,-0.15416886839158453,13.990647626525307
validation,2026-02-15,ethusdt,binance,buy,60,626,-1.0866999896003848,11.388341624146987
validation,2026-02-15,ethusdt,binance,sell,60,1026,-0.6374830243025804,16.15203462307197
validation,2026-02-15,ethusdt,binance,buy,120,626,-1.7334304181207225,16.55103102824943
validation,2026-02-15,ethusdt,binance,sell,120,1026,-3.3900281188187233,21.28581098594373
validation,2026-02-15,ethusdt,binance,buy,300,626,-3.656601171923457,23.051867905233998
validation,2026-02-15,ethusdt,binance,sell,300,1026,-10.47610833801307,39.754861628830646
validation,2026-02-15,ethusdt,bybit,buy,-300,216,-40.430481631126845,23.12684756059418
validation,2026-02-15,ethusdt,bybit,sell,-300,1724,85.99863561076845,47.81765193471354
validation,2026-02-15,ethusdt,bybit,buy,-120,216,-32.46556530403805,18.850909091763558
validation,2026-02-15,ethusdt,bybit,sell,-120,1724,56.05446074120643,34.878899578704655
validation,2026-02-15,ethusdt,bybit,buy,-60,216,-22.375335657190607,11.774012009114577
validation,2026-02-15,ethusdt,bybit,sell,-60,1724,47.21557241550827,35.670641636265486
validation,2026-02-15,ethusdt,bybit,buy,-30,216,-17.626282170456673,10.404660847530161
validation,2026-02-15,ethusdt,bybit,sell,-30,1724,42.99246431202708,38.032664188961895
validation,2026-02-15,ethusdt,bybit,buy,-10,216,-11.840723844586407,8.025913630804888
validation,2026-02-15,ethusdt,bybit,sell,-10,1724,30.943986498158363,31.004214174195976
validation,2026-02-15,ethusdt,bybit,buy,-5,216,-8.543790047303887,6.720785432868224
validation,2026-02-15,ethusdt,bybit,sell,-5,1724,24.94617667878847,24.13154913700904
validation,2026-02-15,ethusdt,bybit,buy,-1,216,-1.0936439339794974,3.9421211991873815
validation,2026-02-15,ethusdt,bybit,sell,-1,1724,4.624364074390359,10.704502191456259
validation,2026-02-15,ethusdt,bybit,buy,0,216,0.0,0.0
validation,2026-02-15,ethusdt,bybit,sell,0,1724,0.0,0.0
validation,2026-02-15,ethusdt,bybit,buy,1,216,-0.005548464728288919,2.7424553010235706
validation,2026-02-15,ethusdt,bybit,sell,1,1724,-0.8099438482361339,8.745058981243485
validation,2026-02-15,ethusdt,bybit,buy,5,216,-1.5079378024503949,4.9578399360081615
validation,2026-02-15,ethusdt,bybit,sell,5,1724,-1.0976880589574973,22.592233548234606
validation,2026-02-15,ethusdt,bybit,buy,10,216,-1.4697392170017034,6.542294573541214
validation,2026-02-15,ethusdt,bybit,sell,10,1724,1.5299913216710952,20.470161684779306
validation,2026-02-15,ethusdt,bybit,buy,30,216,-3.1822125718992487,8.644018046929851
validation,2026-02-15,ethusdt,bybit,sell,30,1724,4.472917700770962,23.451187816973125
validation,2026-02-15,ethusdt,bybit,buy,60,216,-4.521693183129972,12.830955343564126
validation,2026-02-15,ethusdt,bybit,sell,60,1724,6.802968207534424,21.424546464562937
validation,2026-02-15,ethusdt,bybit,buy,120,216,-7.572272684459415,17.162835302411118
validation,2026-02-15,ethusdt,bybit,sell,120,1724,-0.6574595797429056,25.750608238698035
validation,2026-02-15,ethusdt,bybit,buy,300,216,-11.62736676435601,21.85294632055513
validation,2026-02-15,ethusdt,bybit,sell,300,1724,-19.199263870805588,46.05271045158789
validation,2026-02-16,ethusdt,binance,buy,-300,662,-28.46971271738623,27.80075870440044
validation,2026-02-16,ethusdt,binance,sell,-300,659,35.36278636114487,36.068768858333904
validation,2026-02-16,ethusdt,binance,buy,-120,662,-25.525136293047275,21.582927865118414
validation,2026-02-16,ethusdt,binance,sell,-120,659,29.391204410013614,24.64274769705832
validation,2026-02-16,ethusdt,binance,buy,-60,662,-20.406815488138665,15.871111801853685
validation,2026-02-16,ethusdt,binance,sell,-60,659,21.156345157000683,17.2051085048994
validation,2026-02-16,ethusdt,binance,buy,-30,662,-14.96898616196751,10.889867612810985
validation,2026-02-16,ethusdt,binance,sell,-30,659,14.448462293866088,12.803439289370612
validation,2026-02-16,ethusdt,binance,buy,-10,662,-8.653472387606385,7.228135307414426
validation,2026-02-16,ethusdt,binance,sell,-10,659,8.163371043411477,7.808997757209356
validation,2026-02-16,ethusdt,binance,buy,-5,662,-5.9811849160781465,5.7667875837296005
validation,2026-02-16,ethusdt,binance,sell,-5,659,5.145227121629426,5.743714543789913
validation,2026-02-16,ethusdt,binance,buy,-1,662,-0.6124072656408219,3.128810370251325
validation,2026-02-16,ethusdt,binance,sell,-1,659,0.30538791283120553,2.7378848363834627
validation,2026-02-16,ethusdt,binance,buy,0,662,0.0,0.0
validation,2026-02-16,ethusdt,binance,sell,0,659,0.0,0.0
validation,2026-02-16,ethusdt,binance,buy,1,662,0.07427817985738273,2.616656827071713
validation,2026-02-16,ethusdt,binance,sell,1,659,0.01547204677006536,2.8390097336487994
validation,2026-02-16,ethusdt,binance,buy,5,662,0.07362580941879987,5.112780800770832
validation,2026-02-16,ethusdt,binance,sell,5,659,-0.12278556599646209,5.465746019856884
validation,2026-02-16,ethusdt,binance,buy,10,662,0.05260757118790185,6.640030598200909
validation,2026-02-16,ethusdt,binance,sell,10,659,-0.5962661928631587,7.421031278327941
validation,2026-02-16,ethusdt,binance,buy,30,662,0.5766576082797479,10.791391118501274
validation,2026-02-16,ethusdt,binance,sell,30,659,-0.5210885018039798,13.75696801560555
validation,2026-02-16,ethusdt,binance,buy,60,662,0.3300808323505081,15.157133207665762
validation,2026-02-16,ethusdt,binance,sell,60,659,-1.4563295560977796,17.72664347215335
validation,2026-02-16,ethusdt,binance,buy,120,662,-0.4361804079302657,18.196163381945098
validation,2026-02-16,ethusdt,binance,sell,120,659,-1.8724345468405523,23.78799032197935
validation,2026-02-16,ethusdt,binance,buy,300,662,-3.5807388452294933,21.927900015566898
validation,2026-02-16,ethusdt,binance,sell,300,659,-1.4437696230708603,30.450194372246518
validation,2026-02-16,ethusdt,bybit,buy,-300,429,-44.95207946738969,25.66392120173288
validation,2026-02-16,ethusdt,bybit,sell,-300,514,70.82877469671956,44.56048013816558
validation,2026-02-16,ethusdt,bybit,buy,-120,429,-41.121372390491935,23.398520525541294
validation,2026-02-16,ethusdt,bybit,sell,-120,514,57.49768572025246,34.56438927606662
validation,2026-02-16,ethusdt,bybit,buy,-60,429,-33.422098562899535,17.585021515426668
validation,2026-02-16,ethusdt,bybit,sell,-60,514,38.26986118740015,22.836367244473486
validation,2026-02-16,ethusdt,bybit,buy,-30,429,-24.794446249705963,12.90235280934894
validation,2026-02-16,ethusdt,bybit,sell,-30,514,26.648664840638045,17.262714291778398
validation,2026-02-16,ethusdt,bybit,buy,-10,429,-15.00994711754391,9.197408842030152
validation,2026-02-16,ethusdt,bybit,sell,-10,514,15.746023044969393,9.656081819511908
validation,2026-02-16,ethusdt,bybit,buy,-5,429,-11.582776459306167,8.179154696649523
validation,2026-02-16,ethusdt,bybit,sell,-5,514,12.257704831331647,8.606135344360464
validation,2026-02-16,ethusdt,bybit,buy,-1,429,-1.4263721778625131,4.9505782483342555
validation,2026-02-16,ethusdt,bybit,sell,-1,514,0.8898432605612374,5.133141230982878
validation,2026-02-16,ethusdt,bybit,buy,0,429,0.0,0.0
validation,2026-02-16,ethusdt,bybit,sell,0,514,0.0,0.0
validation,2026-02-16,ethusdt,bybit,buy,1,429,-0.6471566837088225,4.1858490784064735
validation,2026-02-16,ethusdt,bybit,sell,1,514,0.6348724732868625,4.860828511461136
validation,2026-02-16,ethusdt,bybit,buy,5,429,-1.313597696736484,6.53671179318898
validation,2026-02-16,ethusdt,bybit,sell,5,514,1.8386272395207974,7.50955112879755
validation,2026-02-16,ethusdt,bybit,buy,10,429,-1.57395336411165,7.775592149218042
validation,2026-02-16,ethusdt,bybit,sell,10,514,0.9205330543370225,8.762031517450211
validation,2026-02-16,ethusdt,bybit,buy,30,429,0.6318533345658262,11.961849545772763
validation,2026-02-16,ethusdt,bybit,sell,30,514,-1.903378989270016,16.40449063389353
validation,2026-02-16,ethusdt,bybit,buy,60,429,2.2785966905018995,16.900644755426047
validation,2026-02-16,ethusdt,bybit,sell,60,514,-5.374100306856311,20.73762722517237
validation,2026-02-16,ethusdt,bybit,buy,120,429,-0.36897574962401236,18.85692191675931
validation,2026-02-16,ethusdt,bybit,sell,120,514,-8.562468543277207,30.164641444415075
validation,2026-02-16,ethusdt,bybit,buy,300,429,-6.565198741168976,21.93120829414027
validation,2026-02-16,ethusdt,bybit,sell,300,514,1.6025780865912196,38.19261806824967
validation,2026-02-17,ethusdt,binance,buy,-300,554,-36.31417640268633,36.40917475138249
validation,2026-02-17,ethusdt,binance,sell,-300,763,35.98810440435474,32.448180215062585
validation,2026-02-17,ethusdt,binance,buy,-120,554,-28.761450195504686,22.42955913738034
validation,2026-02-17,ethusdt,binance,sell,-120,763,25.396370281480102,21.27381128937867
validation,2026-02-17,ethusdt,binance,buy,-60,554,-22.86905941724471,17.531238957280582
validation,2026-02-17,ethusdt,binance,sell,-60,763,19.669104506976645,16.174865748834186
validation,2026-02-17,ethusdt,binance,buy,-30,554,-17.93294834148863,13.423077397066441
validation,2026-02-17,ethusdt,binance,sell,-30,763,14.85972505513284,12.166641563296373
validation,2026-02-17,ethusdt,binance,buy,-10,554,-10.925939232520932,9.218196655857595
validation,2026-02-17,ethusdt,binance,sell,-10,763,8.033330598482777,7.096627272912528
validation,2026-02-17,ethusdt,binance,buy,-5,554,-7.160023622908358,7.019552796793524
validation,2026-02-17,ethusdt,binance,sell,-5,763,4.9866348463956,4.854401926317363
validation,2026-02-17,ethusdt,binance,buy,-1,554,-0.7310615090559521,2.8409344659240308
validation,2026-02-17,ethusdt,binance,sell,-1,763,0.26441293647114666,2.240017652875
validation,2026-02-17,ethusdt,binance,buy,0,554,0.0,0.0
validation,2026-02-17,ethusdt,binance,sell,0,763,0.0,0.0
validation,2026-02-17,ethusdt,binance,buy,1,554,0.16948721758321986,2.582124257637719
validation,2026-02-17,ethusdt,binance,sell,1,763,-0.0730585587409243,2.2229223988904727
validation,2026-02-17,ethusdt,binance,buy,5,554,0.6528708987235188,5.93351027596597
validation,2026-02-17,ethusdt,binance,sell,5,763,-0.019044505902901854,4.877850177486089
validation,2026-02-17,ethusdt,binance,buy,10,554,0.8408304745455324,8.394115154708535
validation,2026-02-17,ethusdt,binance,sell,10,763,-0.10645993871461927,6.320364905969539
validation,2026-02-17,ethusdt,binance,buy,30,554,1.7928559428741253,14.712828728344055
validation,2026-02-17,ethusdt,binance,sell,30,763,-0.0349721365142882,10.961178935892935
validation,2026-02-17,ethusdt,binance,buy,60,554,2.1318100637441084,20.793893184963512
validation,2026-02-17,ethusdt,binance,sell,60,763,0.2968204300623477,14.350298621648447
validation,2026-02-17,ethusdt,binance,buy,120,554,2.5967304704408045,23.757666328022847
validation,2026-02-17,ethusdt,binance,sell,120,763,0.4837876860225875,20.093744970378744
validation,2026-02-17,ethusdt,binance,buy,300,554,0.18678983847880296,32.27273239278335
validation,2026-02-17,ethusdt,binance,sell,300,763,0.5782068611187856,32.066399248683
validation,2026-02-17,ethusdt,bybit,buy,-300,412,-60.44037850320175,32.6097063880435
validation,2026-02-17,ethusdt,bybit,sell,-300,521,58.10858914271517,32.29196968002967
validation,2026-02-17,ethusdt,bybit,buy,-120,412,-45.97217842839854,23.065651603020324
validation,2026-02-17,ethusdt,bybit,sell,-120,521,38.22229632059944,19.39382720358006
validation,2026-02-17,ethusdt,bybit,buy,-60,412,-35.909168043888506,20.735925410859164
validation,2026-02-17,ethusdt,bybit,sell,-60,521,31.040700684221083,16.895033945772823
validation,2026-02-17,ethusdt,bybit,buy,-30,412,-28.518762657769933,18.429184926799184
validation,2026-02-17,ethusdt,bybit,sell,-30,521,24.077431802792464,14.07022224169739
validation,2026-02-17,ethusdt,bybit,buy,-10,412,-18.904497313817938,12.35925736016369
validation,2026-02-17,ethusdt,bybit,sell,-10,521,13.977731184956111,8.687332211323671
validation,2026-02-17,ethusdt,bybit,buy,-5,412,-13.046797149486922,8.910757188037662
validation,2026-02-17,ethusdt,bybit,sell,-5,521,10.07145145567158,6.131621754084549
validation,2026-02-17,ethusdt,bybit,buy,-1,412,-1.7044051614912255,4.516135962318556
validation,2026-02-17,ethusdt,bybit,sell,-1,521,1.1733124308706981,3.4575927837588654
validation,2026-02-17,ethusdt,bybit,buy,0,412,0.0,0.0
validation,2026-02-17,ethusdt,bybit,sell,0,521,0.0,0.0
validation,2026-02-17,ethusdt,bybit,buy,1,412,0.4899604446965932,3.553349858300674
validation,2026-02-17,ethusdt,bybit,sell,1,521,0.43885592145582886,2.992231885023179
validation,2026-02-17,ethusdt,bybit,buy,5,412,1.2282225596811858,7.84165893050283
validation,2026-02-17,ethusdt,bybit,sell,5,521,1.0869762860909513,7.545445315580725
validation,2026-02-17,ethusdt,bybit,buy,10,412,1.556524499138542,11.838170572850956
validation,2026-02-17,ethusdt,bybit,sell,10,521,0.5597715505876735,9.522870052686534
validation,2026-02-17,ethusdt,bybit,buy,30,412,4.669153428052383,17.48632864346308
validation,2026-02-17,ethusdt,bybit,sell,30,521,2.2613694829738895,13.334092872573475
validation,2026-02-17,ethusdt,bybit,buy,60,412,5.488552044052727,24.29285951744272
validation,2026-02-17,ethusdt,bybit,sell,60,521,-1.0210991902099114,18.198267151072095
validation,2026-02-17,ethusdt,bybit,buy,120,412,1.2066925006534859,23.29903861371542
validation,2026-02-17,ethusdt,bybit,sell,120,521,-3.4405435611913906,24.694699564493106
validation,2026-02-17,ethusdt,bybit,buy,300,412,-4.681523028256052,32.55751644569785
validation,2026-02-17,ethusdt,bybit,sell,300,521,-6.833934362525079,35.54957800565953
validation,2026-02-18,ethusdt,binance,buy,-300,505,-29.60441848221241,30.602935146012342
validation,2026-02-18,ethusdt,binance,sell,-300,793,35.35823799780385,27.855186096568428
validation,2026-02-18,ethusdt,binance,buy,-120,505,-21.21305349842363,18.66734378453068
validation,2026-02-18,ethusdt,binance,sell,-120,793,24.24793959083732,19.59474255121099
validation,2026-02-18,ethusdt,binance,buy,-60,505,-16.34913150827178,13.226244893769271
validation,2026-02-18,ethusdt,binance,sell,-60,793,20.455759450146104,16.95260762551634
validation,2026-02-18,ethusdt,binance,buy,-30,505,-13.029714135494613,10.448847241189378
validation,2026-02-18,ethusdt,binance,sell,-30,793,14.962974197542223,13.067625304552285
validation,2026-02-18,ethusdt,binance,buy,-10,505,-7.942919412891876,7.3651868017096636
validation,2026-02-18,ethusdt,binance,sell,-10,793,8.23726995871245,8.421316830924207
validation,2026-02-18,ethusdt,binance,buy,-5,505,-5.485137801140348,5.865290295742486
validation,2026-02-18,ethusdt,binance,sell,-5,793,5.272248775681708,6.735602917250104
validation,2026-02-18,ethusdt,binance,buy,-1,505,-0.36229194064272063,2.4746483261855676
validation,2026-02-18,ethusdt,binance,sell,-1,793,0.39492740048842656,2.8486225132929497
validation,2026-02-18,ethusdt,binance,buy,0,505,0.0,0.0
validation,2026-02-18,ethusdt,binance,sell,0,793,0.0,0.0
validation,2026-02-18,ethusdt,binance,buy,1,505,-0.04032235024150426,1.9814076740272613
validation,2026-02-18,ethusdt,binance,sell,1,793,-0.12645147323784456,2.710295170191876
validation,2026-02-18,ethusdt,binance,buy,5,505,-0.1345550626446413,4.577330564347451
validation,2026-02-18,ethusdt,binance,sell,5,793,-0.09875173009485264,5.77422888812328
validation,2026-02-18,ethusdt,binance,buy,10,505,-0.30125552915569065,5.467996464699186
validation,2026-02-18,ethusdt,binance,sell,10,793,-0.21646479606211508,7.81772774539878
validation,2026-02-18,ethusdt,binance,buy,30,505,-0.15678840041875192,9.332099949632418
validation,2026-02-18,ethusdt,binance,sell,30,793,-0.9841167658471207,12.162982837203177
validation,2026-02-18,ethusdt,binance,buy,60,505,0.07854572898455588,11.572036749866458
validation,2026-02-18,ethusdt,binance,sell,60,793,0.6327446426052867,14.934038904325183
validation,2026-02-18,ethusdt,binance,buy,120,505,-0.3162515726898815,16.394451330125865
validation,2026-02-18,ethusdt,binance,sell,120,793,1.2204081627786796,21.54588106595889
validation,2026-02-18,ethusdt,binance,buy,300,505,-0.24711040797199302,25.369384011800896
validation,2026-02-18,ethusdt,binance,sell,300,793,-0.035317982011281876,27.618020294281965
validation,2026-02-18,ethusdt,bybit,buy,-300,341,-47.56418263391536,24.81515141199802
validation,2026-02-18,ethusdt,bybit,sell,-300,859,63.96272362031824,30.294434988338335
validation,2026-02-18,ethusdt,bybit,buy,-120,341,-33.609972320345385,16.55153638768459
validation,2026-02-18,ethusdt,bybit,sell,-120,859,43.96910986132011,23.16460691287925
validation,2026-02-18,ethusdt,bybit,buy,-60,341,-23.459351073332297,12.487604614077654
validation,2026-02-18,ethusdt,bybit,sell,-60,859,40.60347353370567,22.912986643077534
validation,2026-02-18,ethusdt,bybit,buy,-30,341,-18.478137464415767,11.076099350541186
validation,2026-02-18,ethusdt,bybit,sell,-30,859,31.482542370744465,18.9979457396534
validation,2026-02-18,ethusdt,bybit,buy,-10,341,-13.02115683540139,8.893151474794587
validation,2026-02-18,ethusdt,bybit,sell,-10,859,21.389187996825857,16.80800741762074
validation,2026-02-18,ethusdt,bybit,buy,-5,341,-10.497171685607436,7.660936634665164
validation,2026-02-18,ethusdt,bybit,sell,-5,859,16.92891572468774,15.388335598345325
validation,2026-02-18,ethusdt,bybit,buy,-1,341,-1.304532167026883,3.7022973363841674
validation,2026-02-18,ethusdt,bybit,sell,-1,859,2.641746389885699,9.608090130539155
validation,2026-02-18,ethusdt,bybit,buy,0,341,0.0,0.0
validation,2026-02-18,ethusdt,bybit,sell,0,859,0.0,0.0
validation,2026-02-18,ethusdt,bybit,buy,1,341,-0.21769309881662272,2.9110503757501838
validation,2026-02-18,ethusdt,bybit,sell,1,859,0.32474048517611037,5.459636111894857
validation,2026-02-18,ethusdt,bybit,buy,5,341,-0.5914458866384978,5.080586052091644
validation,2026-02-18,ethusdt,bybit,sell,5,859,1.4443255700666862,6.294371830556377
validation,2026-02-18,ethusdt,bybit,buy,10,341,-1.027723198302711,6.040361093029376
validation,2026-02-18,ethusdt,bybit,sell,10,859,1.384441171752718,8.945229517437674
validation,2026-02-18,ethusdt,bybit,buy,30,341,-0.5788197224345283,9.9750756913402
validation,2026-02-18,ethusdt,bybit,sell,30,859,0.7852320931923016,12.764314240161461
validation,2026-02-18,ethusdt,bybit,buy,60,341,-0.6212157110757949,12.46214677496596
validation,2026-02-18,ethusdt,bybit,sell,60,859,5.89910992379864,15.342518310981013
validation,2026-02-18,ethusdt,bybit,buy,120,341,-2.9601325918642947,17.090910197675793
validation,2026-02-18,ethusdt,bybit,sell,120,859,7.788797312321205,22.614233123503634
validation,2026-02-18,ethusdt,bybit,buy,300,341,-3.1922293000835698,24.831902887357764
validation,2026-02-18,ethusdt,bybit,sell,300,859,6.427124290248727,35.96565969793302
validation,2026-02-19,ethusdt,binance,buy,-300,451,-26.090384441895004,23.444718836287294
validation,2026-02-19,ethusdt,binance,sell,-300,767,32.74077670548162,26.92758449866645
validation,2026-02-19,ethusdt,binance,buy,-120,451,-22.67365442699389,17.09619558974248
validation,2026-02-19,ethusdt,binance,sell,-120,767,23.457470657565608,18.241837498168874
validation,2026-02-19,ethusdt,binance,buy,-60,451,-19.45493144853987,13.816594656531237
validation,2026-02-19,ethusdt,binance,sell,-60,767,16.924150074785786,12.276024636476894
validation,2026-02-19,ethusdt,binance,buy,-30,451,-15.307115870443425,12.419335143769596
validation,2026-02-19,ethusdt,binance,sell,-30,767,12.784224559287244,9.674018243149435
validation,2026-02-19,ethusdt,binance,buy,-10,451,-9.513981165874515,8.540060009092578
validation,2026-02-19,ethusdt,binance,sell,-10,767,6.8749157147262325,5.838886259133341
validation,2026-02-19,ethusdt,binance,buy,-5,451,-6.350143615018847,6.3622060512077345
validation,2026-02-19,ethusdt,binance,sell,-5,767,4.1702009612933,4.505637945305562
validation,2026-02-19,ethusdt,binance,buy,-1,451,-0.7461045155033343,2.6851611375467863
validation,2026-02-19,ethusdt,binance,sell,-1,767,0.19837188102286366,2.1385086299974234
validation,2026-02-19,ethusdt,binance,buy,0,451,0.0,0.0
validation,2026-02-19,ethusdt,binance,sell,0,767,0.0,0.0
validation,2026-02-19,ethusdt,binance,buy,1,451,0.06513787991009898,2.1701450336451966
validation,2026-02-19,ethusdt,binance,sell,1,767,-0.01777741414915939,1.9527257842255554
validation,2026-02-19,ethusdt,binance,buy,5,451,0.09612759683184449,5.1248553431277175
validation,2026-02-19,ethusdt,binance,sell,5,767,0.01354333035819954,4.299613348639345
validation,2026-02-19,ethusdt,binance,buy,10,451,-0.07662673070326331,6.507585168424956
validation,2026-02-19,ethusdt,binance,sell,10,767,-0.04929618478199979,6.24544418998757
validation,2026-02-19,ethusdt,binance,buy,30,451,-1.2895140156048595,9.38913637833946
validation,2026-02-19,ethusdt,binance,sell,30,767,-0.5558252296783703,9.80718949421269
validation,2026-02-19,ethusdt,binance,buy,60,451,-2.230124119783647,12.229783048928951
validation,2026-02-19,ethusdt,binance,sell,60,767,-0.19291248815286266,13.888207219338158
validation,2026-02-19,ethusdt,binance,buy,120,451,-2.2796554810025986,15.169037894954252
validation,2026-02-19,ethusdt,binance,sell,120,767,-0.15125115651944723,19.598810996773384
validation,2026-02-19,ethusdt,binance,buy,300,451,-4.177896673569239,20.75442216992937
validation,2026-02-19,ethusdt,binance,sell,300,767,1.9395045255393353,27.182653274440362
validation,2026-02-19,ethusdt,bybit,buy,-300,222,-38.23423337780524,19.010061390992416
validation,2026-02-19,ethusdt,bybit,sell,-300,614,50.400806193821246,27.607200552513596
validation,2026-02-19,ethusdt,bybit,buy,-120,222,-32.633598586524144,16.85432224914884
validation,2026-02-19,ethusdt,bybit,sell,-120,614,34.25935028607463,20.460292447173458
validation,2026-02-19,ethusdt,bybit,buy,-60,222,-27.99724450174966,16.381625746540994
validation,2026-02-19,ethusdt,bybit,sell,-60,614,25.24586392687967,13.588059691749017
validation,2026-02-19,ethusdt,bybit,buy,-30,222,-22.75578184637091,17.140750353750164
validation,2026-02-19,ethusdt,bybit,sell,-30,614,19.807688798988202,11.048547991694331
validation,2026-02-19,ethusdt,bybit,buy,-10,222,-15.873851749602045,14.012946517269556
validation,2026-02-19,ethusdt,bybit,sell,-10,614,11.517494873223693,7.136972620572399
validation,2026-02-19,ethusdt,bybit,buy,-5,222,-11.94827894158583,11.94524395353972
validation,2026-02-19,ethusdt,bybit,sell,-5,614,8.88931318709912,6.243856393091394
validation,2026-02-19,ethusdt,bybit,buy,-1,222,-1.2801833395539655,3.4984569807755777
validation,2026-02-19,ethusdt,bybit,sell,-1,614,0.7763514850575243,4.190923569907894
validation,2026-02-19,ethusdt,bybit,buy,0,222,0.0,0.0
validation,2026-02-19,ethusdt,bybit,sell,0,614,0.0,0.0
validation,2026-02-19,ethusdt,bybit,buy,1,222,0.20145257049403975,2.8527984776794524
validation,2026-02-19,ethusdt,bybit,sell,1,614,0.5368320265570538,3.3178544876374674
validation,2026-02-19,ethusdt,bybit,buy,5,222,0.09125260482219821,5.651557492904957
validation,2026-02-19,ethusdt,bybit,sell,5,614,0.7200033318113326,5.3526679138135425
validation,2026-02-19,ethusdt,bybit,buy,10,222,-0.827367451812822,6.0972795723058155
validation,2026-02-19,ethusdt,bybit,sell,10,614,0.5508404697042165,9.264156725409864
validation,2026-02-19,ethusdt,bybit,buy,30,222,-2.7040114910603927,9.559515902055503
validation,2026-02-19,ethusdt,bybit,sell,30,614,-0.10982278009287874,12.433384826715644
validation,2026-02-19,ethusdt,bybit,buy,60,222,-4.63780161351764,12.565786946795429
validation,2026-02-19,ethusdt,bybit,sell,60,614,3.0389824201308016,15.925017553536467
validation,2026-02-19,ethusdt,bybit,buy,120,222,-5.215792245422274,15.96916791750791
validation,2026-02-19,ethusdt,bybit,sell,120,614,2.6919932264272477,21.794061923346014
validation,2026-02-19,ethusdt,bybit,buy,300,222,-8.131055512772758,22.48970041614853
validation,2026-02-19,ethusdt,bybit,sell,300,614,5.027390031383333,31.035839792785065
validation,2026-02-20,ethusdt,binance,buy,-300,518,-33.2720155956578,32.63874699317413
validation,2026-02-20,ethusdt,binance,sell,-300,588,30.30881434765296,34.578181216138994
validation,2026-02-20,ethusdt,binance,buy,-120,518,-27.592752577799704,31.057848442219523
validation,2026-02-20,ethusdt,binance,sell,-120,588,23.186270546368227,24.537377546976966
validation,2026-02-20,ethusdt,binance,buy,-60,518,-22.69696479041739,25.464868170431014
validation,2026-02-20,ethusdt,binance,sell,-60,588,18.009932346281175,16.043590901906892
validation,2026-02-20,ethusdt,binance,buy,-30,518,-17.516785865973272,17.135938294152066
validation,2026-02-20,ethusdt,binance,sell,-30,588,12.70859666227674,10.387849100224079
validation,2026-02-20,ethusdt,binance,buy,-10,518,-10.166704337656634,10.414797431707498
validation,2026-02-20,ethusdt,binance,sell,-10,588,6.595827171724986,5.816015907108903
validation,2026-02-20,ethusdt,binance,buy,-5,518,-6.591693439490023,6.629705309332887
validation,2026-02-20,ethusdt,binance,sell,-5,588,4.170986472776595,4.144944256391222
validation,2026-02-20,ethusdt,binance,buy,-1,518,-0.7355733318564738,2.973318013101946
validation,2026-02-20,ethusdt,binance,sell,-1,588,0.18465461376708933,1.7880358442231454
validation,2026-02-20,ethusdt,binance,buy,0,518,0.0,0.0
validation,2026-02-20,ethusdt,binance,sell,0,588,0.0,0.0
validation,2026-02-20,ethusdt,binance,buy,1,518,0.16142552198810461,2.8982858747229128
validation,2026-02-20,ethusdt,binance,sell,1,588,0.028245810093544124,1.8657445022219754
validation,2026-02-20,ethusdt,binance,buy,5,518,0.423632050219738,6.594895001988737
validation,2026-02-20,ethusdt,binance,sell,5,588,-0.1809036198200862,4.241834190412694
validation,2026-02-20,ethusdt,binance,buy,10,518,0.2849229677117608,9.140891405355596
validation,2026-02-20,ethusdt,binance,sell,10,588,-0.21957054099426734,5.812174431719432
validation,2026-02-20,ethusdt,binance,buy,30,518,-0.9576919728355202,13.19226663044689
validation,2026-02-20,ethusdt,binance,sell,30,588,0.15105753968203905,9.886652124956147
validation,2026-02-20,ethusdt,binance,buy,60,518,-1.6095990805118736,20.321650574488288
validation,2026-02-20,ethusdt,binance,sell,60,588,0.44647108189295276,14.014459688144589
validation,2026-02-20,ethusdt,binance,buy,120,518,-4.210895992629756,20.969200049941144
validation,2026-02-20,ethusdt,binance,sell,120,588,1.125400902709934,19.013492283939435
validation,2026-02-20,ethusdt,binance,buy,300,518,-7.184921465626565,28.138361904068667
validation,2026-02-20,ethusdt,binance,sell,300,588,4.462946689626847,29.645247092437604
validation,2026-02-20,ethusdt,bybit,buy,-300,376,-66.62787088832086,52.10400677312661
validation,2026-02-20,ethusdt,bybit,sell,-300,315,39.30357908231059,31.690469465264812
validation,2026-02-20,ethusdt,bybit,buy,-120,376,-65.4583658524156,56.157959688802585
validation,2026-02-20,ethusdt,bybit,sell,-120,315,30.040544643298528,22.912980364450554
validation,2026-02-20,ethusdt,bybit,buy,-60,376,-55.17200270621571,48.52868682329184
validation,2026-02-20,ethusdt,bybit,sell,-60,315,22.22189301933232,15.327458296610063
validation,2026-02-20,ethusdt,bybit,buy,-30,376,-34.76754022216546,26.624266899793952
validation,2026-02-20,ethusdt,bybit,sell,-30,315,16.440455460395107,10.565669903609049
validation,2026-02-20,ethusdt,bybit,buy,-10,376,-22.909741185407245,17.648351767161937
validation,2026-02-20,ethusdt,bybit,sell,-10,315,8.764695905541771,5.770194610464285
validation,2026-02-20,ethusdt,bybit,buy,-5,376,-14.64198250679696,11.312813748863947
validation,2026-02-20,ethusdt,bybit,sell,-5,315,5.603677657486164,4.587232816493993
validation,2026-02-20,ethusdt,bybit,buy,-1,376,-2.0559467424728615,4.773142622049909
validation,2026-02-20,ethusdt,bybit,sell,-1,315,0.26156883216033616,3.0121657538719484
validation,2026-02-20,ethusdt,bybit,buy,0,376,0.0,0.0
validation,2026-02-20,ethusdt,bybit,sell,0,315,0.0,0.0
validation,2026-02-20,ethusdt,bybit,buy,1,376,0.37950198451697637,5.170168744748918
validation,2026-02-20,ethusdt,bybit,sell,1,315,0.0008575416258291658,2.250726208303154
validation,2026-02-20,ethusdt,bybit,buy,5,376,2.5397553808555693,11.58711351325679
validation,2026-02-20,ethusdt,bybit,sell,5,315,0.03713275179763023,4.468657465308763
validation,2026-02-20,ethusdt,bybit,buy,10,376,3.010696329315465,16.525111509778643
validation,2026-02-20,ethusdt,bybit,sell,10,315,-0.08976418060548126,6.124600718600923
validation,2026-02-20,ethusdt,bybit,buy,30,376,-0.690036255464385,25.638930482360657
validation,2026-02-20,ethusdt,bybit,sell,30,315,0.7367993641365207,9.869017671743933
validation,2026-02-20,ethusdt,bybit,buy,60,376,-2.2676242785278626,43.427269361634046
validation,2026-02-20,ethusdt,bybit,sell,60,315,-0.48848523385947573,13.315027684909033
validation,2026-02-20,ethusdt,bybit,buy,120,376,-13.697795082621495,34.04374085786806
validation,2026-02-20,ethusdt,bybit,sell,120,315,0.0024530802666772743,18.142248780350066
validation,2026-02-20,ethusdt,bybit,buy,300,376,-28.852295176098565,50.36700604321167
validation,2026-02-20,ethusdt,bybit,sell,300,315,0.9335205510060831,27.737924542159913
validation,2026-02-21,ethusdt,binance,buy,-300,248,-16.94719269299895,14.973463658028207
validation,2026-02-21,ethusdt,binance,sell,-300,195,15.227436856553432,13.396274731996932
validation,2026-02-21,ethusdt,binance,buy,-120,248,-13.444254499244588,12.596355267670928
validation,2026-02-21,ethusdt,binance,sell,-120,195,12.190539342502063,11.032932691910878
validation,2026-02-21,ethusdt,binance,buy,-60,248,-10.936383679362224,10.660910662679433
validation,2026-02-21,ethusdt,binance,sell,-60,195,9.862186223673506,9.36654760267368
validation,2026-02-21,ethusdt,binance,buy,-30,248,-8.584560771449707,9.107916393645501
validation,2026-02-21,ethusdt,binance,sell,-30,195,7.5326586634632084,7.924052606505419
validation,2026-02-21,ethusdt,binance,buy,-10,248,-5.608963912164985,8.202587461626182
validation,2026-02-21,ethusdt,binance,sell,-10,195,5.32836694280158,6.506482650149082
validation,2026-02-21,ethusdt,binance,buy,-5,248,-3.997380868613562,6.800125188710787
validation,2026-02-21,ethusdt,binance,sell,-5,195,3.8416031793393137,5.599402868395698
validation,2026-02-21,ethusdt,binance,buy,-1,248,-0.5784764174978207,2.7466187799788844
validation,2026-02-21,ethusdt,binance,sell,-1,195,0.0005771508946715597,1.4206099615218037
validation,2026-02-21,ethusdt,binance,buy,0,248,0.0,0.0
validation,2026-02-21,ethusdt,binance,sell,0,195,0.0,0.0
validation,2026-02-21,ethusdt,binance,buy,1,248,-0.15601288733931715,2.088550181395618
validation,2026-02-21,ethusdt,binance,sell,1,195,0.029012274925700576,1.412257274095437
validation,2026-02-21,ethusdt,binance,buy,5,248,-0.0611341840784722,3.4103088608477163
validation,2026-02-21,ethusdt,binance,sell,5,195,0.5812621581910111,2.9119825589726513
validation,2026-02-21,ethusdt,binance,buy,10,248,-0.05871201910674681,3.446876606817817
validation,2026-02-21,ethusdt,binance,sell,10,195,1.2725807714615074,3.409928110791323
validation,2026-02-21,ethusdt,binance,buy,30,248,-0.4247463386783015,5.441758543478596
validation,2026-02-21,ethusdt,binance,sell,30,195,1.5229214689048052,4.637843114070035
validation,2026-02-21,ethusdt,binance,buy,60,248,0.08810512697897205,9.616475122352872
validation,2026-02-21,ethusdt,binance,sell,60,195,1.112437972371302,5.317919350727385
validation,2026-02-21,ethusdt,binance,buy,120,248,-0.8618285620948412,10.57756907654343
validation,2026-02-21,ethusdt,binance,sell,120,195,1.6999375559576027,7.501438247121953
validation,2026-02-21,ethusdt,binance,buy,300,248,-0.04671823939279058,12.95508016548169
validation,2026-02-21,ethusdt,binance,sell,300,195,3.0089983367296105,10.205032376391898
validation,2026-02-21,ethusdt,bybit,buy,-300,155,-42.75420951029405,23.520368366065412
validation,2026-02-21,ethusdt,bybit,sell,-300,95,23.16962492538168,12.340551024389711
validation,2026-02-21,ethusdt,bybit,buy,-120,155,-36.11571145312487,24.53155428648692
validation,2026-02-21,ethusdt,bybit,sell,-120,95,21.934215383746434,11.942720970444265
validation,2026-02-21,ethusdt,bybit,buy,-60,155,-31.306727375603366,20.975128965441915
validation,2026-02-21,ethusdt,bybit,sell,-60,95,18.54112589598086,9.404086509311497
validation,2026-02-21,ethusdt,bybit,buy,-30,155,-25.38787728593182,17.26764421449651
validation,2026-02-21,ethusdt,bybit,sell,-30,95,16.833278327429536,11.629470039423925
validation,2026-02-21,ethusdt,bybit,buy,-10,155,-22.73240456697639,18.562032155064994
validation,2026-02-21,ethusdt,bybit,sell,-10,95,13.984732385130078,10.356850715062974
validation,2026-02-21,ethusdt,bybit,buy,-5,155,-21.716631415621073,18.97225058298662
validation,2026-02-21,ethusdt,bybit,sell,-5,95,13.436273818346336,10.626523781800199
validation,2026-02-21,ethusdt,bybit,buy,-1,155,-4.62527434659359,9.622973087702807
validation,2026-02-21,ethusdt,bybit,sell,-1,95,1.4983852138233973,4.971634739638525
validation,2026-02-21,ethusdt,bybit,buy,0,155,0.0,0.0
validation,2026-02-21,ethusdt,bybit,sell,0,95,0.0,0.0
validation,2026-02-21,ethusdt,bybit,buy,1,155,-0.8223794301717744,2.9579902106225577
validation,2026-02-21,ethusdt,bybit,sell,1,95,0.647429067148768,3.3386703378782485
validation,2026-02-21,ethusdt,bybit,buy,5,155,-6.780067497825442,10.3243011619691
validation,2026-02-21,ethusdt,bybit,sell,5,95,2.2843791419744046,5.329239849934333
validation,2026-02-21,ethusdt,bybit,buy,10,155,-4.206514652833347,6.5089332515223965
validation,2026-02-21,ethusdt,bybit,sell,10,95,4.1559728830261715,5.673058789562361
validation,2026-02-21,ethusdt,bybit,buy,30,155,-6.994876369378631,11.10300773356194
validation,2026-02-21,ethusdt,bybit,sell,30,95,5.568079926228664,7.477191918019912
validation,2026-02-21,ethusdt,bybit,buy,60,155,-7.0264979265762015,12.06316142238178
validation,2026-02-21,ethusdt,bybit,sell,60,95,4.109696682879964,8.259695313017954
validation,2026-02-21,ethusdt,bybit,buy,120,155,-10.601335488101881,14.538641841418858
validation,2026-02-21,ethusdt,bybit,sell,120,95,3.280915199562793,10.135160528200815
validation,2026-02-21,ethusdt,bybit,buy,300,155,-6.952919188796826,15.66518447043802
validation,2026-02-21,ethusdt,bybit,sell,300,95,7.992261417284194,12.867735438968987
validation,2026-02-22,ethusdt,binance,buy,-300,204,-12.974270991428913,10.255305150229265
validation,2026-02-22,ethusdt,binance,sell,-300,397,22.561910816625446,18.50687932444742
validation,2026-02-22,ethusdt,binance,buy,-120,204,-10.236220836694873,8.196111199569632
validation,2026-02-22,ethusdt,binance,sell,-120,397,13.966707965410967,13.050814146269216
validation,2026-02-22,ethusdt,binance,buy,-60,204,-7.946883851970688,6.686800150292796
validation,2026-02-22,ethusdt,binance,sell,-60,397,9.365449693335492,8.765519657261958
validation,2026-02-22,ethusdt,binance,buy,-30,204,-6.026279687763667,5.1046728328902615
validation,2026-02-22,ethusdt,binance,sell,-30,397,7.44351844399667,7.842196130847842
validation,2026-02-22,ethusdt,binance,buy,-10,204,-3.6007989720956153,3.3573454892013137
validation,2026-02-22,ethusdt,binance,sell,-10,397,4.6540025652841805,5.708346026979068
validation,2026-02-22,ethusdt,binance,buy,-5,204,-2.5471453976936966,2.901225361284539
validation,2026-02-22,ethusdt,binance,sell,-5,397,3.0377124670481983,4.519999675682578
validation,2026-02-22,ethusdt,binance,buy,-1,204,-0.3088588918794716,1.3625575876646854
validation,2026-02-22,ethusdt,binance,sell,-1,397,0.18364856357966466,1.874368244048029
validation,2026-02-22,ethusdt,binance,buy,0,204,0.0,0.0
validation,2026-02-22,ethusdt,binance,sell,0,397,0.0,0.0
validation,2026-02-22,ethusdt,binance,buy,1,204,-0.06773376723490769,1.0064579282459736
validation,2026-02-22,ethusdt,binance,sell,1,397,-0.09226409670849905,1.9566902469853964
validation,2026-02-22,ethusdt,binance,buy,5,204,-0.06764526653912972,1.841355189381557
validation,2026-02-22,ethusdt,binance,sell,5,397,0.05542641248512807,3.6297498946827287
validation,2026-02-22,ethusdt,binance,buy,10,204,-0.10147231049252374,2.324435792107462
validation,2026-02-22,ethusdt,binance,sell,10,397,0.3042405684119192,4.654194167362003
validation,2026-02-22,ethusdt,binance,buy,30,204,-1.0736002933571673,4.286697368739778
validation,2026-02-22,ethusdt,binance,sell,30,397,0.7010713279122327,6.271274166059243
validation,2026-02-22,ethusdt,binance,buy,60,204,-1.390378714953769,5.134526165652989
validation,2026-02-22,ethusdt,binance,sell,60,397,-0.7243600738498913,8.722996126118996
validation,2026-02-22,ethusdt,binance,buy,120,204,-1.7077725030827775,6.298316877614926
validation,2026-02-22,ethusdt,binance,sell,120,397,-1.8152122256266212,12.058451710126917
validation,2026-02-22,ethusdt,binance,buy,300,204,-0.7775134383899575,8.391812930003544
validation,2026-02-22,ethusdt,binance,sell,300,397,-2.6984206787597547,18.481028282328953
validation,2026-02-22,ethusdt,bybit,buy,-300,58,-14.821318707471576,13.807214630363331
validation,2026-02-22,ethusdt,bybit,sell,-300,321,39.379299044442405,18.444969885508836
validation,2026-02-22,ethusdt,bybit,buy,-120,58,-11.313331590314018,10.10034539413125
validation,2026-02-22,ethusdt,bybit,sell,-120,321,30.77594075114541,19.15903201980719
validation,2026-02-22,ethusdt,bybit,buy,-60,58,-8.547318105425655,7.5441412499325855
validation,2026-02-22,ethusdt,bybit,sell,-60,321,22.377275468969444,14.656289824949209
validation,2026-02-22,ethusdt,bybit,buy,-30,58,-6.20426798367233,6.0451839840749155
validation,2026-02-22,ethusdt,bybit,sell,-30,321,19.042497905821644,14.013623937257409
validation,2026-02-22,ethusdt,bybit,buy,-10,58,-3.7462783455202793,4.175534571336575
validation,2026-02-22,ethusdt,bybit,sell,-10,321,14.51159287124332,12.12236053772952
validation,2026-02-22,ethusdt,bybit,buy,-5,58,-3.296162408610689,3.9715344157709604
validation,2026-02-22,ethusdt,bybit,sell,-5,321,11.427175398943609,10.290130025898582
validation,2026-02-22,ethusdt,bybit,buy,-1,58,-0.5992858981869417,1.989329066781692
validation,2026-02-22,ethusdt,bybit,sell,-1,321,1.6034927790191131,5.210867606130145
validation,2026-02-22,ethusdt,bybit,buy,0,58,0.0,0.0
validation,2026-02-22,ethusdt,bybit,sell,0,321,0.0,0.0
validation,2026-02-22,ethusdt,bybit,buy,1,58,0.012801214370498413,0.9815139205705988
validation,2026-02-22,ethusdt,bybit,sell,1,321,-0.31841816176686816,3.856067660353246
validation,2026-02-22,ethusdt,bybit,buy,5,58,-0.1527881312039255,2.2790514104972868
validation,2026-02-22,ethusdt,bybit,sell,5,321,0.8809407083764133,4.9852215794461205
validation,2026-02-22,ethusdt,bybit,buy,10,58,-0.5324688707082376,2.7949625501154385
validation,2026-02-22,ethusdt,bybit,sell,10,321,0.8491237519390834,5.678833387320539
validation,2026-02-22,ethusdt,bybit,buy,30,58,-2.0856348175987733,5.150571038678996
validation,2026-02-22,ethusdt,bybit,sell,30,321,2.43973953818399,8.757891750856091
validation,2026-02-22,ethusdt,bybit,buy,60,58,-2.1970720274623514,5.552049839592025
validation,2026-02-22,ethusdt,bybit,sell,60,321,-3.332529616205744,10.679176551560266
validation,2026-02-22,ethusdt,bybit,buy,120,58,-3.461372726505052,7.276972420475305
validation,2026-02-22,ethusdt,bybit,sell,120,321,-3.3363540346479126,13.72292170791463
validation,2026-02-22,ethusdt,bybit,buy,300,58,-2.5470511657078325,8.193352058454813
validation,2026-02-22,ethusdt,bybit,sell,300,321,-4.528277401007897,21.359426554280358
validation,2026-02-23,ethusdt,binance,buy,-300,663,-23.66408327024721,41.28500029547891
validation,2026-02-23,ethusdt,binance,sell,-300,1272,48.32717598584353,48.33987959364057
validation,2026-02-23,ethusdt,binance,buy,-120,663,-24.04834997094974,23.572836159717397
validation,2026-02-23,ethusdt,binance,sell,-120,1272,33.29828859407816,30.926228910430986
validation,2026-02-23,ethusdt,binance,buy,-60,663,-19.194988031798733,17.026709445229937
validation,2026-02-23,ethusdt,binance,sell,-60,1272,22.61002516048747,20.899778468612343
validation,2026-02-23,ethusdt,binance,buy,-30,663,-15.431048829989503,12.320910198123412
validation,2026-02-23,ethusdt,binance,sell,-30,1272,16.459071496918188,16.062091076174408
validation,2026-02-23,ethusdt,binance,buy,-10,661,-9.61874405403386,11.342106863199799
validation,2026-02-23,ethusdt,binance,sell,-10,1272,8.810270018967211,10.182782403320926
validation,2026-02-23,ethusdt,binance,buy,-5,663,-5.8987552487417405,7.529248417460435
validation,2026-02-23,ethusdt,binance,sell,-5,1272,5.285826073583653,7.0891334469251355
validation,2026-02-23,ethusdt,binance,buy,-1,663,-0.2760957688530886,3.1036900603604796
validation,2026-02-23,ethusdt,binance,sell,-1,1272,0.16517027374688567,2.972193906194604
validation,2026-02-23,ethusdt,binance,buy,0,663,0.0,0.0
validation,2026-02-23,ethusdt,binance,sell,0,1272,0.0,0.0
validation,2026-02-23,ethusdt,binance,buy,1,663,-0.0462870706933415,2.7510022066389377
validation,2026-02-23,ethusdt,binance,sell,1,1272,-0.14621904117885282,2.952346139769006
validation,2026-02-23,ethusdt,binance,buy,5,663,0.19654258230344177,5.387918046966618
validation,2026-02-23,ethusdt,binance,sell,5,1272,-0.475612414755076,7.245476236744517
validation,2026-02-23,ethusdt,binance,buy,10,663,0.40380589519301024,7.004681544730761
validation,2026-02-23,ethusdt,binance,sell,10,1271,-0.877453698752995,12.36259798118108
validation,2026-02-23,ethusdt,binance,buy,30,662,0.6150249361497498,10.81102927482907
validation,2026-02-23,ethusdt,binance,sell,30,1272,-1.9270882357810262,20.676579136099832
validation,2026-02-23,ethusdt,binance,buy,60,663,1.2309201445525784,14.478456328594921
validation,2026-02-23,ethusdt,binance,sell,60,1271,-0.6757919410131296,24.546726371692653
validation,2026-02-23,ethusdt,binance,buy,120,663,1.070185501243497,19.13377250064013
validation,2026-02-23,ethusdt,binance,sell,120,1270,-3.25739768706134,37.357402959751326
validation,2026-02-23,ethusdt,binance,buy,300,663,-3.614222778361062,28.100224522746945
validation,2026-02-23,ethusdt,binance,sell,300,1272,-7.495823706299108,49.174085387760925
validation,2026-02-23,ethusdt,bybit,buy,-300,308,-37.85118586315341,44.39581356749631
validation,2026-02-23,ethusdt,bybit,sell,-300,2511,108.22771871975047,58.762492862898846
validation,2026-02-23,ethusdt,bybit,buy,-120,308,-35.12749664892954,23.865706393438344
validation,2026-02-23,ethusdt,bybit,sell,-120,2511,77.63560405558559,39.70658673983891
validation,2026-02-23,ethusdt,bybit,buy,-60,308,-26.855806858918722,17.456359937121146
validation,2026-02-23,ethusdt,bybit,sell,-60,2511,52.918948698124304,28.482587215650817
validation,2026-02-23,ethusdt,bybit,buy,-30,308,-22.20590302331702,14.65249720173702
validation,2026-02-23,ethusdt,bybit,sell,-30,2511,42.27058627095855,23.666350718334613
validation,2026-02-23,ethusdt,bybit,buy,-10,306,-16.70065854873861,17.247666948638773
validation,2026-02-23,ethusdt,bybit,sell,-10,2511,27.702362447059258,20.114316280595652
validation,2026-02-23,ethusdt,bybit,buy,-5,308,-11.916080079619833,13.67501820453635
validation,2026-02-23,ethusdt,bybit,sell,-5,2511,18.967690043091125,13.319272184782275
validation,2026-02-23,ethusdt,bybit,buy,-1,308,-2.206454819280107,8.067380062739145
validation,2026-02-23,ethusdt,bybit,sell,-1,2511,2.726532668382188,6.277398089977605
validation,2026-02-23,ethusdt,bybit,buy,0,308,0.0,0.0
validation,2026-02-23,ethusdt,bybit,sell,0,2511,0.0,0.0
validation,2026-02-23,ethusdt,bybit,buy,1,308,-0.5604192687909422,4.66136507199243
validation,2026-02-23,ethusdt,bybit,sell,1,2511,-0.2507283116198205,5.7008675449265915
validation,2026-02-23,ethusdt,bybit,buy,5,308,-0.059671578051932225,7.171728816347687
validation,2026-02-23,ethusdt,bybit,sell,5,2511,-0.42646753351995953,13.201783291085533
validation,2026-02-23,ethusdt,bybit,buy,10,308,-0.19902695962732903,7.316763246502294
validation,2026-02-23,ethusdt,bybit,sell,10,2511,3.286748620780838,24.06983457344949
validation,2026-02-23,ethusdt,bybit,buy,30,308,-2.461086785209292,10.03710743095825
validation,2026-02-23,ethusdt,bybit,sell,30,2511,3.5983809307764822,37.50210236762897
validation,2026-02-23,ethusdt,bybit,buy,60,308,-1.5962663642621608,16.547034555752454
validation,2026-02-23,ethusdt,bybit,sell,60,2511,10.006481279063577,35.06599893289697
validation,2026-02-23,ethusdt,bybit,buy,120,308,-0.8305771282453343,22.215263182055946
validation,2026-02-23,ethusdt,bybit,sell,120,2505,0.3728290715639721,57.0857474513989
validation,2026-02-23,ethusdt,bybit,buy,300,308,-5.710764377037073,31.311473950089837
validation,2026-02-23,ethusdt,bybit,sell,300,2511,0.052104505653544936,65.2748361075092
validation,2026-02-24,ethusdt,binance,buy,-300,583,-27.687443451385917,33.05551183243248
validation,2026-02-24,ethusdt,binance,sell,-300,961,39.675289440132886,48.43794882892209
validation,2026-02-24,ethusdt,binance,buy,-120,583,-23.70599346062173,19.85102692397864
validation,2026-02-24,ethusdt,binance,sell,-120,961,26.373856187835013,34.788450821479216
validation,2026-02-24,ethusdt,binance,buy,-60,583,-20.274182808363427,16.297203618044914
validation,2026-02-24,ethusdt,binance,sell,-60,961,20.11453067953142,24.72617898079986
validation,2026-02-24,ethusdt,binance,buy,-30,583,-15.919543026613916,14.153913540806402
validation,2026-02-24,ethusdt,binance,sell,-30,961,14.462854728270917,16.63493291992096
validation,2026-02-24,ethusdt,binance,buy,-10,583,-8.780224640525269,7.980431461557098
validation,2026-02-24,ethusdt,binance,sell,-10,961,7.233215704238641,9.340488474272162
validation,2026-02-24,ethusdt,binance,buy,-5,583,-5.592827722029835,5.8505766155451004
validation,2026-02-24,ethusdt,binance,sell,-5,961,4.569720672888423,7.1920230162791485
validation,2026-02-24,ethusdt,binance,buy,-1,583,-0.3073422312460983,2.8237594886397024
validation,2026-02-24,ethusdt,binance,sell,-1,961,0.18485574028975632,2.747033200967615
validation,2026-02-24,ethusdt,binance,buy,0,583,0.0,0.0
validation,2026-02-24,ethusdt,binance,sell,0,961,0.0,0.0
validation,2026-02-24,ethusdt,binance,buy,1,583,-0.015693962581841497,2.449710860014365
validation,2026-02-24,ethusdt,binance,sell,1,961,-0.06491971479294625,2.9207589297562446
validation,2026-02-24,ethusdt,binance,buy,5,583,0.018790982061278255,5.349756506888005
validation,2026-02-24,ethusdt,binance,sell,5,961,-0.4299245438224275,7.5555119832020186
validation,2026-02-24,ethusdt,binance,buy,10,583,0.37311911197530956,7.267968388921779
validation,2026-02-24,ethusdt,binance,sell,10,961,-1.0541652922952929,9.382897326844867
validation,2026-02-24,ethusdt,binance,buy,30,583,-0.39410495118166694,10.082485414602877
validation,2026-02-24,ethusdt,binance,sell,30,961,-1.7101010506569632,16.766990066317984
validation,2026-02-24,ethusdt,binance,buy,60,583,-0.7898356137930951,13.022351879937451
validation,2026-02-24,ethusdt,binance,sell,60,961,-1.7852745792230114,24.188977863650834
validation,2026-02-24,ethusdt,binance,buy,120,583,-1.1940465808842127,18.844150750641678
validation,2026-02-24,ethusdt,binance,sell,120,961,-0.5304737877881562,31.283015902996752
validation,2026-02-24,ethusdt,binance,buy,300,583,0.7220695476534712,26.261777515316783
validation,2026-02-24,ethusdt,binance,sell,300,961,4.888427344897194,48.314620018655184
validation,2026-02-24,ethusdt,bybit,buy,-300,293,-45.618486222467844,35.852085682305976
validation,2026-02-24,ethusdt,bybit,sell,-300,1345,114.29396104041217,66.75082844113354
validation,2026-02-24,ethusdt,bybit,buy,-120,293,-32.994256476613224,22.905700424691837
validation,2026-02-24,ethusdt,bybit,sell,-120,1345,84.55182233048059,53.065475565400526
validation,2026-02-24,ethusdt,bybit,buy,-60,293,-28.390362836295765,19.342432722337307
validation,2026-02-24,ethusdt,bybit,sell,-60,1345,72.85412197736875,45.16656937748534
validation,2026-02-24,ethusdt,bybit,buy,-30,293,-21.997261719815455,17.33083130198011
validation,2026-02-24,ethusdt,bybit,sell,-30,1345,53.24314811680325,37.047205327661494
validation,2026-02-24,ethusdt,bybit,buy,-10,293,-13.479733813022932,10.541458400790797
validation,2026-02-24,ethusdt,bybit,sell,-10,1345,31.95417835690296,29.31351431945934
validation,2026-02-24,ethusdt,bybit,buy,-5,293,-9.522290901988496,7.79249193722149
validation,2026-02-24,ethusdt,bybit,sell,-5,1345,26.966709626079215,26.33821481742774
validation,2026-02-24,ethusdt,bybit,buy,-1,293,-1.304933585221328,4.248252885696421
validation,2026-02-24,ethusdt,bybit,sell,-1,1345,4.667269948590147,8.442497275232231
validation,2026-02-24,ethusdt,bybit,buy,0,293,0.0,0.0
validation,2026-02-24,ethusdt,bybit,sell,0,1345,0.0,0.0
validation,2026-02-24,ethusdt,bybit,buy,1,293,0.017483843823420653,3.322574875566794
validation,2026-02-24,ethusdt,bybit,sell,1,1345,-2.6653959374172547,8.425922453165693
validation,2026-02-24,ethusdt,bybit,buy,5,293,-1.3438448986840177,8.034556321015595
validation,2026-02-24,ethusdt,bybit,sell,5,1345,1.825160827803525,15.705884475939511
validation,2026-02-24,ethusdt,bybit,buy,10,293,-2.0666307163246302,10.119538686659398
validation,2026-02-24,ethusdt,bybit,sell,10,1345,-1.3722058110666722,18.64492560751893
validation,2026-02-24,ethusdt,bybit,buy,30,293,-2.7000366633662334,11.212170032667558
validation,2026-02-24,ethusdt,bybit,sell,30,1345,-4.884057412381105,34.26724258656612
validation,2026-02-24,ethusdt,bybit,buy,60,293,-1.8136482442559412,14.869057457383045
validation,2026-02-24,ethusdt,bybit,sell,60,1345,-9.400410616602574,49.29358312765479
validation,2026-02-24,ethusdt,bybit,buy,120,293,-0.9318743241126137,20.764417910412746
validation,2026-02-24,ethusdt,bybit,sell,120,1345,-5.751453124361164,57.36548796325212
validation,2026-02-24,ethusdt,bybit,buy,300,293,0.10587426416584712,27.804114047329872
validation,2026-02-24,ethusdt,bybit,sell,300,1345,38.230072668494486,57.95337214751679
validation,2026-02-25,ethusdt,binance,buy,-300,1360,-48.12342721323998,55.153584971891405
validation,2026-02-25,ethusdt,binance,sell,-300,731,25.612329485043794,48.336186529779866
validation,2026-02-25,ethusdt,binance,buy,-120,1360,-37.24233871638074,40.42414088689842
validation,2026-02-25,ethusdt,binance,sell,-120,731,24.47133891709734,28.994481020052067
validation,2026-02-25,ethusdt,binance,buy,-60,1360,-28.318798184356048,28.824894376860613
validation,2026-02-25,ethusdt,binance,sell,-60,731,21.30537534477635,21.758489466823963
validation,2026-02-25,ethusdt,binance,buy,-30,1360,-20.300472988182214,20.786113033550503
validation,2026-02-25,ethusdt,binance,sell,-30,731,14.937547387562075,14.954098900794408
validation,2026-02-25,ethusdt,binance,buy,-10,1360,-11.42263937411329,13.393881480569306
validation,2026-02-25,ethusdt,binance,sell,-10,731,8.116053498667682,9.044709118535575
validation,2026-02-25,ethusdt,binance,buy,-5,1360,-7.510194100728447,10.435883708558224
validation,2026-02-25,ethusdt,binance,sell,-5,731,4.815527240158487,6.690794129488087
validation,2026-02-25,ethusdt,binance,buy,-1,1360,-0.5653098977976891,4.8199964836350935
validation,2026-02-25,ethusdt,binance,sell,-1,731,0.25276727324740095,2.5353357578419233
validation,2026-02-25,ethusdt,binance,buy,0,1360,0.0,0.0
validation,2026-02-25,ethusdt,binance,sell,0,731,0.0,0.0
validation,2026-02-25,ethusdt,binance,buy,1,1360,0.16211553218348543,4.3135060450776415
validation,2026-02-25,ethusdt,binance,sell,1,731,-0.1769473131185718,2.583734966798211
validation,2026-02-25,ethusdt,binance,buy,5,1360,0.7024161235052766,10.472115881213176
validation,2026-02-25,ethusdt,binance,sell,5,731,-0.6376520712992286,5.575175616190734
validation,2026-02-25,ethusdt,binance,buy,10,1360,1.5757298120891543,14.13267280619385
validation,2026-02-25,ethusdt,binance,sell,10,731,-0.6481288417903172,7.843207091708753
validation,2026-02-25,ethusdt,binance,buy,30,1360,3.8888281185907423,23.5081892510323
validation,2026-02-25,ethusdt,binance,sell,30,731,-1.2281025936354046,11.898208676807398
validation,2026-02-25,ethusdt,binance,buy,60,1360,5.560638448769243,32.540908364288775
validation,2026-02-25,ethusdt,binance,sell,60,731,-1.710566965630097,15.543661928236757
validation,2026-02-25,ethusdt,binance,buy,120,1360,9.095097641660919,47.00838516171944
validation,2026-02-25,ethusdt,binance,sell,120,731,-1.2991249398851263,21.00471543985996
validation,2026-02-25,ethusdt,binance,buy,300,1360,10.617393606324157,55.08429791228175
validation,2026-02-25,ethusdt,binance,sell,300,731,4.78734040334088,29.501446236263657
validation,2026-02-25,ethusdt,bybit,buy,-300,2815,-125.92187293562574,95.10427424038133
validation,2026-02-25,ethusdt,bybit,sell,-300,331,31.562888991380575,66.64472588528713
validation,2026-02-25,ethusdt,bybit,buy,-120,2815,-99.34386160601159,80.779712487058
validation,2026-02-25,ethusdt,bybit,sell,-120,331,26.374255435134533,47.4021756161978
validation,2026-02-25,ethusdt,bybit,buy,-60,2815,-74.51991965987074,54.76522362217009
validation,2026-02-25,ethusdt,bybit,sell,-60,331,25.063206820140632,36.56434408670126
validation,2026-02-25,ethusdt,bybit,buy,-30,2815,-57.07263554517276,45.48935128777024
validation,2026-02-25,ethusdt,bybit,sell,-30,331,16.91568686909791,25.81778338777368
validation,2026-02-25,ethusdt,bybit,buy,-10,2815,-37.536674433841256,32.83046039932162
validation,2026-02-25,ethusdt,bybit,sell,-10,331,9.425211710152043,15.14066045311273
validation,2026-02-25,ethusdt,bybit,buy,-5,2815,-29.417064639656978,25.825542838987456
validation,2026-02-25,ethusdt,bybit,sell,-5,331,6.916256479904566,10.422912970375279
validation,2026-02-25,ethusdt,bybit,buy,-1,2815,-4.880461769553087,11.923923209058653
validation,2026-02-25,ethusdt,bybit,sell,-1,331,0.6655132069038384,3.865226898578275
validation,2026-02-25,ethusdt,bybit,buy,0,2815,0.0,0.0
validation,2026-02-25,ethusdt,bybit,sell,0,331,0.0,0.0
validation,2026-02-25,ethusdt,bybit,buy,1,2815,0.4190392643709591,10.658570996802455
validation,2026-02-25,ethusdt,bybit,sell,1,331,-0.6246909195992649,3.942035648189188
validation,2026-02-25,ethusdt,bybit,buy,5,2815,-0.7917790716569558,24.590177747597565
validation,2026-02-25,ethusdt,bybit,sell,5,331,-0.9937116554254478,7.540946943782893
validation,2026-02-25,ethusdt,bybit,buy,10,2815,-1.806414234186116,25.896053091350478
validation,2026-02-25,ethusdt,bybit,sell,10,331,-1.2726004983394603,9.322789066511113
validation,2026-02-25,ethusdt,bybit,buy,30,2815,9.014041649360179,37.08573019501866
validation,2026-02-25,ethusdt,bybit,sell,30,331,-0.9145489999366292,15.39742744052586
validation,2026-02-25,ethusdt,bybit,buy,60,2815,6.466824756651473,50.51962928095673
validation,2026-02-25,ethusdt,bybit,sell,60,331,-0.19270687153615523,19.180919135957627
validation,2026-02-25,ethusdt,bybit,buy,120,2815,4.31213816626654,72.74757977059694
validation,2026-02-25,ethusdt,bybit,sell,120,331,-0.21264172298967438,25.71929373129737
validation,2026-02-25,ethusdt,bybit,buy,300,2815,-3.187820998208711,63.46077796293726
validation,2026-02-25,ethusdt,bybit,sell,300,331,1.5864424093916891,33.117742268555006
validation,2026-02-26,ethusdt,binance,buy,-300,798,-22.997614879591115,29.468439230624945
validation,2026-02-26,ethusdt,binance,sell,-300,787,38.03565460682241,35.924630440992274
validation,2026-02-26,ethusdt,binance,buy,-120,796,-21.55079111806118,18.43689131867569
validation,2026-02-26,ethusdt,binance,sell,-120,787,27.609344585069763,26.014164833764102
validation,2026-02-26,ethusdt,binance,buy,-60,797,-18.038994006452306,14.998437781592116
validation,2026-02-26,ethusdt,binance,sell,-60,787,21.791292323174012,19.47403865683694
validation,2026-02-26,ethusdt,binance,buy,-30,797,-14.467286923650663,12.59903747659767
validation,2026-02-26,ethusdt,binance,sell,-30,787,15.643800455924504,15.120441306520387
validation,2026-02-26,ethusdt,binance,buy,-10,798,-8.46025722453937,8.81091391146685
validation,2026-02-26,ethusdt,binance,sell,-10,787,8.525991150875807,9.318863561239748
validation,2026-02-26,ethusdt,binance,buy,-5,798,-5.58967566292898,6.945066938491965
validation,2026-02-26,ethusdt,binance,sell,-5,787,5.183684200969873,6.1952784727198615
validation,2026-02-26,ethusdt,binance,buy,-1,798,-0.35052505846773846,2.7341908148735006
validation,2026-02-26,ethusdt,binance,sell,-1,787,0.21344297530675907,2.590923711049115
validation,2026-02-26,ethusdt,binance,buy,0,798,0.0,0.0
validation,2026-02-26,ethusdt,binance,sell,0,787,0.0,0.0
validation,2026-02-26,ethusdt,binance,buy,1,798,-0.052396643943541106,2.505888231397676
validation,2026-02-26,ethusdt,binance,sell,1,787,0.05567605532928926,2.7907424996764147
validation,2026-02-26,ethusdt,binance,buy,5,798,-0.2157217440462986,5.0133974835727075
validation,2026-02-26,ethusdt,binance,sell,5,787,0.06452878664340557,5.578579792358302
validation,2026-02-26,ethusdt,binance,buy,10,798,-0.5587620450737643,6.735324797519081
validation,2026-02-26,ethusdt,binance,sell,10,787,-0.05535942698564949,7.65230487217458
validation,2026-02-26,ethusdt,binance,buy,30,798,-1.578980520850882,9.44009193031923
validation,2026-02-26,ethusdt,binance,sell,30,787,0.21051080676276201,12.722701095230386
validation,2026-02-26,ethusdt,binance,buy,60,795,-2.350340268542644,12.39777015739943
validation,2026-02-26,ethusdt,binance,sell,60,787,0.1321193058618251,16.335694516387775
validation,2026-02-26,ethusdt,binance,buy,120,794,-4.102679463187993,17.460930754425778
validation,2026-02-26,ethusdt,binance,sell,120,787,0.5538581960441851,21.30522528890146
validation,2026-02-26,ethusdt,binance,buy,300,798,-7.269156695700626,23.16442664417523
validation,2026-02-26,ethusdt,binance,sell,300,787,0.09193536640279734,25.668161106796674
validation,2026-02-26,ethusdt,bybit,buy,-300,453,-47.11580776832666,32.698952640695055
validation,2026-02-26,ethusdt,bybit,sell,-300,625,64.41117835713426,40.71202857558963
validation,2026-02-26,ethusdt,bybit,buy,-120,453,-37.687181698496026,23.206338745434746
validation,2026-02-26,ethusdt,bybit,sell,-120,625,48.21308009204826,30.491780750571955
validation,2026-02-26,ethusdt,bybit,buy,-60,453,-28.653337241237203,17.91534064649916
validation,2026-02-26,ethusdt,bybit,sell,-60,625,39.02495846418018,23.515805047209163
validation,2026-02-26,ethusdt,bybit,buy,-30,453,-23.832741346550293,17.23362887882084
validation,2026-02-26,ethusdt,bybit,sell,-30,625,30.192254680505908,20.86820910294852
validation,2026-02-26,ethusdt,bybit,buy,-10,453,-18.203702935775233,16.289095926064103
validation,2026-02-26,ethusdt,bybit,sell,-10,625,19.511590159646065,17.98247181367564
validation,2026-02-26,ethusdt,bybit,buy,-5,453,-14.45045297771936,15.895698154268098
validation,2026-02-26,ethusdt,bybit,sell,-5,625,14.321623095937067,15.879425638901914
validation,2026-02-26,ethusdt,bybit,buy,-1,453,-2.637975150328068,6.506015508219876
validation,2026-02-26,ethusdt,bybit,sell,-1,625,0.7149611412252266,5.8152527497633715
validation,2026-02-26,ethusdt,bybit,buy,0,453,0.0,0.0
validation,2026-02-26,ethusdt,bybit,sell,0,625,0.0,0.0
validation,2026-02-26,ethusdt,bybit,buy,1,453,-0.20211545613141418,4.7350878784885
validation,2026-02-26,ethusdt,bybit,sell,1,625,0.11450634908485019,4.644882047025905
validation,2026-02-26,ethusdt,bybit,buy,5,453,-2.172625672354701,8.626899770786665
validation,2026-02-26,ethusdt,bybit,sell,5,625,0.04816294967609847,7.947823416412225
validation,2026-02-26,ethusdt,bybit,buy,10,453,-3.045251736754487,8.45224497187305
validation,2026-02-26,ethusdt,bybit,sell,10,625,-0.7802334584143508,9.620948136526737
validation,2026-02-26,ethusdt,bybit,buy,30,453,-4.205876707354075,10.572609194130388
validation,2026-02-26,ethusdt,bybit,sell,30,625,-0.8492778202998372,15.834603430957758
validation,2026-02-26,ethusdt,bybit,buy,60,453,-8.235705556802376,14.047846936560983
validation,2026-02-26,ethusdt,bybit,sell,60,625,-2.0872977946616373,21.794238691967713
validation,2026-02-26,ethusdt,bybit,buy,120,453,-9.524394501035774,22.833637853090664
validation,2026-02-26,ethusdt,bybit,sell,120,625,-3.26569302776103,27.1526515299153
validation,2026-02-26,ethusdt,bybit,buy,300,453,-13.719051546642088,23.58102628780529
validation,2026-02-26,ethusdt,bybit,sell,300,625,-1.479504052761511,27.374375534242358
validation,2026-02-27,ethusdt,binance,buy,-300,547,-26.844187306161608,22.222873606992106
validation,2026-02-27,ethusdt,binance,sell,-300,1055,33.71981271614714,25.406878886698255
validation,2026-02-27,ethusdt,binance,buy,-120,547,-21.623945292553557,16.684762321707677
validation,2026-02-27,ethusdt,binance,sell,-120,1055,26.282242573388693,21.619633122297003
validation,2026-02-27,ethusdt,binance,buy,-60,547,-18.92016053094661,14.157475047385926
validation,2026-02-27,ethusdt,binance,sell,-60,1055,20.404600513371427,17.924434632077986
validation,2026-02-27,ethusdt,binance,buy,-30,547,-14.303697281391392,11.567108768725475
validation,2026-02-27,ethusdt,binance,sell,-30,1055,14.210704101895146,13.645107257394558
validation,2026-02-27,ethusdt,binance,buy,-10,547,-7.816005996503962,7.2308655915137505
validation,2026-02-27,ethusdt,binance,sell,-10,1055,7.7807668470745845,8.85826214249402
validation,2026-02-27,ethusdt,binance,buy,-5,547,-5.218433291505851,5.651128013264782
validation,2026-02-27,ethusdt,binance,sell,-5,1055,5.006603720502549,6.805321530206594
validation,2026-02-27,ethusdt,binance,buy,-1,547,-0.21453798848653824,2.461221793484477
validation,2026-02-27,ethusdt,binance,sell,-1,1055,0.14364409011476864,2.8685577983883483
validation,2026-02-27,ethusdt,binance,buy,0,547,0.0,0.0
validation,2026-02-27,ethusdt,binance,sell,0,1055,0.0,0.0
validation,2026-02-27,ethusdt,binance,buy,1,547,0.09415606123149536,2.3249271293357645
validation,2026-02-27,ethusdt,binance,sell,1,1055,-0.04809035876015199,3.044445875506641
validation,2026-02-27,ethusdt,binance,buy,5,547,0.15144628024920273,4.568974676490189
validation,2026-02-27,ethusdt,binance,sell,5,1055,0.07210230195935272,7.1243627755573895
validation,2026-02-27,ethusdt,binance,buy,10,547,-0.2167124780920683,6.626201570832708
validation,2026-02-27,ethusdt,binance,sell,10,1055,0.13854944416362672,8.737487357661028
validation,2026-02-27,ethusdt,binance,buy,30,547,-0.4105374549835149,11.129117212686195
validation,2026-02-27,ethusdt,binance,sell,30,1055,0.03746293302547304,13.123784568078209
validation,2026-02-27,ethusdt,binance,buy,60,547,-2.224741384471266,12.273797059991214
validation,2026-02-27,ethusdt,binance,sell,60,1055,1.0103929107249818,15.731829398522404
validation,2026-02-27,ethusdt,binance,buy,120,547,-3.4445807006223386,14.082321365709904
validation,2026-02-27,ethusdt,binance,sell,120,1055,1.5298640198740268,19.918342873457167
validation,2026-02-27,ethusdt,binance,buy,300,547,-3.9810314815874412,22.93260665381677
validation,2026-02-27,ethusdt,binance,sell,300,1055,2.755507182099604,25.737767125928922
validation,2026-02-27,ethusdt,bybit,buy,-300,277,-43.390967648943025,17.96055213093144
validation,2026-02-27,ethusdt,bybit,sell,-300,1319,60.571945175838565,33.04380470455948
validation,2026-02-27,ethusdt,bybit,buy,-120,277,-36.466616393956045,18.81411086069752
validation,2026-02-27,ethusdt,bybit,sell,-120,1319,52.69101838356959,37.42454932530043
validation,2026-02-27,ethusdt,bybit,buy,-60,277,-32.71516915966623,19.69231195059587
validation,2026-02-27,ethusdt,bybit,sell,-60,1319,44.84533067661935,35.13163136347328
validation,2026-02-27,ethusdt,bybit,buy,-30,277,-26.217638930443346,16.321010816258365
validation,2026-02-27,ethusdt,bybit,sell,-30,1319,37.095157231536035,33.66632603569732
validation,2026-02-27,ethusdt,bybit,buy,-10,277,-17.369848134845274,13.460850738576667
validation,2026-02-27,ethusdt,bybit,sell,-10,1319,26.70471954996166,26.751696092027508
validation,2026-02-27,ethusdt,bybit,buy,-5,277,-13.093505251123087,11.881630721133313
validation,2026-02-27,ethusdt,bybit,sell,-5,1319,20.611310341576488,22.48129255914814
validation,2026-02-27,ethusdt,bybit,buy,-1,277,-1.880274961539343,6.37553522702716
validation,2026-02-27,ethusdt,bybit,sell,-1,1319,2.8306372799846717,8.348196445459198
validation,2026-02-27,ethusdt,bybit,buy,0,277,0.0,0.0
validation,2026-02-27,ethusdt,bybit,sell,0,1319,0.0,0.0
validation,2026-02-27,ethusdt,bybit,buy,1,277,-0.4959489435675419,3.5435934426269466
validation,2026-02-27,ethusdt,bybit,sell,1,1319,-0.6117653296137946,6.774679383403919
validation,2026-02-27,ethusdt,bybit,buy,5,277,0.13813537668069314,5.139787684463938
validation,2026-02-27,ethusdt,bybit,sell,5,1319,2.979853792711937,13.517956458673446
validation,2026-02-27,ethusdt,bybit,buy,10,277,1.3310362825940445,6.755949452396708
validation,2026-02-27,ethusdt,bybit,sell,10,1319,5.302345897444173,14.728171259162215
validation,2026-02-27,ethusdt,bybit,buy,30,277,0.92001802364671,12.221070969094473
validation,2026-02-27,ethusdt,bybit,sell,30,1319,-1.9345245443124062,26.622042051873414
validation,2026-02-27,ethusdt,bybit,buy,60,277,-7.343304821520628,14.822345094871679
validation,2026-02-27,ethusdt,bybit,sell,60,1319,7.290858054258969,22.185601387519704
validation,2026-02-27,ethusdt,bybit,buy,120,277,-9.339610013051958,14.165996794598316
validation,2026-02-27,ethusdt,bybit,sell,120,1319,14.949367378435273,28.798928256242384
validation,2026-02-27,ethusdt,bybit,buy,300,277,-10.37990007624251,22.87405346492815
validation,2026-02-27,ethusdt,bybit,sell,300,1319,23.144354939147362,36.8627311381296
validation,2026-02-28,ethusdt,binance,buy,-300,995,-38.53738235776896,39.8735482083853
validation,2026-02-28,ethusdt,binance,sell,-300,1067,42.679316424480966,44.885931274466216
validation,2026-02-28,ethusdt,binance,buy,-120,995,-32.879784117193644,27.104967016075562
validation,2026-02-28,ethusdt,binance,sell,-120,1067,32.232393058466094,27.394640564782396
validation,2026-02-28,ethusdt,binance,buy,-60,995,-26.189258218889325,21.074211166761394
validation,2026-02-28,ethusdt,binance,sell,-60,1067,24.49892086434104,20.05324313443128
validation,2026-02-28,ethusdt,binance,buy,-30,995,-19.562843173871393,15.708561033202107
validation,2026-02-28,ethusdt,binance,sell,-30,1067,16.99604722769726,13.981387486149861
validation,2026-02-28,ethusdt,binance,buy,-10,995,-11.331521112256048,10.141771197756178
validation,2026-02-28,ethusdt,binance,sell,-10,1067,9.154120619210188,9.288654325196415
validation,2026-02-28,ethusdt,binance,buy,-5,995,-7.522632983537739,8.134604643261987
validation,2026-02-28,ethusdt,binance,sell,-5,1067,5.65623448189048,6.9882626738731135
validation,2026-02-28,ethusdt,binance,buy,-1,995,-0.3693169437137072,4.096725128212358
validation,2026-02-28,ethusdt,binance,sell,-1,1067,0.23276672912911506,2.9318007490724245
validation,2026-02-28,ethusdt,binance,buy,0,995,0.0,0.0
validation,2026-02-28,ethusdt,binance,sell,0,1067,0.0,0.0
validation,2026-02-28,ethusdt,binance,buy,1,995,-0.019078932003311712,4.025844945694357
validation,2026-02-28,ethusdt,binance,sell,1,1067,0.06618351469187188,2.903490987821113
validation,2026-02-28,ethusdt,binance,buy,5,995,0.214599703649784,7.836287700413246
validation,2026-02-28,ethusdt,binance,sell,5,1067,-0.07048055824553225,6.825127253439201
validation,2026-02-28,ethusdt,binance,buy,10,995,0.3027180336872132,9.720636997013948
validation,2026-02-28,ethusdt,binance,sell,10,1067,-0.5636743714049997,8.789868649384424
validation,2026-02-28,ethusdt,binance,buy,30,995,1.3885781543521938,16.855690124711646
validation,2026-02-28,ethusdt,binance,sell,30,1067,-1.7953933506887068,16.422079226565447
validation,2026-02-28,ethusdt,binance,buy,60,995,0.9175912523303988,21.392124954689262
validation,2026-02-28,ethusdt,binance,sell,60,1067,-2.922907394406493,21.877400703344982
validation,2026-02-28,ethusdt,binance,buy,120,995,-1.2313167250141837,27.86995181144862
validation,2026-02-28,ethusdt,binance,sell,120,1067,-2.7907726137068676,31.05094309822943
validation,2026-02-28,ethusdt,binance,buy,300,995,-3.4364582281516367,38.769288306760814
validation,2026-02-28,ethusdt,binance,sell,300,1067,2.2249179049453978,40.82501179798475
validation,2026-02-28,ethusdt,bybit,buy,-300,1058,-70.45339276004735,39.80455576840665
validation,2026-02-28,ethusdt,bybit,sell,-300,1385,89.67074056567638,53.678916875265315
validation,2026-02-28,ethusdt,bybit,buy,-120,1058,-58.255992936692785,33.12327342255565
validation,2026-02-28,ethusdt,bybit,sell,-120,1385,60.947512682535354,33.51712195817765
validation,2026-02-28,ethusdt,bybit,buy,-60,1058,-47.520435336444024,31.90934669081161
validation,2026-02-28,ethusdt,bybit,sell,-60,1385,46.31819414252672,26.09677964646951
validation,2026-02-28,ethusdt,bybit,buy,-30,1058,-34.01141770484042,22.020116269933762
validation,2026-02-28,ethusdt,bybit,sell,-30,1385,31.8768301187464,18.636013530561076
validation,2026-02-28,ethusdt,bybit,buy,-10,1058,-20.558275553480758,16.509516307999768
validation,2026-02-28,ethusdt,bybit,sell,-10,1385,20.093692681206118,14.636788750365833
validation,2026-02-28,ethusdt,bybit,buy,-5,1058,-16.338535839085917,14.125298992104169
validation,2026-02-28,ethusdt,bybit,sell,-5,1385,14.790563764965025,12.54808402106696
validation,2026-02-28,ethusdt,bybit,buy,-1,1058,-1.5230417301938746,7.150843814671874
validation,2026-02-28,ethusdt,bybit,sell,-1,1385,2.0872380809721216,6.136570150856621
validation,2026-02-28,ethusdt,bybit,buy,0,1058,0.0,0.0
validation,2026-02-28,ethusdt,bybit,sell,0,1385,0.0,0.0
validation,2026-02-28,ethusdt,bybit,buy,1,1058,-0.8690087394418393,6.247237423192142
validation,2026-02-28,ethusdt,bybit,sell,1,1385,-0.06528308452130607,5.616180672406304
validation,2026-02-28,ethusdt,bybit,buy,5,1058,-2.676216401170044,10.716641177579694
validation,2026-02-28,ethusdt,bybit,sell,5,1385,-0.17592543140319045,10.191466968995751
validation,2026-02-28,ethusdt,bybit,buy,10,1058,-1.4914802881958231,12.215936178332859
validation,2026-02-28,ethusdt,bybit,sell,10,1385,-0.30620410127537256,12.404393653627045
validation,2026-02-28,ethusdt,bybit,buy,30,1058,0.27911703369013385,26.19970078891024
validation,2026-02-28,ethusdt,bybit,sell,30,1385,4.98447232173509,25.62520184220635
validation,2026-02-28,ethusdt,bybit,buy,60,1058,-3.0552552512792035,30.49561893095265
validation,2026-02-28,ethusdt,bybit,sell,60,1385,7.035307645315625,33.72036007358778
validation,2026-02-28,ethusdt,bybit,buy,120,1058,-10.262285687427859,30.283591379949815
validation,2026-02-28,ethusdt,bybit,sell,120,1385,9.850900384213181,43.26868074358489
validation,2026-02-28,ethusdt,bybit,buy,300,1058,-1.290439609680158,44.46776677341961
validation,2026-02-28,ethusdt,bybit,sell,300,1385,17.438192618239317,50.86918730285442
